x,y,z,rho,p,is_boundary,kind
0.182508,0.310479,0.282566,55177.3,3.25664e+06,0,0
0.184366,0.310881,0.290812,61770,3.6522e+06,0,0
0.183926,0.311512,0.302364,70443.3,4.1726e+06,0,0
0.185541,0.309142,0.31662,79447.6,4.71286e+06,0,0
0.181972,0.307638,0.328801,85165.7,5.05594e+06,0,0
0.185284,0.3107,0.340125,88776,5.27256e+06,0,0
0.18307,0.30924,0.351008,89701.8,5.32811e+06,0,0
0.185163,0.309673,0.359747,88847.2,5.27683e+06,0,0
0.184764,0.310268,0.369743,86211.4,5.11868e+06,0,0
0.185698,0.308938,0.383861,79471.2,4.71427e+06,0,0
0.182713,0.311603,0.395415,72393,4.28958e+06,0,0
0.182138,0.310188,0.41759,55445.5,3.27273e+06,0,0
0.183895,0.310774,0.417518,55538.5,3.27831e+06,0,0
0.182898,0.311036,0.2821,54806.3,3.23438e+06,0,0
0.182316,0.310605,0.282705,55297.3,3.26384e+06,0,0
0.184405,0.310742,0.306619,73356.8,4.34741e+06,0,0
0.185604,0.308864,0.313461,77569.9,4.6002e+06,0,0
0.185564,0.309394,0.326447,84377.6,5.00866e+06,0,0
0.184485,0.309536,0.344225,89368,5.30808e+06,0,0
0.183887,0.308264,0.350356,89594.3,5.32166e+06,0,0
0.185011,0.31114,0.362988,88261.9,5.24171e+06,0,0
0.183672,0.309071,0.372322,85161.2,5.05567e+06,0,0
0.181989,0.310759,0.38156,80904.5,4.80027e+06,0,0
0.183646,0.311885,0.398004,70591.2,4.18147e+06,0,0
0.182059,0.310535,0.413464,58788.3,3.4733e+06,0,0
0.184463,0.310347,0.417447,55567.8,3.28007e+06,0,0
0.184445,0.310737,0.282403,55053.1,3.24919e+06,0,0
0.180682,0.309585,0.28274,55196.6,3.25779e+06,0,0
0.184401,0.311127,0.302596,70587.9,4.18128e+06,0,0
0.183654,0.310227,0.32074,81803.6,4.85422e+06,0,0
0.184193,0.309164,0.330496,86019.9,5.10719e+06,0,0
0.182498,0.308844,0.341732,88951.3,5.28308e+06,0,0
0.182349,0.309061,0.350269,89669,5.32614e+06,0,0
0.184963,0.309826,0.359355,88939.3,5.28236e+06,0,0
0.184761,0.310158,0.369062,86444.2,5.13265e+06,0,0
0.181089,0.310769,0.386117,78279.2,4.64275e+06,0,0
0.183624,0.311785,0.401293,68213.9,4.03884e+06,0,0
0.183913,0.310902,0.412728,59405.9,3.51036e+06,0,0
0.183146,0.310962,0.417687,55410.7,3.27064e+06,0,0
0.184358,0.307904,0.282597,55040.3,3.24842e+06,0,0
0.184185,0.311324,0.288816,60219.7,3.55918e+06,0,0
0.18425,0.311232,0.301298,69669.8,4.12619e+06,0,0
0.181379,0.310438,0.313777,77873,4.61838e+06,0,0
0.183087,0.309451,0.325775,83951.3,4.98308e+06,0,0
0.183551,0.309143,0.340523,88789.7,5.27338e+06,0,0
0.184202,0.309707,0.348332,89706.4,5.32839e+06,0,0
0.184097,0.308923,0.364566,87739.2,5.21035e+06,0,0
0.18382,0.310362,0.371455,85604,5.08224e+06,0,0
0.184782,0.309825,0.383007,80074,4.75044e+06,0,0
0.184059,0.311587,0.393149,73930.3,4.38182e+06,0,0
0.183804,0.311016,0.416105,56697.2,3.34783e+06,0,0
0.18407,0.311063,0.417476,55576.9,3.28061e+06,0,0
0.181217,0.31006,0.282517,55076.3,3.25058e+06,0,0
0.184524,0.310676,0.289649,60848,3.59688e+06,0,0
0.184373,0.310619,0.309154,75032.4,4.44795e+06,0,0
0.184475,0.3107,0.31459,78414.8,4.65089e+06,0,0
0.18518,0.308935,0.327099,84632,5.02392e+06,0,0
0.184425,0.311044,0.338118,88405.3,5.25032e+06,0,0
0.182884,0.308047,0.35322,89479.4,5.31476e+06,0,0
0.182883,0.307504,0.360034,88576.8,5.26061e+06,0,0
0.185179,0.310348,0.37342,84771.9,5.03231e+06,0,0
0.182617,0.310611,0.385941,78446.8,4.65281e+06,0,0
0.183731,0.311632,0.399768,69322.9,4.10537e+06,0,0
0.182607,0.31126,0.407269,63690.9,3.76746e+06,0,0
0.182125,0.310677,0.417489,55543.8,3.27863e+06,0,0
0.185671,0.30865,0.281813,54434.2,3.21205e+06,0,0
0.183569,0.311013,0.284758,56980.7,3.36484e+06,0,0
0.183859,0.311017,0.30857,74678.6,4.42672e+06,0,0
0.18134,0.309788,0.316264,79284.2,4.70305e+06,0,0
0.184037,0.309301,0.33118,86280.4,5.12282e+06,0,0
0.181872,0.30766,0.335824,87487.5,5.19525e+06,0,0
0.183891,0.310617,0.351835,89785.6,5.33314e+06,0,0
0.184738,0.310338,0.365159,87675,5.2065e+06,0,0
0.182416,0.309063,0.374446,84045.3,4.98872e+06,0,0
0.182896,0.311058,0.385563,78694.2,4.66765e+06,0,0
0.183948,0.311229,0.395298,72466.2,4.29397e+06,0,0
0.183295,0.311546,0.407358,63638,3.76428e+06,0,0
0.182565,0.309727,0.419635,53769.9,3.17219e+06,0,0
0.184146,0.310455,0.280449,53465.7,3.15394e+06,0,0
0.182037,0.310121,0.282731,55282.6,3.26295e+06,0,0
0.183884,0.311276,0.302799,70746.9,4.19081e+06,0,0
0.183117,0.310448,0.319434,81138.5,4.81431e+06,0,0
0.185482,0.309672,0.326422,84395.2,5.00971e+06,0,0
0.184429,0.308268,0.340604,88688,5.26728e+06,0,0
0.185493,0.310088,0.353499,89613.2,5.32279e+06,0,0
0.184263,0.311484,0.359659,88995.2,5.28571e+06,0,0
0.184872,0.310608,0.369652,86258.4,5.12150e+06,0,0
0.180963,0.310178,0.387936,77140.4,4.57442e+06,0,0
0.183588,0.311621,0.398386,70315.9,4.16495e+06,0,0
0.184119,0.311637,0.4072,63755.2,3.77131e+06,0,0
0.183674,0.31109,0.417754,55359.1,3.26755e+06,0,0
0.183468,0.310155,0.28192,54652.9,3.22518e+06,0,0
0.181922,0.310541,0.28857,59981.6,3.5449e+06,0,0
0.180794,0.310515,0.308088,74243,4.40058e+06,0,0
0.185485,0.308531,0.316876,79534.4,4.71806e+06,0,0
0.184123,0.308703,0.327043,84623.8,5.02343e+06,0,0
0.185663,0.308901,0.340522,88684.1,5.26704e+06,0,0
0.185173,0.309551,0.351817,89667.9,5.32607e+06,0,0
0.184288,0.311763,0.361248,88692.7,5.26756e+06,0,0
0.185358,0.309263,0.373232,84756.8,5.03141e+06,0,0
0.182643,0.31014,0.385118,78734.7,4.67008e+06,0,0
0.184699,0.3107,0.394153,73206.9,4.33841e+06,0,0
0.182929,0.310726,0.418731,54557.4,3.21944e+06,0,0
0.432305,0.153026,0.42881,130.192,0,0,0
0.185564,0.308802,0.282581,55066.2,3.24997e+06,0,0
0.180396,0.310731,0.292733,63152.7,3.73516e+06,0,0
0.183885,0.3109,0.302123,70255.3,4.16132e+06,0,0
0.18124,0.309536,0.31591,79055.3,4.68932e+06,0,0
0.185027,0.310589,0.329576,85753.3,5.0912e+06,0,0
0.184172,0.310781,0.338899,88575.1,5.26051e+06,0,0
0.184655,0.310974,0.350339,89791.9,5.33351e+06,0,0
0.18298,0.30827,0.35712,89147.8,5.29487e+06,0,0
0.182217,0.309971,0.372603,85094.4,5.05166e+06,0,0
0.181343,0.308556,0.380309,81346.8,4.82681e+06,0,0
0.184088,0.311308,0.39637,71723.9,4.24943e+06,0,0
0.180698,0.310024,0.404135,65945.4,3.90273e+06,0,0
0.182885,0.309433,0.417421,55549.3,3.27896e+06,0,0
0.18299,0.309971,0.282492,55093,3.25158e+06,0,0
0.183958,0.31103,0.292899,63400.5,3.75003e+06,0,0
0.183971,0.311325,0.302932,70841,4.19646e+06,0,0
0.183929,0.311205,0.315665,79078,4.69068e+06,0,0
0.185005,0.308653,0.332753,86711.1,5.14867e+06,0,0
0.183416,0.311476,0.337618,88310.5,5.24463e+06,0,0
0.183877,0.309179,0.348949,89683.7,5.32702e+06,0,0
0.181943,0.308106,0.363476,87887,5.21922e+06,0,0
0.181377,0.309776,0.376068,83542.5,4.95855e+06,0,0
0.184353,0.310747,0.380038,81719.2,4.84915e+06,0,0
0.182144,0.311145,0.392295,74470.4,4.41423e+06,0,0
0.182208,0.310219,0.417348,55642.1,3.28453e+06,0,0
0.182735,0.310965,0.417583,55489.4,3.27536e+06,0,0
0.18379,0.311274,0.282451,55115.3,3.25292e+06,0,0
0.181769,0.31194,0.290667,61655.3,3.64532e+06,0,0
0.182646,0.31149,0.306254,73138,4.33428e+06,0,0
0.184652,0.311338,0.316133,79332.2,4.70593e+06,0,0
0.184817,0.310696,0.332141,86669.2,5.14615e+06,0,0
0.182587,0.30797,0.337121,87898.6,5.21992e+06,0,0
0.18508,0.309616,0.350499,89700.2,5.32801e+06,0,0
0.184241,0.307943,0.36418,87715.9,5.20895e+06,0,0
0.184495,0.310264,0.370401,85770.9,5.09226e+06,0,0
0.181483,0.311329,0.381023,81185.5,4.81713e+06,0,0
0.183435,0.311738,0.39973,69353.6,4.10722e+06,0,0
0.183913,0.311232,0.414988,57603.1,3.40219e+06,0,0
0.183371,0.31056,0.41796,55177.6,3.25666e+06,0,0
0.182086,0.311502,0.282408,55063.6,3.24982e+06,0,0
0.183487,0.311628,0.290557,61600.1,3.64201e+06,0,0
0.180035,0.311237,0.301342,69554.2,4.11925e+06,0,0
0.181548,0.309836,0.318849,80733.3,4.79e+06,0,0
0.182461,0.310435,0.327556,84962.1,5.04373e+06,0,0
0.184247,0.310245,0.337553,88220.7,5.23924e+06,0,0
0.184685,0.309178,0.354315,89523.5,5.31741e+06,0,0
0.185442,0.309624,0.356661,89291,5.30346e+06,0,0
0.184592,0.31067,0.376053,83648.3,4.9649e+06,0,0
0.180664,0.309765,0.385031,78821.9,4.67532e+06,0,0
0.183338,0.311838,0.391686,74908.4,4.44050e+06,0,0
0.183264,0.311527,0.406223,64509.8,3.81659e+06,0,0
0.183032,0.311619,0.417424,55631,3.28386e+06,0,0
0.180386,0.310637,0.282183,54783.1,3.23298e+06,0,0
0.183933,0.311434,0.282673,55288.9,3.26333e+06,0,0
0.183012,0.31233,0.303882,71520.5,4.23723e+06,0,0
0.184046,0.311319,0.318356,80591,4.78146e+06,0,0
0.183984,0.31114,0.329758,85870.3,5.09822e+06,0,0
0.185491,0.309927,0.341287,88926.8,5.28161e+06,0,0
0.183733,0.307752,0.345778,89329,5.30574e+06,0,0
0.184766,0.311035,0.359468,88985.7,5.28514e+06,0,0
0.183923,0.311715,0.373754,84717.9,5.02907e+06,0,0
0.183459,0.311707,0.384937,79080.3,4.69082e+06,0,0
0.183938,0.312183,0.397979,70607.8,4.18247e+06,0,0
0.183284,0.311818,0.407321,63669.8,3.76619e+06,0,0
0.183265,0.311638,0.41756,55526.2,3.27757e+06,0,0
0.183168,0.311756,0.282342,55036.9,3.24821e+06,0,0
0.184018,0.311825,0.292292,62947.7,3.72286e+06,0,0
0.183177,0.312242,0.30593,72935.1,4.3221e+06,0,0
0.182572,0.312019,0.315251,78847,4.67682e+06,0,0
0.185208,0.310798,0.32763,84971.2,5.04427e+06,0,0
0.185197,0.310919,0.341412,89023.8,5.28743e+06,0,0
0.18495,0.308397,0.352262,89538.2,5.31829e+06,0,0
0.182531,0.311365,0.364675,87860,5.2176e+06,0,0
0.18548,0.308949,0.371494,85413.5,5.07081e+06,0,0
0.183039,0.31201,0.381452,81024.9,4.80749e+06,0,0
0.183331,0.311868,0.394793,72829.7,4.31578e+06,0,0
0.181743,0.311797,0.414031,58349.7,3.44698e+06,0,0
0.183729,0.311166,0.41755,55525,3.2775e+06,0,0
0.181476,0.311463,0.282297,54954.9,3.24329e+06,0,0
0.183409,0.311916,0.288232,59772.3,3.53234e+06,0,0
0.184091,0.312058,0.306089,73037.8,4.32826e+06,0,0
0.181605,0.311697,0.313163,77559.6,4.59958e+06,0,0
0.181331,0.311371,0.325421,84035.3,4.98812e+06,0,0
0.184643,0.310476,0.339074,88566.1,5.25997e+06,0,0
0.184984,0.311165,0.349427,89777.6,5.33266e+06,0,0
0.183011,0.310697,0.363474,88152.5,5.23515e+06,0,0
0.185017,0.310919,0.37664,83369.8,4.94819e+06,0,0
0.181674,0.311463,0.384574,79239.2,4.70036e+06,0,0
0.182118,0.31233,0.398023,70554.4,4.17926e+06,0,0
0.183154,0.312184,0.4102,61430,3.6318e+06,0,0
0.184147,0.311652,0.417541,55535.9,3.27815e+06,0,0
0.18323,0.313647,0.282652,55259.5,3.26157e+06,0,0
0.181565,0.312794,0.286124,58047.1,3.42882e+06,0,0
0.181046,0.313212,0.306629,73306.6,4.3444e+06,0,0
0.181031,0.313671,0.315991,79157.4,4.69545e+06,0,0
0.182713,0.314518,0.326443,84467.4,5.01405e+06,0,0
0.180349,0.3133,0.335563,87611.5,5.20269e+06,0,0
0.181518,0.313519,0.349281,89744.4,5.33066e+06,0,0
0.183188,0.314465,0.358809,89068.6,5.29011e+06,0,0
0.183511,0.313989,0.376781,83326.7,4.9456e+06,0,0
0.183902,0.312834,0.382975,80189,4.75734e+06,0,0
0.181714,0.313429,0.40158,67946.4,4.02279e+06,0,0
0.181759,0.313203,0.417681,55393.8,3.26963e+06,0,0
0.181911,0.313106,0.419318,54068.2,3.1901e+06,0,0
0.181526,0.312972,0.282038,54741.8,3.23051e+06,0,0
0.18245,0.313052,0.289831,61011.8,3.60671e+06,0,0
0.181475,0.313423,0.301704,69908.2,4.1405e+06,0,0
0.179478,0.312261,0.31761,79957.4,4.74345e+06,0,0
0.183365,0.313081,0.330654,86215.2,5.11891e+06,0,0
0.181006,0.313994,0.340416,88757.2,5.27144e+06,0,0
0.184203,0.31247,0.352888,89774.3,5.33246e+06,0,0
0.180922,0.31361,0.361527,88505.7,5.25634e+06,0,0
0.183644,0.313935,0.370496,85971.3,5.10428e+06,0,0
0.182449,0.31362,0.386405,78175.6,4.63654e+06,0,0
0.182308,0.313644,0.395653,72191.9,4.27751e+06,0,0
0.183111,0.314048,0.413967,58395.4,3.44973e+06,0,0
0.182974,0.312872,0.417729,55386.1,3.26917e+06,0,0
0.181581,0.313141,0.28221,54881.5,3.23889e+06,0,0
0.181818,0.313097,0.289769,60942.8,3.60257e+06,0,0
0.181208,0.312626,0.304596,71791.1,4.25347e+06,0,0
0.18336,0.314019,0.315952,79214.3,4.69886e+06,0,0
0.182207,0.313119,0.327366,84915.2,5.04092e+06,0,0
0.182352,0.313147,0.338298,88445.8,5.25275e+06,0,0
0.179712,0.312394,0.352774,89553.8,5.31923e+06,0,0
0.182165,0.313087,0.36254,88382.1,5.24893e+06,0,0
0.182375,0.313362,0.373168,84933.4,5.042e+06,0,0
0.180159,0.31206,0.385487,78601.9,4.66211e+06,0,0
0.182291,0.313998,0.393927,73352.8,4.34717e+06,0,0
0.181631,0.312833,0.413096,59092.6,3.49156e+06,0,0
0.182754,0.312352,0.41796,55202.2,3.25813e+06,0,0
0.183069,0.313156,0.28264,55259.1,3.26155e+06,0,0
0.182443,0.313301,0.28651,58374.6,3.44848e+06,0,0
0.183038,0.31439,0.305721,72720.8,4.30925e+06,0,0
0.181611,0.313603,0.313688,77849.6,4.61698e+06,0,0
0.182247,0.312987,0.326329,84480.6,5.01483e+06,0,0
0.182714,0.312948,0.33802,88398.7,5.24992e+06,0,0
0.181448,0.313536,0.348746,89725.6,5.32954e+06,0,0
0.179767,0.312954,0.364273,87757.9,5.21147e+06,0,0
0.180816,0.31364,0.376465,83374.9,4.94849e+06,0,0
0.183072,0.314561,0.383811,79641,4.72446e+06,0,0
0.179454,0.312301,0.396303,71568.8,4.24013e+06,0,0
0.182322,0.312938,0.417235,55778.4,3.29270e+06,0,0
0.183169,0.313457,0.41749,55565.6,3.27994e+06,0,0
0.181525,0.312984,0.282061,54762.6,3.23175e+06,0,0
0.181753,0.313293,0.292763,63264.2,3.74185e+06,0,0
0.179594,0.312551,0.304139,71490.5,4.23543e+06,0,0
0.179426,0.312708,0.314615,78233,4.63998e+06,0,0
0.181246,0.314146,0.326363,84384.1,5.00905e+06,0,0
0.183163,0.314638,0.337792,88262.3,5.24174e+06,0,0
0.182686,0.313072,0.34785,89770.6,5.33224e+06,0,0
0.181101,0.313328,0.359505,88925.1,5.28151e+06,0,0
0.182537,0.313663,0.373033,84981,5.04486e+06,0,0
0.181257,0.313785,0.386338,78149.9,4.635e+06,0,0
0.179363,0.312285,0.400598,68502.9,4.05617e+06,0,0
0.18147,0.313134,0.411691,60193.1,3.55758e+06,0,0
0.179651,0.312218,0.418071,54958.8,3.24353e+06,0,0
0.180778,0.312287,0.281768,54496.8,3.21581e+06,0,0
0.182859,0.313807,0.290485,61509,3.63654e+06,0,0
0.182087,0.3131,0.307,73621.5,4.36329e+06,0,0
0.181915,0.314085,0.316237,79334,4.70604e+06,0,0
0.182503,0.31288,0.325915,84314.6,5.00487e+06,0,0
0.183869,0.313514,0.340473,88897.9,5.27987e+06,0,0
0.1795,0.312021,0.345564,89370.9,5.30826e+06,0,0
0.181882,0.313764,0.359377,88978.9,5.28474e+06,0,0
0.182801,0.312562,0.368981,86552.1,5.13913e+06,0,0
0.182543,0.314256,0.381981,80664.7,4.78588e+06,0,0
0.179612,0.31183,0.394668,72709.4,4.30856e+06,0,0
0.183091,0.313562,0.415333,57315.4,3.38492e+06,0,0
0.181733,0.313238,0.417372,55629.6,3.28378e+06,0,0
0.180156,0.312488,0.282664,55168.1,3.25609e+06,0,0
0.181765,0.313434,0.289469,60694.7,3.58768e+06,0,0
0.181715,0.313508,0.301772,69963.2,4.1438e+06,0,0
0.18275,0.313086,0.316649,79644,4.72464e+06,0,0
0.182818,0.313651,0.326227,84431.3,5.01188e+06,0,0
0.184547,0.312253,0.337771,88336.1,5.24617e+06,0,0
0.183661,0.313065,0.347604,89767.8,5.33207e+06,0,0
0.181083,0.314071,0.362936,88170.7,5.23624e+06,0,0
0.181109,0.31304,0.369058,86434.6,5.13208e+06,0,0
0.181616,0.313498,0.385934,78425.6,4.65153e+06,0,0
0.182861,0.313871,0.401578,67964.8,4.02389e+06,0,0
0.183207,0.313452,0.412819,59336.9,3.50622e+06,0,0
0.182773,0.313587,0.417413,55618.7,3.28312e+06,0,0
0.180125,0.312444,0.282062,54669.6,3.22618e+06,0,0
0.183143,0.313457,0.285928,57916.1,3.42097e+06,0,0
0.182684,0.314016,0.305862,72832.8,4.31597e+06,0,0
0.182547,0.313612,0.313896,78013,4.62678e+06,0,0
0.183062,0.315078,0.328101,85114.3,5.05286e+06,0,0
0.183325,0.314346,0.338016,88338,5.24628e+06,0,0
0.181395,0.313618,0.347747,89682.6,5.32695e+06,0,0
0.180779,0.313832,0.36123,88537.1,5.25823e+06,0,0
0.183603,0.313838,0.371253,85691.7,5.0875e+06,0,0
0.181118,0.313443,0.381921,80667.6,4.78606e+06,0,0
0.182565,0.313301,0.393735,73520.6,4.35724e+06,0,0
0.183345,0.312895,0.415154,57478.3,3.3947e+06,0,0
0.181538,0.313051,0.418428,54776.5,3.23259e+06,0,0
0.180447,0.312172,0.282086,54732.6,3.22996e+06,0,0
0.182733,0.313907,0.293506,63843,3.77658e+06,0,0
0.182909,0.313939,0.299394,68265.5,4.04193e+06,0,0
0.181453,0.313666,0.316234,79331.7,4.7059e+06,0,0
0.181144,0.312866,0.328157,85182.5,5.05695e+06,0,0
0.180601,0.314145,0.343257,89165.6,5.29594e+06,0,0
0.182684,0.313401,0.346396,89671,5.32626e+06,0,0
0.183314,0.314701,0.359078,89005.8,5.28635e+06,0,0
0.182195,0.314604,0.374411,84326.6,5.0056e+06,0,0
0.180143,0.312399,0.386773,77837.4,4.61624e+06,0,0
0.182622,0.313365,0.397991,70575,4.1805e+06,0,0
0.182597,0.313693,0.412591,59502,3.51612e+06,0,0
0.180691,0.312445,0.418085,55022.9,3.24737e+06,0,0
0.182591,0.313285,0.282697,55295.3,3.26372e+06,0,0
0.181493,0.31324,0.295558,65388.1,3.86928e+06,0,0
0.181363,0.313047,0.303907,71465.5,4.23393e+06,0,0
0.181835,0.312827,0.315534,78977.8,4.68467e+06,0,0
0.181984,0.314495,0.328128,85141.5,5.05449e+06,0,0
0.18293,0.312713,0.335868,87867.6,5.21806e+06,0,0
0.18262,0.3132,0.352379,89781,5.33286e+06,0,0
0.179332,0.312869,0.362468,88145.7,5.23474e+06,0,0
0.182166,0.313623,0.371465,85594.7,5.08168e+06,0,0
0.183284,0.314096,0.385683,78595,4.6617e+06,0,0
0.183006,0.314189,0.395027,72611.6,4.30269e+06,0,0
0.180993,0.313124,0.408089,62992.1,3.72552e+06,0,0
0.18108,0.31314,0.417967,55128.6,3.25372e+06,0,0
0.183066,0.313388,0.28269,55295.4,3.26372e+06,0,0
0.182953,0.313996,0.283223,55714.6,3.28887e+06,0,0
0.183035,0.313357,0.300518,69109.1,4.09254e+06,0,0
0.181945,0.313374,0.312273,77012.5,4.56675e+06,0,0
0.178956,0.312926,0.329505,85460.3,5.07362e+06,0,0
0.183229,0.313579,0.339318,88669.5,5.26617e+06,0,0
0.182258,0.312887,0.351474,89806.1,5.33436e+06,0,0
0.182584,0.31277,0.36395,88060.8,5.22965e+06,0,0
0.183639,0.313017,0.375385,84006.8,4.98640e+06,0,0
0.180258,0.313303,0.381079,81048.6,4.80892e+06,0,0
0.182328,0.313577,0.397549,70872,4.19832e+06,0,0
0.183273,0.31358,0.413303,58947.1,3.48282e+06,0,0
0.181645,0.313031,0.417802,55290.7,3.26344e+06,0,0
0.182923,0.312418,0.281717,54530.2,3.21781e+06,0,0
0.181132,0.312698,0.286923,58665.9,3.46595e+06,0,0
0.18328,0.313738,0.306226,73103.6,4.33221e+06,0,0
0.181733,0.31351,0.316503,79507.9,4.71648e+06,0,0
0.182085,0.313687,0.324189,83491.8,4.95551e+06,0,0
0.183412,0.312005,0.335746,87841,5.21646e+06,0,0
0.181232,0.313119,0.346455,89612.3,5.32274e+06,0,0
0.184612,0.312296,0.363623,88135.2,5.23411e+06,0,0
0.179152,0.312315,0.372804,84823,5.03538e+06,0,0
0.182761,0.314265,0.385265,78821.5,4.67529e+06,0,0
0.179622,0.311951,0.398919,69743.4,4.13061e+06,0,0
0.181379,0.313215,0.414358,58062.5,3.42975e+06,0,0
0.180054,0.31225,0.418191,54894.9,3.2397e+06,0,0
0.182846,0.312751,0.2816,54430.7,3.21184e+06,0,0
0.181898,0.31251,0.28368,56098.2,3.31189e+06,0,0
0.181482,0.313029,0.301475,69753.2,4.13119e+06,0,0
0.181402,0.313322,0.319055,80900.6,4.80003e+06,0,0
0.183692,0.312784,0.327046,84814.2,5.03485e+06,0,0
0.183029,0.312511,0.340022,88838.9,5.27634e+06,0,0
0.18399,0.313208,0.353121,89752.4,5.33114e+06,0,0
0.183373,0.313545,0.362065,88500.6,5.25604e+06,0,0
0.180243,0.31199,0.374645,84180.9,4.99685e+06,0,0
0.17979,0.312714,0.382464,80269.3,4.76216e+06,0,0
0.181467,0.313303,0.3972,71091.3,4.21148e+06,0,0
0.181802,0.313138,0.417222,55769.9,3.29219e+06,0,0
0.182219,0.312829,0.418102,55071.4,3.25029e+06,0,0
0.181456,0.312259,0.281964,54690.8,3.22745e+06,0,0
0.18159,0.312736,0.285657,57672.1,3.40632e+06,0,0
0.180248,0.312246,0.299441,68208.5,4.03851e+06,0,0
0.183812,0.313028,0.318156,80490.4,4.77542e+06,0,0
0.184261,0.312755,0.329877,85926,5.10156e+06,0,0
0.181463,0.313756,0.334529,87391.8,5.18950e+06,0,0
0.184501,0.311486,0.353286,89731.4,5.32988e+06,0,0
0.181128,0.313223,0.362337,88361.3,5.24768e+06,0,0
0.183277,0.3126,0.371981,85449.6,5.07298e+06,0,0
0.179836,0.312183,0.383473,79721.2,4.72928e+06,0,0
0.182665,0.313324,0.400392,68851.7,4.0771e+06,0,0
0.182672,0.313059,0.418716,54580,3.2208e+06,0,0
0.180672,0.311762,0.417974,55111.7,3.2527e+06,0,0
0.183295,0.312677,0.282245,54957.4,3.24344e+06,0,0
0.182197,0.312943,0.288489,59950.4,3.54302e+06,0,0
0.180594,0.312971,0.305753,72690,4.3074e+06,0,0
0.182332,0.313934,0.318984,80883.8,4.79903e+06,0,0
0.182451,0.311293,0.331639,86543.7,5.13862e+06,0,0
0.184663,0.311562,0.343374,89355.5,5.30733e+06,0,0
0.182552,0.313064,0.352127,89792.9,5.33358e+06,0,0
0.181235,0.312365,0.360044,88860.4,5.27762e+06,0,0
0.179218,0.312118,0.376867,83052.8,4.92917e+06,0,0
0.183339,0.313832,0.383079,80099.4,4.75196e+06,0,0
0.182878,0.313621,0.397945,70603.2,4.18219e+06,0,0
0.183114,0.313409,0.409448,62000.4,3.66602e+06,0,0
0.180476,0.311519,0.417757,55271.4,3.26229e+06,0,0
0.183186,0.314177,0.282548,55145.1,3.25471e+06,0,0
0.182039,0.313609,0.285828,57806.6,3.4144e+06,0,0
0.183132,0.314152,0.301391,69702,4.12812e+06,0,0
0.41311,0.284734,0.315106,400.8,0,0,0
0.182979,0.315836,0.330051,85779.2,5.09275e+06,0,0
0.182947,0.31599,0.338533,88280.4,5.24283e+06,0,0
0.181939,0.315395,0.351532,89615,5.3229e+06,0,0
0.180397,0.314774,0.35969,88730.4,5.26982e+06,0,0
0.182952,0.315545,0.374246,84327.5,5.00565e+06,0,0
0.18271,0.314429,0.387917,77218.8,4.57913e+06,0,0
0.181698,0.313186,0.393169,73866.4,4.37798e+06,0,0
0.180476,0.311909,0.409967,61505.5,3.63633e+06,0,0
0.180662,0.3125,0.41761,55401.8,3.27011e+06,0,0
0.183471,0.313286,0.282016,54739.3,3.23036e+06,0,0
0.182045,0.313596,0.288708,60098.7,3.55192e+06,0,0
0.182831,0.313763,0.299424,68291.8,4.04351e+06,0,0
0.182727,0.314938,0.316946,79701.2,4.72807e+06,0,0
0.182308,0.315114,0.326376,84372.2,5.00833e+06,0,0
0.179745,0.314123,0.336553,87756.7,5.2114e+06,0,0
0.180499,0.31444,0.353545,89504.8,5.31629e+06,0,0
0.180271,0.314632,0.36162,88351.5,5.24709e+06,0,0
0.180209,0.31428,0.370799,85658.9,5.08553e+06,0,0
0.182195,0.314767,0.38281,80158.4,4.75550e+06,0,0
0.181143,0.312738,0.396708,71275,4.2225e+06,0,0
0.183833,0.313185,0.416058,56738.9,3.35033e+06,0,0
0.180575,0.312719,0.418118,54983.7,3.24502e+06,0,0
0.181184,0.312779,0.281829,54560.8,3.21965e+06,0,0
0.182559,0.312693,0.289649,60876.2,3.59857e+06,0,0
0.183807,0.313577,0.302366,70425.7,4.17154e+06,0,0
0.17902,0.312512,0.317998,80105.9,4.75236e+06,0,0
0.182525,0.31556,0.330891,86106.2,5.11237e+06,0,0
0.18116,0.314966,0.341896,88952.6,5.28316e+06,0,0
0.179645,0.314023,0.350102,89541.9,5.31851e+06,0,0
0.179362,0.313713,0.362517,88100.9,5.23205e+06,0,0
0.18302,0.31555,0.374214,84341.4,5.00648e+06,0,0
0.181872,0.314544,0.382651,80248.9,4.76093e+06,0,0
0.17966,0.312348,0.394654,72722.3,4.30934e+06,0,0
0.179942,0.312096,0.409928,61495,3.6357e+06,0,0
0.181778,0.312738,0.417375,55631.7,3.2839e+06,0,0
0.181842,0.31364,0.282711,55275.3,3.26252e+06,0,0
0.181683,0.31338,0.285695,57693.6,3.40762e+06,0,0
0.180428,0.312513,0.305216,72314,4.28484e+06,0,0
0.182945,0.314867,0.316186,79281.5,4.70289e+06,0,0
0.180441,0.314486,0.328051,84993.6,5.04561e+06,0,0
0.17897,0.313622,0.336667,87709.9,5.20859e+06,0,0
0.180759,0.314694,0.349159,89596.5,5.32179e+06,0,0
0.179477,0.313952,0.36257,88092.9,5.23157e+06,0,0
0.179816,0.313896,0.373009,84772.4,5.03234e+06,0,0
0.179653,0.312948,0.381832,80588,4.78128e+06,0,0
0.181413,0.312582,0.395186,72495.9,4.29575e+06,0,0
0.183418,0.313855,0.418303,54898,3.23988e+06,0,0
0.180438,0.312358,0.419534,53828.3,3.1757e+06,0,0
0.181544,0.312547,0.281174,54046.9,3.18882e+06,0,0
0.182874,0.313417,0.293204,63630.1,3.76381e+06,0,0
0.183685,0.313745,0.300876,69352.7,4.10716e+06,0,0
0.179233,0.312758,0.31834,80317.3,4.76504e+06,0,0
0.18142,0.314912,0.332194,86564.7,5.13988e+06,0,0
0.179607,0.31423,0.340125,88535.2,5.25811e+06,0,0
0.178791,0.313594,0.351533,89425.7,5.31154e+06,0,0
0.179799,0.314334,0.359512,88727.3,5.26964e+06,0,0
0.179596,0.313784,0.3695,86089.4,5.11136e+06,0,0
0.182815,0.314897,0.379639,81851,4.85706e+06,0,0
0.183535,0.313905,0.399419,69539.1,4.11835e+06,0,0
0.180438,0.312018,0.406608,64106,3.79236e+06,0,0
0.180928,0.312864,0.417893,55184.3,3.25706e+06,0,0
0.18165,0.313514,0.281245,54092.6,3.19155e+06,0,0
0.182287,0.31222,0.281862,54636.2,3.22417e+06,0,0
0.18055,0.313133,0.304732,71980,4.2648e+06,0,0
0.182323,0.314362,0.316107,79257.7,4.70146e+06,0,0
0.182579,0.315766,0.331013,86126.8,5.11361e+06,0,0
0.182952,0.315987,0.340748,88727,5.26962e+06,0,0
0.18146,0.315138,0.349881,89629.3,5.32376e+06,0,0
0.179708,0.313937,0.363428,87916.4,5.22099e+06,0,0
0.180521,0.31449,0.372257,85112.3,5.05274e+06,0,0
0.182926,0.314691,0.387353,77548.9,4.59894e+06,0,0
0.181565,0.312307,0.398007,70538.5,4.17831e+06,0,0
0.181352,0.312571,0.410648,61018.6,3.60711e+06,0,0
0.181289,0.312896,0.418527,54685.8,3.22715e+06,0,0
0.183173,0.313307,0.282178,54889.1,3.23935e+06,0,0
0.182014,0.311697,0.29251,63089.8,3.73139e+06,0,0
0.181652,0.312273,0.304541,71930.5,4.26183e+06,0,0
0.180115,0.313039,0.31473,78368.2,4.6481e+06,0,0
0.182537,0.315285,0.323225,82932.8,4.92197e+06,0,0
0.17983,0.314189,0.34095,88718.6,5.26912e+06,0,0
0.180401,0.31477,0.347291,89486.7,5.3152e+06,0,0
0.179482,0.313988,0.358355,88901.9,5.28011e+06,0,0
0.18057,0.314303,0.376309,83388.5,4.94931e+06,0,0
0.17937,0.312114,0.386962,77635.5,4.60413e+06,0,0
0.179475,0.312267,0.392012,74467.4,4.41404e+06,0,0
0.18336,0.313883,0.41866,54606,3.22236e+06,0,0
0.180501,0.312657,0.418159,54947,3.24282e+06,0,0
0.447988,0.185502,0.2737,90,0,0,0
0.183629,0.313495,0.283261,55765.7,3.29194e+06,0,0
0.18275,0.314083,0.301642,69879.8,4.13879e+06,0,0
0.180209,0.312776,0.317455,79943.4,4.7426e+06,0,0
0.182079,0.314865,0.324543,83571.2,4.96027e+06,0,0
0.179805,0.31441,0.343228,89056,5.28936e+06,0,0
0.179829,0.314012,0.349524,89557.1,5.31943e+06,0,0
0.182633,0.315986,0.359263,88819.8,5.27519e+06,0,0
0.182563,0.315689,0.370092,85947.8,5.10286e+06,0,0
0.181741,0.314513,0.383573,79732.7,4.72996e+06,0,0
0.183338,0.314053,0.399519,69459.2,4.11355e+06,0,0
0.182188,0.312852,0.412736,59396.4,3.50978e+06,0,0
0.183158,0.314167,0.417603,55446.9,3.27282e+06,0,0
0.182244,0.313375,0.281396,54238.5,3.20031e+06,0,0
0.183448,0.313111,0.293632,63972.3,3.78434e+06,0,0
0.1798,0.311749,0.301114,69374.2,4.10845e+06,0,0
0.179991,0.313449,0.316816,79543.8,4.71862e+06,0,0
0.181702,0.314245,0.323449,83088.4,4.93131e+06,0,0
0.182928,0.316031,0.336339,87741.5,5.21049e+06,0,0
0.181253,0.315025,0.352118,89591.9,5.32151e+06,0,0
0.181165,0.314891,0.361923,88343.1,5.24658e+06,0,0
0.179695,0.313391,0.373288,84666.6,5.026e+06,0,0
0.181574,0.312969,0.384479,79279.9,4.70279e+06,0,0
0.181222,0.312814,0.395028,72589,4.30134e+06,0,0
0.179965,0.311343,0.408745,62411.4,3.69068e+06,0,0
0.182003,0.312979,0.417426,55594.6,3.28168e+06,0,0
0.182487,0.312713,0.280511,53538.2,3.15829e+06,0,0
0.183467,0.31375,0.292141,62802.6,3.71415e+06,0,0
0.180172,0.31168,0.305545,72515.4,4.29692e+06,0,0
0.179483,0.312518,0.314788,78342,4.64652e+06,0,0
0.179425,0.313632,0.328272,85018.6,5.04712e+06,0,0
0.182383,0.315704,0.340411,88684.2,5.26705e+06,0,0
0.179854,0.314257,0.351746,89529.6,5.31778e+06,0,0
0.18192,0.315403,0.361338,88467,5.25402e+06,0,0
0.180261,0.314244,0.373001,84804.8,5.03429e+06,0,0
0.179625,0.312913,0.381269,80887.3,4.79924e+06,0,0
0.180339,0.312268,0.393944,73269.2,4.34215e+06,0,0
0.183137,0.312357,0.410728,61012.4,3.60674e+06,0,0
0.439064,0.121365,0.427073,130.192,0,0,0
0.183442,0.313899,0.281891,54638.1,3.22429e+06,0,0
0.183269,0.313576,0.290071,61195.7,3.61774e+06,0,0
0.180655,0.312945,0.303547,71169.2,4.21615e+06,0,0
0.179782,0.312799,0.319799,81162.8,4.81577e+06,0,0
0.179775,0.313789,0.326857,84473.1,5.01439e+06,0,0
0.179826,0.314293,0.336694,87792.5,5.21355e+06,0,0
0.181191,0.315288,0.350131,89594,5.32164e+06,0,0
0.17991,0.314362,0.362863,88051,5.22906e+06,0,0
0.181532,0.315234,0.370438,85823,5.09538e+06,0,0
0.181814,0.313216,0.387077,77756.2,4.61137e+06,0,0
0.18064,0.313181,0.394236,73083,4.33098e+06,0,0
0.181642,0.312459,0.414236,58180.2,3.43681e+06,0,0
0.181965,0.313599,0.417364,55637,3.28422e+06,0,0
0.181437,0.312331,0.281553,54350.4,3.20702e+06,0,0
0.183246,0.313584,0.281347,54211.3,3.19868e+06,0,0
0.183371,0.313923,0.298566,67659.9,4.00559e+06,0,0
0.182424,0.314297,0.312377,77045.4,4.56872e+06,0,0
0.180514,0.31442,0.327947,84965.3,5.04392e+06,0,0
0.182924,0.315807,0.339403,88490.3,5.25542e+06,0,0
0.182868,0.315607,0.349373,89635.2,5.32411e+06,0,0
0.182636,0.315708,0.364438,87728.2,5.20969e+06,0,0
0.182836,0.315499,0.375806,83641.1,4.96447e+06,0,0
0.181718,0.31399,0.386617,77995.6,4.62574e+06,0,0
0.182174,0.313134,0.39564,72210.8,4.27865e+06,0,0
0.182943,0.313215,0.41456,57944.8,3.42269e+06,0,0
0.181168,0.312695,0.418748,54387.9,3.20927e+06,0,0
0.181208,0.312833,0.281194,54043.6,3.18862e+06,0,0
0.179732,0.311399,0.292418,62870.1,3.7182e+06,0,0
0.1799,0.31237,0.304826,71998.4,4.2659e+06,0,0
0.180723,0.313927,0.31618,79231.6,4.6999e+06,0,0
0.183085,0.315576,0.33198,86497.2,5.13583e+06,0,0
0.180491,0.314462,0.339567,88507.8,5.25647e+06,0,0
0.180829,0.314547,0.351655,89613.5,5.32281e+06,0,0
0.178853,0.313573,0.359308,88678.9,5.26674e+06,0,0
0.181925,0.31514,0.369107,86332.8,5.12597e+06,0,0
0.180411,0.313816,0.383078,79955.3,4.74332e+06,0,0
0.17936,0.311886,0.396587,71357.8,4.22747e+06,0,0
0.18164,0.312569,0.411614,60270.1,3.5622e+06,0,0
0.182805,0.313925,0.418545,54690.9,3.22746e+06,0,0
0.182759,0.314105,0.281313,54156.7,3.1954e+06,0,0
0.183207,0.313776,0.287315,59010.2,3.48662e+06,0,0
0.182409,0.314137,0.303328,71063.3,4.2098e+06,0,0
0.183085,0.314857,0.31182,76674.4,4.54646e+06,0,0
0.182616,0.315129,0.325737,84104.7,4.99228e+06,0,0
0.180067,0.314199,0.341608,88863.1,5.27778e+06,0,0
0.179477,0.313639,0.351574,89527.6,5.31765e+06,0,0
0.180199,0.314385,0.364083,87782,5.21292e+06,0,0
0.179845,0.313866,0.372306,85062.2,5.04973e+06,0,0
0.182282,0.314366,0.383742,79671.2,4.72627e+06,0,0
0.181946,0.314073,0.394229,73130.2,4.33381e+06,0,0
0.182945,0.313896,0.41894,54374.3,3.20846e+06,0,0
0.412862,0.285746,0.421292,197.181,0,0,0
0.1831,0.313761,0.281575,54386.4,3.20918e+06,0,0
0.180034,0.312184,0.286122,57954.9,3.42329e+06,0,0
0.179939,0.312567,0.301097,69375.5,4.10853e+06,0,0
0.183006,0.315063,0.317212,79846.4,4.73679e+06,0,0
0.181658,0.314476,0.329253,85564.4,5.07986e+06,0,0
0.180527,0.314505,0.342224,88987.9,5.28528e+06,0,0
0.1805,0.314378,0.348725,89594.3,5.32166e+06,0,0
0.18129,0.315049,0.36179,88370.6,5.24824e+06,0,0
0.180711,0.31406,0.372714,84973.2,5.04439e+06,0,0
0.182735,0.314727,0.386271,78193.9,4.63763e+06,0,0
0.181864,0.314042,0.394505,72941.7,4.3225e+06,0,0
0.179559,0.311951,0.419349,53915.6,3.18094e+06,0,0
0.183,0.313805,0.41865,54612.5,3.22275e+06,0,0
0.182916,0.310582,0.282263,54947,3.24282e+06,0,0
0.184737,0.311328,0.281013,53942.3,3.18254e+06,0,0
0.184062,0.311418,0.307481,73970.3,4.38422e+06,0,0
0.18015,0.311984,0.318909,80736.7,4.7902e+06,0,0
0.184116,0.314076,0.329978,85911.6,5.10069e+06,0,0
0.181312,0.314931,0.343246,89160.6,5.29563e+06,0,0
0.179567,0.312967,0.349875,89575,5.3205e+06,0,0
0.180624,0.314561,0.358715,88932.4,5.28194e+06,0,0
0.181626,0.314071,0.373257,84819.2,5.03515e+06,0,0
0.182374,0.311472,0.387385,77601.9,4.60211e+06,0,0
0.182714,0.31012,0.394146,73201.2,4.33807e+06,0,0
0.184904,0.311089,0.408097,63033.4,3.72801e+06,0,0
0.186061,0.309808,0.419717,53648,3.16488e+06,0,0
0.184211,0.311818,0.28088,53849.3,3.17696e+06,0,0
0.184165,0.310197,0.290394,61426.5,3.63159e+06,0,0
0.183687,0.310994,0.304323,71811.9,4.25471e+06,0,0
0.181502,0.312405,0.319018,80906.9,4.80041e+06,0,0
0.18273,0.314379,0.327949,85098.9,5.05194e+06,0,0
0.180568,0.31146,0.336881,87990.4,5.22543e+06,0,0
0.183265,0.314641,0.351767,89721.7,5.3293e+06,0,0
0.183677,0.314273,0.358184,89176.1,5.29656e+06,0,0
0.181378,0.310821,0.371387,85583.8,5.08103e+06,0,0
0.185016,0.312156,0.386453,78156,4.63536e+06,0,0
0.184532,0.310966,0.39953,69467.6,4.11406e+06,0,0
0.182937,0.309956,0.417353,55641,3.28446e+06,0,0
0.183324,0.311521,0.417425,55634.1,3.28405e+06,0,0
0.184717,0.310833,0.282063,54760.9,3.23165e+06,0,0
0.184949,0.311423,0.283247,55748,3.29088e+06,0,0
0.184803,0.311282,0.303282,71070,4.2102e+06,0,0
0.18528,0.311938,0.315118,78731.4,4.66988e+06,0,0
0.184401,0.313908,0.326056,84332.1,5.00593e+06,0,0
0.182761,0.313059,0.339677,88750.1,5.27101e+06,0,0
0.183303,0.315639,0.348622,89611.9,5.32271e+06,0,0
0.183613,0.314173,0.362448,88372.8,5.24837e+06,0,0
0.179859,0.312839,0.37115,85551.1,5.07907e+06,0,0
0.182164,0.311084,0.382999,80135.3,4.75412e+06,0,0
0.184616,0.312223,0.395823,72104.9,4.2723e+06,0,0
0.185052,0.309511,0.413119,59008.6,3.48652e+06,0,0
0.185478,0.310554,0.417286,55674,3.28644e+06,0,0
0.182479,0.309173,0.282146,54776.9,3.23261e+06,0,0
0.183049,0.311871,0.282883,55466.9,3.27402e+06,0,0
0.183971,0.30964,0.301585,69810.4,4.13462e+06,0,0
0.18074,0.31012,0.316624,79471,4.71426e+06,0,0
0.184457,0.314046,0.330076,85939.3,5.10236e+06,0,0
0.184204,0.314451,0.335885,87781.6,5.2129e+06,0,0
0.179829,0.313065,0.349257,89597,5.32182e+06,0,0
0.180006,0.312868,0.362583,88199.4,5.23796e+06,0,0
0.179639,0.311684,0.372061,85177.2,5.05663e+06,0,0
0.182238,0.31107,0.382515,80405,4.7703e+06,0,0
0.185006,0.311188,0.397701,70764.7,4.19188e+06,0,0
0.184938,0.310889,0.419397,54001,3.18606e+06,0,0
0.183187,0.309796,0.419075,54239.8,3.20039e+06,0,0
0.182534,0.310696,0.282373,55032.8,3.24797e+06,0,0
0.184223,0.309898,0.288543,59954.9,3.5433e+06,0,0
0.185068,0.311087,0.303937,71512.1,4.23672e+06,0,0
0.180957,0.31187,0.317378,79972.5,4.74435e+06,0,0
0.184114,0.313946,0.327642,85007.4,5.04644e+06,0,0
0.180868,0.311865,0.342921,89212.4,5.29875e+06,0,0
0.180632,0.312301,0.348612,89684,5.32704e+06,0,0
0.180646,0.31208,0.359862,88839.1,5.27635e+06,0,0
0.181588,0.310561,0.370201,86029.7,5.10778e+06,0,0
0.181307,0.311588,0.385966,78406.6,4.6504e+06,0,0
0.184517,0.312407,0.396944,71326.1,4.22556e+06,0,0
0.184614,0.309935,0.407202,63687.1,3.76723e+06,0,0
0.182986,0.310064,0.418751,54514.6,3.21688e+06,0,0
0.184891,0.311457,0.281344,54206.3,3.19838e+06,0,0
0.183595,0.309967,0.292365,62945.1,3.72271e+06,0,0
0.184363,0.310174,0.305287,72431.9,4.29191e+06,0,0
0.184033,0.313437,0.317529,80126.1,4.75357e+06,0,0
0.182894,0.314649,0.328042,85120.7,5.05324e+06,0,0
0.179958,0.313065,0.335631,87588.1,5.20128e+06,0,0
0.180259,0.31417,0.350521,89600.6,5.32204e+06,0,0
0.18418,0.314014,0.36099,88690.3,5.26742e+06,0,0
0.180188,0.312586,0.371497,85461.2,5.07367e+06,0,0
0.183106,0.312064,0.381974,80743.4,4.7906e+06,0,0
0.184712,0.309842,0.396841,71319.5,4.22517e+06,0,0
0.184671,0.311524,0.406853,64009.3,3.78656e+06,0,0
0.183498,0.31251,0.417509,55567.9,3.28007e+06,0,0
0.185294,0.311186,0.28253,55134.6,3.25408e+06,0,0
0.183304,0.309605,0.289052,60344,3.56664e+06,0,0
0.185204,0.311715,0.305926,72889.5,4.31937e+06,0,0
0.184622,0.312569,0.317161,79929.1,4.74175e+06,0,0
0.182965,0.314087,0.331101,86319.3,5.12516e+06,0,0
0.183012,0.314761,0.342841,89195.5,5.29773e+06,0,0
0.183352,0.314574,0.350497,89746,5.33076e+06,0,0
0.180268,0.313318,0.358024,89078.3,5.2907e+06,0,0
0.183757,0.313073,0.373469,84831.3,5.03588e+06,0,0
0.180015,0.311532,0.383877,79503.2,4.71619e+06,0,0
0.182228,0.31086,0.398759,69861.8,4.13771e+06,0,0
0.184664,0.310871,0.410681,61015.8,3.60695e+06,0,0
0.184703,0.311965,0.41737,55656.8,3.28540e+06,0,0
0.18508,0.310533,0.282386,55020,3.2472e+06,0,0
0.184736,0.31065,0.292238,62866.3,3.71798e+06,0,0
0.182738,0.309976,0.302916,70622.8,4.18337e+06,0,0
0.184812,0.311204,0.318412,80602.3,4.78214e+06,0,0
0.183721,0.314217,0.329614,85771.5,5.09229e+06,0,0
0.181916,0.313181,0.338561,88474.9,5.2545e+06,0,0
0.182788,0.31455,0.346996,89638.1,5.32429e+06,0,0
0.183097,0.313286,0.357992,89257,5.30142e+06,0,0
0.181957,0.311705,0.367587,86978,5.16468e+06,0,0
0.180433,0.311943,0.37989,81701.3,4.84808e+06,0,0
0.181055,0.309485,0.394234,73030.5,4.32783e+06,0,0
0.184161,0.308968,0.408521,62612.5,3.70275e+06,0,0
0.184598,0.311073,0.41897,54361.1,3.20767e+06,0,0
0.183413,0.309639,0.282382,54866.2,3.23797e+06,0,0
0.185843,0.309945,0.29119,61973.1,3.66439e+06,0,0
0.184741,0.311877,0.308836,74855,4.4373e+06,0,0
0.183698,0.311054,0.314792,78569.9,4.6602e+06,0,0
0.180885,0.310929,0.324178,83422.3,4.95134e+06,0,0
0.180266,0.313291,0.3389,88415.1,5.25091e+06,0,0
0.180161,0.313579,0.352196,89590.4,5.32142e+06,0,0
0.181744,0.314379,0.361083,88601.7,5.2621e+06,0,0
0.18371,0.313745,0.371008,85783.8,5.09303e+06,0,0
0.184318,0.312794,0.386396,78209.3,4.63856e+06,0,0
0.182933,0.312232,0.39928,69678.2,4.12669e+06,0,0
0.1861,0.309404,0.415333,57177.1,3.37663e+06,0,0
0.184362,0.308395,0.417623,55302.1,3.26412e+06,0,0
0.183475,0.309581,0.280296,53311.1,3.14467e+06,0,0
0.184175,0.307998,0.292287,62731.7,3.7099e+06,0,0
0.181019,0.308961,0.30587,72668.2,4.3061e+06,0,0
0.180588,0.310755,0.312811,77244.5,4.58067e+06,0,0
0.184544,0.311909,0.323612,83270.6,4.94224e+06,0,0
0.183776,0.314463,0.336879,88047.9,5.22887e+06,0,0
0.182674,0.31387,0.346547,89652.3,5.32514e+06,0,0
0.183021,0.314318,0.359554,88945.8,5.28274e+06,0,0
0.18279,0.314944,0.37092,85723.5,5.08941e+06,0,0
0.183145,0.312343,0.38398,79631.3,4.72388e+06,0,0
0.182831,0.310136,0.397014,71228.4,4.2197e+06,0,0
0.184424,0.309544,0.412887,59214.3,3.49886e+06,0,0
0.182894,0.310117,0.418475,54739.9,3.23039e+06,0,0
0.185441,0.309674,0.282285,54887.7,3.23926e+06,0,0
0.184439,0.311878,0.282749,55356.3,3.26738e+06,0,0
0.185413,0.311276,0.302794,70698.8,4.18793e+06,0,0
0.183708,0.310512,0.31508,78716,4.66896e+06,0,0
0.180982,0.3117,0.328044,85125,5.0535e+06,0,0
0.180308,0.313513,0.342043,88994.3,5.28566e+06,0,0
0.180416,0.313551,0.351063,89648.8,5.32493e+06,0,0
0.179835,0.3127,0.363519,87958.5,5.22351e+06,0,0
0.182301,0.314357,0.368986,86454.9,5.13329e+06,0,0
0.184348,0.3105,0.386421,78158.9,4.63554e+06,0,0
0.180664,0.310978,0.395802,72009.5,4.26657e+06,0,0
0.184119,0.311127,0.406834,64028.5,3.78771e+06,0,0
0.185456,0.310549,0.417652,55370.6,3.26824e+06,0,0
0.184449,0.31185,0.282103,54836.1,3.23617e+06,0,0
0.185035,0.311222,0.286663,58488.8,3.45533e+06,0,0
0.183075,0.309393,0.306887,73314.4,4.34486e+06,0,0
0.181167,0.31061,0.318196,80405.5,4.77033e+06,0,0
0.180381,0.31315,0.327155,84691.7,5.0275e+06,0,0
0.183086,0.315533,0.339904,88620.1,5.26320e+06,0,0
0.183864,0.315362,0.352234,89632.2,5.32393e+06,0,0
0.181457,0.315017,0.360297,88683.3,5.267e+06,0,0
0.182834,0.314602,0.370635,85860.3,5.09762e+06,0,0
0.180694,0.311161,0.381493,80871.8,4.79831e+06,0,0
0.184678,0.311972,0.396711,71484.9,4.2351e+06,0,0
0.184953,0.311555,0.408649,62611.9,3.70272e+06,0,0
0.181509,0.308649,0.417739,55213.6,3.25882e+06,0,0
0.180451,0.310006,0.2808,53644,3.16464e+06,0,0
0.183398,0.309036,0.292733,63173.1,3.73639e+06,0,0
0.183152,0.311742,0.30502,72308.3,4.2845e+06,0,0
0.180593,0.310841,0.311917,76697.2,4.54783e+06,0,0
0.18263,0.314826,0.325192,83886,4.97916e+06,0,0
0.183104,0.316039,0.335832,87607.6,5.20245e+06,0,0
0.182978,0.316178,0.345721,89366.3,5.30798e+06,0,0
0.182915,0.31602,0.361694,88350.1,5.247e+06,0,0
0.183544,0.315491,0.369302,86263.5,5.12181e+06,0,0
0.180768,0.311114,0.388399,76883.4,4.559e+06,0,0
0.180858,0.309998,0.394745,72704.4,4.30827e+06,0,0
0.183611,0.311697,0.417787,55349.2,3.26695e+06,0,0
0.183927,0.311418,0.417679,55426.8,3.27161e+06,0,0
0.180949,0.310994,0.281028,53893.1,3.17959e+06,0,0
0.181086,0.310086,0.280855,53731.7,3.1699e+06,0,0
0.182026,0.311209,0.303519,71076.7,4.2106e+06,0,0
0.181182,0.313219,0.315591,78957.3,4.68344e+06,0,0
0.183272,0.315597,0.331145,86204.2,5.11825e+06,0,0
0.182464,0.315214,0.34166,88959.3,5.28356e+06,0,0
0.181185,0.313784,0.347585,89638,5.32428e+06,0,0
0.183013,0.31597,0.359252,88830.5,5.27583e+06,0,0
0.183519,0.3152,0.374764,84141.2,4.99447e+06,0,0
0.180549,0.312647,0.386364,78112.9,4.63278e+06,0,0
0.182405,0.311336,0.399135,69762.4,4.13175e+06,0,0
0.180662,0.309697,0.419327,53951,3.18306e+06,0,0
0.181271,0.311405,0.417719,55343.9,3.26663e+06,0,0
0.18343,0.312718,0.280936,53896,3.17976e+06,0,0
0.181054,0.310396,0.285916,57826.5,3.41559e+06,0,0
0.180868,0.311842,0.307446,73859.5,4.37757e+06,0,0
0.180409,0.313475,0.317199,79799.3,4.73396e+06,0,0
0.183083,0.315853,0.328733,85276.3,5.06258e+06,0,0
0.180665,0.313819,0.338742,88389.6,5.24937e+06,0,0
0.17997,0.313508,0.350207,89607.8,5.32247e+06,0,0
0.182138,0.315124,0.365684,87426.7,5.1916e+06,0,0
0.182588,0.315145,0.369696,86149.5,5.11497e+06,0,0
0.183241,0.313831,0.387613,77446.9,4.59281e+06,0,0
0.181581,0.311995,0.39723,71092.6,4.21155e+06,0,0
0.184529,0.311514,0.40856,62693.8,3.70763e+06,0,0
0.183748,0.312801,0.419024,54335.5,3.20613e+06,0,0
0.182892,0.312018,0.280446,53496.9,3.15581e+06,0,0
0.412268,0.297004,0.282903,284.372,0,0,0
0.184827,0.312453,0.307468,73945.3,4.38272e+06,0,0
0.182573,0.311761,0.316907,79790.4,4.73343e+06,0,0
0.18246,0.309258,0.32762,84896,5.03976e+06,0,0
0.18351,0.307686,0.337168,87878.7,5.21872e+06,0,0
0.183297,0.307904,0.348644,89516.9,5.31701e+06,0,0
0.182563,0.30856,0.358778,88929.7,5.28178e+06,0,0
0.186079,0.311263,0.373301,84794,5.03364e+06,0,0
0.186771,0.309608,0.383724,79511.4,4.71668e+06,0,0
0.184527,0.312694,0.393651,73585.7,4.36114e+06,0,0
0.183747,0.312466,0.41164,60292.2,3.56353e+06,0,0
0.184366,0.312743,0.418984,54362.1,3.20773e+06,0,0
0.183327,0.312185,0.282741,55353.9,3.26723e+06,0,0
0.184543,0.312636,0.288903,60287,3.56322e+06,0,0
0.183551,0.31226,0.303494,71251.8,4.22111e+06,0,0
0.185211,0.311369,0.31896,80877.5,4.79865e+06,0,0
0.183475,0.310175,0.326418,84482.5,5.01495e+06,0,0
0.183207,0.308331,0.340341,88657.6,5.26546e+06,0,0
0.182445,0.308762,0.346944,89530.1,5.31781e+06,0,0
0.183526,0.308044,0.363176,87988.2,5.22529e+06,0,0
0.18579,0.308755,0.374739,84030.8,4.98785e+06,0,0
0.184879,0.311514,0.380591,81441.8,4.83251e+06,0,0
0.183914,0.312417,0.395268,72502.2,4.29613e+06,0,0
0.184667,0.312686,0.407443,63555.1,3.75931e+06,0,0
0.184893,0.312313,0.417864,55241.6,3.2605e+06,0,0
0.183852,0.311903,0.282433,55109.1,3.25254e+06,0,0
0.182598,0.311203,0.282469,55129,3.25374e+06,0,0
0.18069,0.310134,0.302093,70100.1,4.15201e+06,0,0
0.184617,0.308538,0.316096,79130.3,4.69382e+06,0,0
0.186201,0.310788,0.331879,86505,5.1363e+06,0,0
0.185475,0.308862,0.335718,87587.2,5.20123e+06,0,0
0.183902,0.308774,0.351757,89632.4,5.32394e+06,0,0
0.182298,0.307422,0.35826,88840.5,5.27643e+06,0,0
0.184856,0.308872,0.369869,86038.2,5.10829e+06,0,0
0.184898,0.312466,0.381037,81214.4,4.81887e+06,0,0
0.184711,0.312863,0.3969,71343.6,4.22662e+06,0,0
0.184581,0.312912,0.411983,59998.9,3.54593e+06,0,0
0.184606,0.312615,0.418,53527.4,3.15764e+06,0,0
0.180667,0.310079,0.281197,53982.9,3.18497e+06,0,0
0.181978,0.311292,0.294518,64488,3.81528e+06,0,0
0.182533,0.311424,0.303182,71010.2,4.20661e+06,0,0
0.182948,0.310217,0.316994,79791.2,4.73347e+06,0,0
0.185051,0.312424,0.324129,83489,4.95534e+06,0,0
0.186455,0.311111,0.340476,88761.9,5.27171e+06,0,0
0.185958,0.311196,0.352663,89665.3,5.32592e+06,0,0
0.185803,0.31119,0.364414,87840.5,5.21643e+06,0,0
0.181918,0.308706,0.376222,83409.2,4.95056e+06,0,0
0.181324,0.309519,0.386191,78171.7,4.6363e+06,0,0
0.180631,0.309945,0.39447,72869.7,4.31818e+06,0,0
0.18196,0.311256,0.411205,60603,3.58218e+06,0,0
0.179655,0.309399,0.420245,53113.2,3.13279e+06,0,0
0.184568,0.312218,0.28249,55144,3.25464e+06,0,0
0.182319,0.310905,0.290537,61549.4,3.63896e+06,0,0
0.184777,0.312805,0.305697,72747.4,4.31084e+06,0,0
0.180504,0.310661,0.318758,80659,4.78554e+06,0,0
0.182772,0.310659,0.326111,84368.4,5.00811e+06,0,0
0.185564,0.311508,0.339893,88738.8,5.27033e+06,0,0
0.182958,0.308541,0.346883,89512.9,5.31678e+06,0,0
0.183571,0.307523,0.362379,88098.1,5.23188e+06,0,0
0.184621,0.310336,0.371771,85242.8,5.06057e+06,0,0
0.18537,0.312155,0.384521,79266,4.70196e+06,0,0
0.182837,0.310805,0.399546,69458.7,4.11352e+06,0,0
0.183968,0.312005,0.41282,59352,3.50712e+06,0,0
0.184654,0.312796,0.417679,55412.2,3.27073e+06,0,0
0.184453,0.312223,0.282374,55040,3.2484e+06,0,0
0.18369,0.312325,0.292223,62898.8,3.71993e+06,0,0
0.183017,0.311576,0.305278,72480.4,4.29482e+06,0,0
0.183018,0.309731,0.320002,81382.9,4.82897e+06,0,0
0.186306,0.311309,0.331036,86010.8,5.10665e+06,0,0
0.186021,0.311563,0.339763,88676,5.26656e+06,0,0
0.181716,0.310879,0.351712,89751.3,5.33108e+06,0,0
0.186389,0.311348,0.357725,89166.1,5.29597e+06,0,0
0.18182,0.309139,0.373565,84617.9,5.02307e+06,0,0
0.180942,0.309247,0.380245,81428.5,4.83171e+06,0,0
0.185474,0.311492,0.391913,74691.1,4.42747e+06,0,0
0.182308,0.311568,0.41257,59534.1,3.51804e+06,0,0
0.183978,0.311932,0.418808,54513.9,3.21684e+06,0,0
0.183355,0.312185,0.281812,54610.6,3.22263e+06,0,0
0.184148,0.312345,0.284335,56649.4,3.34496e+06,0,0
0.184237,0.31116,0.299836,68610.7,4.06264e+06,0,0
0.183197,0.311873,0.314015,78123.6,4.63341e+06,0,0
0.182971,0.309945,0.326327,84418.3,5.0111e+06,0,0
0.184371,0.311018,0.338341,88455,5.2533e+06,0,0
0.182307,0.309087,0.348876,89649.1,5.32495e+06,0,0
0.183162,0.309035,0.364412,87794,5.21364e+06,0,0
0.181944,0.310255,0.373024,84933.7,5.04202e+06,0,0
0.185181,0.311982,0.383818,79676.8,4.72661e+06,0,0
0.184782,0.311834,0.393736,73518.9,4.35713e+06,0,0
0.181655,0.30989,0.416963,55927.8,3.30167e+06,0,0
0.184262,0.312701,0.41746,55599.8,3.28199e+06,0,0
0.180708,0.310411,0.281046,53876.9,3.17862e+06,0,0
0.182251,0.3117,0.292458,63057.9,3.72948e+06,0,0
0.180505,0.310277,0.303086,70795.8,4.19375e+06,0,0
0.182778,0.307251,0.317382,79699.5,4.72797e+06,0,0
0.182509,0.310599,0.3266,84577.7,5.02066e+06,0,0
0.185093,0.312465,0.335553,87743.4,5.2106e+06,0,0
0.185867,0.312229,0.352332,89711.4,5.32868e+06,0,0
0.185791,0.311012,0.365849,87224.2,5.17945e+06,0,0
0.185964,0.310782,0.373903,84532.8,5.01797e+06,0,0
0.184015,0.311987,0.387409,77608.8,4.60253e+06,0,0
0.180507,0.309911,0.394428,72885.6,4.31913e+06,0,0
0.181966,0.311312,0.405546,64854.8,3.83729e+06,0,0
0.18252,0.311253,0.418288,54923.2,3.24139e+06,0,0
0.184587,0.312115,0.280121,53223.2,3.13939e+06,0,0
0.182542,0.31081,0.293466,63824.3,3.77546e+06,0,0
0.184597,0.313002,0.300838,69335.1,4.10611e+06,0,0
0.184128,0.312423,0.314044,78138,4.63428e+06,0,0
0.183645,0.31034,0.328685,85421.2,5.07127e+06,0,0
0.183491,0.307973,0.339342,88413.1,5.25079e+06,0,0
0.183872,0.309759,0.354419,89583.6,5.32102e+06,0,0
0.183147,0.30991,0.357726,89225.3,5.29952e+06,0,0
0.183103,0.310461,0.372639,85130.6,5.05384e+06,0,0
0.183944,0.312646,0.386349,78248.2,4.64089e+06,0,0
0.184758,0.312713,0.399198,69712.3,4.12874e+06,0,0
0.184615,0.312749,0.41577,56965.8,3.36395e+06,0,0
0.183858,0.31062,0.417268,55732.6,3.28996e+06,0,0
0.183045,0.311741,0.282674,55294,3.26364e+06,0,0
0.183663,0.31223,0.285605,57676.8,3.40661e+06,0,0
0.18284,0.311839,0.308017,74329.3,4.40576e+06,0,0
0.180928,0.309417,0.315932,79037.9,4.68827e+06,0,0
0.185871,0.309535,0.327173,84668.9,5.02613e+06,0,0
0.184267,0.311667,0.341369,89074,5.29044e+06,0,0
0.183807,0.312536,0.351613,89827.9,5.33567e+06,0,0
0.186166,0.310993,0.358455,89065.2,5.28991e+06,0,0
0.184474,0.309158,0.370641,85802.6,5.09416e+06,0,0
0.181729,0.310572,0.380276,81561,4.83966e+06,0,0
0.183733,0.312252,0.397821,70723.1,4.18938e+06,0,0
0.184569,0.312544,0.410615,61086.8,3.61121e+06,0,0
0.180262,0.310495,0.418898,54307.5,3.20445e+06,0,0
0.182699,0.310141,0.281708,54471.7,3.2143e+06,0,0
0.18035,0.31031,0.286079,57907.7,3.42046e+06,0,0
0.18053,0.309987,0.300217,68732.7,4.06996e+06,0,0
0.186647,0.309287,0.318737,80535.6,4.77814e+06,0,0
0.18686,0.310241,0.330781,86025.7,5.10754e+06,0,0
0.18524,0.313458,0.340459,88843.7,5.27662e+06,0,0
0.185936,0.31008,0.353405,89582.1,5.32092e+06,0,0
0.184765,0.313699,0.36269,88315.9,5.24495e+06,0,0
0.18514,0.31241,0.370919,85813.9,5.09484e+06,0,0
0.183414,0.310037,0.385947,78418.7,4.65112e+06,0,0
0.180744,0.310228,0.399694,69235.1,4.10011e+06,0,0
0.182073,0.311127,0.409783,61589.7,3.64138e+06,0,0
0.181841,0.310272,0.418613,54611.3,3.22268e+06,0,0
0.185014,0.311654,0.281456,54291.8,3.20351e+06,0,0
0.183981,0.311483,0.291391,62244.3,3.68066e+06,0,0
0.185126,0.308424,0.302733,70490.7,4.17544e+06,0,0
0.185119,0.312222,0.312641,77252.7,4.58116e+06,0,0
0.184981,0.308305,0.328661,85195.3,5.05772e+06,0,0
0.18423,0.312168,0.334563,87499,5.19594e+06,0,0
0.181871,0.307939,0.349398,89497.5,5.31585e+06,0,0
0.183738,0.31181,0.35991,88962.6,5.28376e+06,0,0
0.185139,0.312909,0.371797,85469.7,5.07418e+06,0,0
0.186381,0.310259,0.384748,79009.8,4.68659e+06,0,0
0.184879,0.312082,0.397838,70681.7,4.1869e+06,0,0
0.184411,0.311721,0.411194,60631.9,3.58392e+06,0,0
0.185177,0.311102,0.418185,54975.4,3.24452e+06,0,0
0.184611,0.312055,0.28231,54998.2,3.24589e+06,0,0
0.184768,0.312454,0.285855,57856.9,3.41741e+06,0,0
0.184681,0.312399,0.304948,72242.2,4.28053e+06,0,0
0.185911,0.309307,0.317394,79868.2,4.73809e+06,0,0
0.183113,0.30927,0.331648,86440.4,5.13242e+06,0,0
0.182348,0.310691,0.34187,89115.2,5.29291e+06,0,0
0.18329,0.31055,0.352917,89740.7,5.33044e+06,0,0
0.18238,0.309934,0.362871,88242.9,5.24058e+06,0,0
0.181431,0.308782,0.373358,84644.1,5.02464e+06,0,0
0.186698,0.309396,0.387244,77446.4,4.59279e+06,0,0
0.185295,0.311763,0.397045,71218.9,4.21913e+06,0,0
0.184705,0.312487,0.419951,53567.8,3.16007e+06,0,0
0.184065,0.312024,0.418191,55015.4,3.24693e+06,0,0
0.183432,0.311325,0.282461,55126.4,3.25358e+06,0,0
0.183894,0.312023,0.282751,55366.2,3.26797e+06,0,0
0.185464,0.311127,0.304581,71934.4,4.26206e+06,0,0
0.181529,0.309311,0.316648,79476.7,4.7146e+06,0,0
0.182502,0.30976,0.326141,84328.2,5.00569e+06,0,0
0.182738,0.311909,0.338684,88555.9,5.25935e+06,0,0
0.182614,0.311729,0.350012,89833.9,5.33603e+06,0,0
0.182725,0.311545,0.362558,88402.1,5.25013e+06,0,0
0.183367,0.3099,0.371863,85417.1,5.07102e+06,0,0
0.183678,0.310465,0.386087,78359.2,4.64755e+06,0,0
0.182721,0.311647,0.395956,72017.7,4.26706e+06,0,0
0.184919,0.311532,0.417182,55805.2,3.29431e+06,0,0
0.182734,0.311381,0.417335,55696,3.28776e+06,0,0
0.181946,0.304832,0.281378,53664.6,3.16588e+06,0,0
0.184977,0.311246,0.292113,62774,3.71244e+06,0,0
0.183725,0.310916,0.305026,72291.1,4.28347e+06,0,0
0.183731,0.307709,0.319241,80783.3,4.793e+06,0,0
0.182805,0.310769,0.328803,85493.9,5.07563e+06,0,0
0.182441,0.312427,0.339893,88797.6,5.27385e+06,0,0
0.181594,0.312878,0.346458,89638.2,5.32429e+06,0,0
0.181971,0.313044,0.359749,88942.3,5.28254e+06,0,0
0.182381,0.311212,0.37225,85312.6,5.06476e+06,0,0
0.184163,0.310163,0.384598,79211.9,4.69871e+06,0,0
0.184428,0.310379,0.393119,73896.3,4.37978e+06,0,0
0.183213,0.311739,0.405509,65057.1,3.84943e+06,0,0
0.184326,0.310605,0.417287,55705.4,3.28832e+06,0,0
0.184935,0.312977,0.282481,55118.6,3.25311e+06,0,0
0.18462,0.312577,0.286976,58756.1,3.47137e+06,0,0
0.185024,0.313155,0.305442,72554.1,4.29924e+06,0,0
0.184916,0.313584,0.31232,77035,4.5681e+06,0,0
0.183465,0.313347,0.331542,86519.2,5.13716e+06,0,0
0.412338,0.295855,0.337053,426.364,0,0,0
0.185195,0.313625,0.351972,89736.8,5.33021e+06,0,0
0.184348,0.313802,0.361002,88699,5.26794e+06,0,0
0.184554,0.313876,0.371475,85583.5,5.08101e+06,0,0
0.184926,0.313791,0.381229,81071.7,4.8103e+06,0,0
0.18498,0.31308,0.396505,71603.9,4.24223e+06,0,0
0.184962,0.312681,0.408733,62545.4,3.69873e+06,0,0
0.184872,0.312799,0.417306,55706.1,3.28837e+06,0,0
0.18461,0.312871,0.28172,54516,3.21696e+06,0,0
0.183912,0.312409,0.289753,60969.7,3.60418e+06,0,0
0.184931,0.313189,0.30479,72108.8,4.27253e+06,0,0
0.184764,0.313512,0.314243,78211.1,4.63867e+06,0,0
0.183062,0.313105,0.327683,85066.3,5.04998e+06,0,0
0.183209,0.313302,0.339069,88625.7,5.26354e+06,0,0
0.18286,0.313198,0.349892,89824.2,5.33545e+06,0,0
0.182395,0.312879,0.361288,88667.3,5.26604e+06,0,0
0.184836,0.313851,0.370844,85813.8,5.09483e+06,0,0
0.184703,0.313542,0.385088,78944.7,4.68268e+06,0,0
0.184947,0.313134,0.396344,71716.5,4.24899e+06,0,0
0.182844,0.311746,0.417312,55715.2,3.28891e+06,0,0
0.184599,0.312951,0.41801,55143.8,3.25463e+06,0,0
0.180773,0.310569,0.282746,55254.3,3.26126e+06,0,0
0.180794,0.310489,0.282222,54835.6,3.23614e+06,0,0
0.184522,0.312711,0.304809,72146.7,4.2748e+06,0,0
0.184797,0.313578,0.315472,78928.3,4.6817e+06,0,0
0.185312,0.314303,0.331501,86394.7,5.12968e+06,0,0
0.185542,0.313841,0.339805,88679.5,5.26677e+06,0,0
0.184269,0.313903,0.350863,89786.6,5.33319e+06,0,0
0.185546,0.313452,0.363241,88152.1,5.23512e+06,0,0
0.185238,0.31383,0.372608,85104.4,5.05227e+06,0,0
0.185019,0.313545,0.387091,77742.5,4.61055e+06,0,0
0.184051,0.312521,0.396441,71686.5,4.24719e+06,0,0
0.182089,0.311208,0.417656,55424.6,3.27148e+06,0,0
0.184859,0.312896,0.417835,55278.3,3.2627e+06,0,0
0.183374,0.31255,0.280129,53241.2,3.14047e+06,0,0
0.184777,0.312836,0.286254,58172.4,3.43634e+06,0,0
0.184333,0.312897,0.299673,68498.8,4.05593e+06,0,0
0.182447,0.312647,0.32007,81504.8,4.83629e+06,0,0
0.18444,0.313702,0.329953,85914.9,5.10089e+06,0,0
0.185223,0.314128,0.338803,88473,5.25438e+06,0,0
0.184701,0.312911,0.347259,89724.5,5.32947e+06,0,0
0.184997,0.313996,0.361368,88581.9,5.26091e+06,0,0
0.185133,0.314275,0.372723,85034.9,5.04809e+06,0,0
0.182044,0.311876,0.385314,78834.2,4.67605e+06,0,0
0.183798,0.312739,0.395886,72073.3,4.2704e+06,0,0
0.184141,0.312595,0.407542,63492.8,3.75557e+06,0,0
0.180867,0.310567,0.418078,55012.8,3.24677e+06,0,0
0.184577,0.312764,0.281636,54449.9,3.21299e+06,0,0
0.184145,0.312155,0.28962,60863.1,3.59778e+06,0,0
0.183063,0.312325,0.306754,73491.6,4.3555e+06,0,0
0.185026,0.313848,0.317868,80261.4,4.76169e+06,0,0
0.184198,0.314006,0.332376,86760,5.1516e+06,0,0
0.412442,0.294542,0.341875,427.675,0,0,0
0.183871,0.313411,0.347795,89763.1,5.33179e+06,0,0
0.185682,0.313166,0.362513,88325.4,5.24553e+06,0,0
0.184641,0.314081,0.371149,85692.6,5.08755e+06,0,0
0.184948,0.31363,0.384142,79472.9,4.71437e+06,0,0
0.183947,0.31246,0.400278,68954.1,4.08325e+06,0,0
0.183328,0.312463,0.405134,65344.2,3.86665e+06,0,0
0.181571,0.311184,0.417827,55247.8,3.26087e+06,0,0
0.184714,0.31287,0.28249,55134.3,3.25406e+06,0,0
0.184756,0.312747,0.288564,60012,3.54672e+06,0,0
0.184948,0.313124,0.301494,69790.3,4.13342e+06,0,0
0.183492,0.313022,0.319526,81229.1,4.81975e+06,0,0
0.181963,0.312298,0.326571,84577.5,5.02065e+06,0,0
0.181224,0.310687,0.33983,88684,5.26704e+06,0,0
0.183622,0.312975,0.348971,89821.8,5.33531e+06,0,0
0.184706,0.313793,0.356799,89371.4,5.30828e+06,0,0
0.182899,0.312709,0.371638,85576,5.08056e+06,0,0
0.184082,0.31327,0.384624,79241.5,4.70049e+06,0,0
0.184178,0.312849,0.396615,71558.8,4.23953e+06,0,0
0.184938,0.312836,0.41706,55910,3.3006e+06,0,0
0.18433,0.312673,0.4197,53779.4,3.17276e+06,0,0
0.183666,0.312379,0.282345,55039.1,3.24835e+06,0,0
0.183092,0.312367,0.29234,62987.5,3.72525e+06,0,0
0.184069,0.312757,0.307587,74041.8,4.38851e+06,0,0
0.180072,0.310705,0.315153,78594.4,4.66166e+06,0,0
0.185428,0.313674,0.329199,85583.8,5.08103e+06,0,0
0.185457,0.313096,0.336639,87998,5.22588e+06,0,0
0.183445,0.313441,0.349448,89817.2,5.33503e+06,0,0
0.185789,0.312837,0.365563,87538.1,5.19829e+06,0,0
0.184291,0.313969,0.37134,85638.5,5.08431e+06,0,0
0.18449,0.31319,0.387746,77376.8,4.58861e+06,0,0
0.182536,0.312069,0.394151,73253.9,4.34123e+06,0,0
0.183427,0.312288,0.407301,63687,3.76722e+06,0,0
0.184952,0.312663,0.418364,54849.8,3.23699e+06,0,0
0.184854,0.31284,0.280439,53469.9,3.1542e+06,0,0
0.184931,0.312853,0.284111,56444.3,3.33266e+06,0,0
0.184504,0.312885,0.303612,71313,4.22478e+06,0,0
0.184316,0.313471,0.317359,80025.1,4.74751e+06,0,0
0.182058,0.312284,0.328796,85492.3,5.07554e+06,0,0
0.181476,0.31229,0.338764,88510,5.2566e+06,0,0
0.182358,0.311817,0.347047,89721.8,5.32931e+06,0,0
0.180899,0.311808,0.35696,89311.7,5.3047e+06,0,0
0.182575,0.312648,0.371533,85609.5,5.08257e+06,0,0
0.183883,0.31336,0.379526,82009.2,4.86655e+06,0,0
0.184857,0.31311,0.39534,72415.8,4.29095e+06,0,0
0.184853,0.312892,0.406093,64582.1,3.82093e+06,0,0
0.184565,0.312791,0.419977,53546.9,3.15881e+06,0,0
0.182572,0.311898,0.282436,55089.8,3.25139e+06,0,0
0.183669,0.312589,0.29427,64470.6,3.81423e+06,0,0
0.183185,0.312521,0.306489,73311.7,4.3447e+06,0,0
0.182286,0.312465,0.316532,79571.3,4.72028e+06,0,0
0.184645,0.313876,0.326388,84469,5.01414e+06,0,0
0.185705,0.31349,0.338258,88354.5,5.24727e+06,0,0
0.185429,0.314403,0.351756,89676.1,5.32657e+06,0,0
0.18547,0.313512,0.361784,88490.2,5.25541e+06,0,0
0.185413,0.314591,0.368862,86440.5,5.13243e+06,0,0
0.181554,0.311722,0.38403,79547.2,4.71883e+06,0,0
0.183286,0.312618,0.391214,75214.7,4.45888e+06,0,0
0.183664,0.312344,0.414397,58092.6,3.43156e+06,0,0
0.18319,0.312498,0.41777,55357.9,3.26747e+06,0,0
0.185048,0.312998,0.282032,54731.8,3.22991e+06,0,0
0.184021,0.312058,0.295027,65046.2,3.84877e+06,0,0
0.184802,0.312978,0.301743,69977.5,4.14465e+06,0,0
0.18509,0.313649,0.313797,77922.4,4.62134e+06,0,0
0.185242,0.313974,0.325402,84005.6,4.98633e+06,0,0
0.184037,0.313607,0.34051,88897.6,5.27985e+06,0,0
0.184205,0.313522,0.350689,89810.5,5.33463e+06,0,0
0.185189,0.313579,0.358105,89182.6,5.29695e+06,0,0
0.184604,0.314062,0.373468,84769.5,5.03217e+06,0,0
0.184112,0.313176,0.383012,80154,4.75524e+06,0,0
0.182926,0.312157,0.396004,71994,4.26564e+06,0,0
0.184646,0.312417,0.412359,59704.5,3.52827e+06,0,0
0.183681,0.312469,0.418288,54938.2,3.24229e+06,0,0
0.184849,0.312906,0.280179,53258,3.14148e+06,0,0
0.184817,0.312965,0.28748,59146.3,3.49478e+06,0,0
0.184856,0.313286,0.302032,70173.5,4.15641e+06,0,0
0.18453,0.313563,0.315455,78930.9,4.68185e+06,0,0
0.182839,0.313017,0.324312,83596.7,4.9618e+06,0,0
0.179949,0.310829,0.336609,87835.8,5.21615e+06,0,0
0.180508,0.311711,0.350945,89695.6,5.32774e+06,0,0
0.180095,0.311012,0.3616,88419.4,5.25116e+06,0,0
0.183521,0.312943,0.373429,84855.3,5.03732e+06,0,0
0.184617,0.313518,0.381879,80749.6,4.79098e+06,0,0
0.412827,0.28678,0.398805,284.003,0,0,0
0.18499,0.312777,0.409184,62191.9,3.67752e+06,0,0
0.184412,0.312914,0.418526,54730.8,3.22985e+06,0,0
0.183221,0.312337,0.280147,53256.3,3.14138e+06,0,0
0.184354,0.312639,0.285314,57432,3.39192e+06,0,0
0.183817,0.312785,0.305312,72506.6,4.29639e+06,0,0
0.183586,0.312922,0.312857,77417.9,4.59108e+06,0,0
0.180904,0.311101,0.323755,83234.8,4.94009e+06,0,0
0.182735,0.311442,0.340611,88936.1,5.28217e+06,0,0
0.182633,0.311643,0.353685,89723.5,5.32941e+06,0,0
0.182464,0.311753,0.36488,87812.3,5.21474e+06,0,0
0.181134,0.311668,0.374176,84458.3,5.0135e+06,0,0
0.18247,0.312392,0.382859,80244.3,4.76066e+06,0,0
0.183753,0.312699,0.399059,69835.7,4.13614e+06,0,0
0.184445,0.312754,0.407173,63769.1,3.77215e+06,0,0
0.18333,0.312253,0.418308,54924.3,3.24146e+06,0,0
0.182114,0.311621,0.281946,54693.5,3.22761e+06,0,0
0.183571,0.312347,0.283533,56007.7,3.30646e+06,0,0
0.183035,0.312507,0.298587,67713.4,4.0088e+06,0,0
0.180102,0.310965,0.316246,79239.2,4.70035e+06,0,0
0.181474,0.311397,0.323874,83339.3,4.94636e+06,0,0
0.183939,0.31012,0.339966,88748.4,5.2709e+06,0,0
0.184423,0.3082,0.349133,89555.6,5.31934e+06,0,0
0.184059,0.308389,0.36165,88375.8,5.24855e+06,0,0
0.181772,0.311492,0.375736,83807,4.97442e+06,0,0
0.180029,0.311049,0.384646,79055.9,4.68936e+06,0,0
0.182606,0.312271,0.393751,73526.2,4.35757e+06,0,0
0.183324,0.312164,0.411762,60197.4,3.55785e+06,0,0
0.182465,0.311841,0.417988,55170.7,3.25624e+06,0,0
0.182141,0.311824,0.281272,54150.1,3.19501e+06,0,0
0.182601,0.311851,0.285945,57938.8,3.42233e+06,0,0
0.306512,0.410518,0.301729,135.145,0,0,0
0.180685,0.310948,0.313237,77520.9,4.59726e+06,0,0
0.182345,0.310054,0.324509,83610,4.9626e+06,0,0
0.184367,0.310084,0.338494,88439.3,5.25236e+06,0,0
0.186263,0.310417,0.349072,89650.7,5.32504e+06,0,0
0.185975,0.3118,0.362366,88343.5,5.24661e+06,0,0
0.182699,0.310108,0.375675,83804.8,4.97428e+06,0,0
0.180904,0.310838,0.38292,80101.2,4.75207e+06,0,0
0.180361,0.3109,0.394636,72781.9,4.31292e+06,0,0
0.182202,0.311661,0.416176,56636,3.34416e+06,0,0
0.180599,0.310788,0.418624,54562,3.21972e+06,0,0
0.182084,0.311606,0.280367,53411.2,3.15067e+06,0,0
0.180524,0.310622,0.284371,56561.9,3.33971e+06,0,0
0.181997,0.311762,0.303134,70963.2,4.20379e+06,0,0
0.181813,0.310516,0.316909,79724.9,4.7295e+06,0,0
0.184972,0.309769,0.32689,84626.9,5.02361e+06,0,0
0.185837,0.311819,0.339099,88558.3,5.2595e+06,0,0
0.185332,0.312579,0.348338,89749.8,5.33099e+06,0,0
0.18664,0.311849,0.364464,87761.7,5.2117e+06,0,0
0.186249,0.311944,0.369898,86100.9,5.11205e+06,0,0
0.181794,0.311139,0.385829,78505.6,4.65634e+06,0,0
0.181874,0.311679,0.396907,71326.8,4.22561e+06,0,0
0.182483,0.312017,0.411279,60567.2,3.58003e+06,0,0
0.180911,0.31096,0.418555,54639.8,3.22439e+06,0,0
0.182996,0.308695,0.282532,55051.7,3.2491e+06,0,0
0.183936,0.311402,0.286871,58681.3,3.46688e+06,0,0
0.182692,0.310815,0.303771,71410,4.2306e+06,0,0
0.183299,0.312725,0.314003,78115,4.6329e+06,0,0
0.184622,0.313354,0.330479,86116.1,5.11296e+06,0,0
0.185423,0.313993,0.341932,89058.4,5.2895e+06,0,0
0.184661,0.314232,0.35167,89733.8,5.33003e+06,0,0
0.185714,0.314493,0.358781,88979.2,5.28475e+06,0,0
0.184921,0.313971,0.369612,86248,5.12088e+06,0,0
0.185656,0.310191,0.385041,78891.9,4.67952e+06,0,0
0.18478,0.309912,0.393431,73657.6,4.36545e+06,0,0
0.184638,0.308335,0.408367,62665.8,3.70595e+06,0,0
0.184036,0.308293,0.417901,55091.4,3.25148e+06,0,0
0.184947,0.309666,0.282169,54793.5,3.23361e+06,0,0
0.183209,0.307747,0.286946,58530.5,3.45783e+06,0,0
0.183284,0.309031,0.307406,73794.6,4.37367e+06,0,0
0.186377,0.311259,0.318384,80483.6,4.77502e+06,0,0
0.18517,0.312911,0.323831,83334.5,4.94607e+06,0,0
0.185457,0.31477,0.34023,88697,5.26782e+06,0,0
0.185525,0.314849,0.351094,89644.1,5.32464e+06,0,0
0.185306,0.314642,0.361798,88423,5.25138e+06,0,0
0.184878,0.31402,0.369565,86264,5.12184e+06,0,0
0.183083,0.310915,0.381849,80788.8,4.79333e+06,0,0
0.184031,0.308148,0.394066,73095,4.3317e+06,0,0
0.183428,0.307617,0.417559,55294.1,3.26365e+06,0,0
0.183086,0.310337,0.417968,55141.6,3.2545e+06,0,0
0.184834,0.311973,0.282162,54874.1,3.23844e+06,0,0
0.185624,0.310867,0.282238,54890.2,3.23941e+06,0,0
0.185869,0.311026,0.300963,69358.5,4.10751e+06,0,0
0.183961,0.309274,0.315235,78721.2,4.66927e+06,0,0
0.18306,0.311727,0.327437,84976.6,5.0446e+06,0,0
0.185651,0.314388,0.338034,88251.1,5.24107e+06,0,0
0.184949,0.314156,0.351495,89726.9,5.32961e+06,0,0
0.184984,0.314285,0.356709,89335.4,5.30612e+06,0,0
0.183714,0.311379,0.3759,83774,4.97244e+06,0,0
0.182322,0.311158,0.386504,78122.7,4.63336e+06,0,0
0.184834,0.311946,0.398801,70000,4.146e+06,0,0
0.185389,0.310845,0.409675,61777.1,3.65262e+06,0,0
0.183132,0.309692,0.417274,55688.2,3.28729e+06,0,0
0.186651,0.309879,0.282079,54644.1,3.22464e+06,0,0
0.186689,0.309346,0.287688,59131.5,3.49389e+06,0,0
0.185381,0.310946,0.300402,68978.6,4.08472e+06,0,0
0.185525,0.312937,0.315166,78734.5,4.67007e+06,0,0
0.184439,0.314125,0.330338,86033.4,5.108e+06,0,0
0.184288,0.314273,0.341074,88951,5.28306e+06,0,0
0.182907,0.31227,0.347169,89750.9,5.33105e+06,0,0
0.184109,0.314343,0.360769,88715.1,5.26891e+06,0,0
0.184093,0.314009,0.372045,85364.7,5.06788e+06,0,0
0.185388,0.312685,0.386401,78161.4,4.63568e+06,0,0
0.184876,0.311065,0.398756,70014.6,4.14688e+06,0,0
0.185408,0.311645,0.410537,61112.3,3.61274e+06,0,0
0.186092,0.310932,0.417657,55343.5,3.26661e+06,0,0
0.181008,0.309648,0.280355,53297.8,3.14387e+06,0,0
0.185781,0.310472,0.286765,58515.2,3.45691e+06,0,0
0.185203,0.311782,0.304491,71904.6,4.26027e+06,0,0
0.183064,0.310213,0.317824,80260.6,4.76164e+06,0,0
0.1832,0.313698,0.327981,85164.7,5.05588e+06,0,0
0.185653,0.314035,0.340334,88758.4,5.27151e+06,0,0
0.18403,0.313744,0.347165,89705.8,5.32835e+06,0,0
0.180516,0.312076,0.362532,88277.5,5.24265e+06,0,0
0.183747,0.312319,0.37123,85741,5.09046e+06,0,0
0.184024,0.313437,0.381969,80719.6,4.78918e+06,0,0
0.184811,0.312026,0.393898,73413.7,4.35082e+06,0,0
0.185592,0.310783,0.414248,58139.8,3.43439e+06,0,0
0.184984,0.310781,0.417411,55595.8,3.28175e+06,0,0
0.18596,0.309512,0.282577,55087,3.25122e+06,0,0
0.183121,0.308198,0.2939,63997.1,3.78582e+06,0,0
0.183917,0.309744,0.305239,72381.3,4.28888e+06,0,0
0.185446,0.311746,0.316045,79255.6,4.70134e+06,0,0
0.185479,0.314264,0.327447,84846.6,5.0368e+06,0,0
0.185263,0.314765,0.340303,88726.5,5.26959e+06,0,0
0.185086,0.314465,0.353397,89621.5,5.32329e+06,0,0
0.185387,0.314567,0.361287,88534.8,5.25809e+06,0,0
0.185055,0.3141,0.372518,85132.4,5.05394e+06,0,0
0.18403,0.311458,0.387207,77726.1,4.60957e+06,0,0
0.182604,0.309926,0.39632,71700.4,4.24802e+06,0,0
0.182138,0.308137,0.416036,56575.6,3.34054e+06,0,0
0.186239,0.309618,0.418884,54303.9,3.20423e+06,0,0
0.185468,0.31116,0.281044,53937.3,3.18224e+06,0,0
0.186177,0.310608,0.286958,58650.5,3.46503e+06,0,0
0.18617,0.310895,0.301932,70027.3,4.14764e+06,0,0
0.184995,0.312948,0.312731,77306,4.58436e+06,0,0
0.1837,0.313811,0.325675,84185.6,4.99714e+06,0,0
0.181537,0.312902,0.339418,88644.6,5.26468e+06,0,0
0.181895,0.312717,0.347938,89749.6,5.33098e+06,0,0
0.183284,0.313256,0.356852,89415.2,5.31091e+06,0,0
0.180111,0.311691,0.368896,86402.2,5.13013e+06,0,0
0.184653,0.312514,0.385453,78761.3,4.67168e+06,0,0
0.185502,0.312097,0.392717,74170.3,4.39622e+06,0,0
0.186533,0.309884,0.409429,61857.8,3.65747e+06,0,0
0.185342,0.311401,0.418039,55098.5,3.25191e+06,0,0
0.183495,0.310497,0.281454,54292.2,3.20353e+06,0,0
0.183513,0.307853,0.282517,54970.5,3.24423e+06,0,0
0.18269,0.309724,0.306997,73567,4.36002e+06,0,0
0.183515,0.311449,0.31769,80238.6,4.76031e+06,0,0
0.185071,0.31427,0.330025,85878.3,5.0987e+06,0,0
0.186052,0.314167,0.337077,88006.6,5.22639e+06,0,0
0.413975,0.277319,0.346912,418.338,0,0,0
0.184896,0.314367,0.365109,87648.2,5.20489e+06,0,0
0.184479,0.313093,0.374505,84373.1,5.00839e+06,0,0
0.18424,0.310903,0.386281,78262.2,4.64173e+06,0,0
0.182372,0.308659,0.400056,68943.4,4.08261e+06,0,0
0.182299,0.309138,0.413573,58631,3.46386e+06,0,0
0.181363,0.309333,0.41851,54630.1,3.2238e+06,0,0
0.185836,0.31096,0.281451,54243.9,3.20063e+06,0,0
0.184737,0.309439,0.292674,63140.5,3.73443e+06,0,0
0.186277,0.310236,0.301687,69816.5,4.13499e+06,0,0
0.185674,0.313183,0.319292,81022.4,4.80735e+06,0,0
0.185891,0.313172,0.32559,84081.3,4.99088e+06,0,0
0.184385,0.314204,0.336302,87907.4,5.22044e+06,0,0
0.184733,0.314557,0.352674,89670.2,5.32621e+06,0,0
0.185046,0.314293,0.364417,87836.8,5.21621e+06,0,0
0.185501,0.31366,0.372225,85250.4,5.06102e+06,0,0
0.185648,0.312694,0.384289,79378.3,4.7087e+06,0,0
0.186189,0.310187,0.396803,71283.9,4.22304e+06,0,0
0.184381,0.309746,0.40848,62694.1,3.70765e+06,0,0
0.186103,0.310524,0.417295,55635.4,3.28412e+06,0,0
0.185802,0.311425,0.281082,53956.1,3.18337e+06,0,0
0.186234,0.310525,0.292661,63112.7,3.73276e+06,0,0
0.185889,0.311507,0.3042,71659.1,4.24555e+06,0,0
0.185343,0.31245,0.314725,78496.1,4.65576e+06,0,0
0.18279,0.312948,0.326938,84755.1,5.03131e+06,0,0
0.183289,0.314,0.339561,88694.3,5.26766e+06,0,0
0.182568,0.313614,0.349447,89792.8,5.33357e+06,0,0
0.18274,0.313908,0.357517,89289.2,5.30335e+06,0,0
0.18356,0.313967,0.372265,85286.6,5.06319e+06,0,0
0.185267,0.312425,0.384154,79484,4.71504e+06,0,0
0.185682,0.312078,0.393614,73560,4.3596e+06,0,0
0.186322,0.310356,0.417068,55808.8,3.29453e+06,0,0
0.186083,0.310863,0.418818,54418.2,3.21109e+06,0,0
0.184581,0.311714,0.281846,54624,3.22344e+06,0,0
0.185145,0.311596,0.282788,55372.2,3.26833e+06,0,0
0.185133,0.312295,0.302922,70811.8,4.19471e+06,0,0
0.183382,0.313362,0.318639,80742.5,4.79055e+06,0,0
0.179713,0.311607,0.327811,84901.4,5.04008e+06,0,0
0.199873,0.329611,0.336151,78560.7,4.65964e+06,0,0
0.183759,0.313759,0.346929,89694.8,5.32769e+06,0,0
0.180662,0.312204,0.360347,88753.2,5.2712e+06,0,0
0.180139,0.311697,0.374176,84367,5.00802e+06,0,0
0.183358,0.312679,0.382667,80363.3,4.7678e+06,0,0
0.184931,0.312069,0.395637,72221.7,4.2793e+06,0,0
0.184968,0.311937,0.409107,62257.5,3.68145e+06,0,0
0.184675,0.312152,0.417236,55771.2,3.29227e+06,0,0
0.183995,0.3098,0.280085,53151,3.13506e+06,0,0
0.183513,0.310706,0.289688,60897.4,3.59985e+06,0,0
0.18337,0.312172,0.303151,71010.3,4.20662e+06,0,0
0.184177,0.311794,0.314807,78588.4,4.66131e+06,0,0
0.184199,0.313731,0.326205,84411,5.01066e+06,0,0
0.185717,0.315215,0.343123,89109,5.29254e+06,0,0
0.18569,0.315119,0.351284,89602.9,5.32218e+06,0,0
0.183863,0.31352,0.359108,89072.3,5.29034e+06,0,0
0.184815,0.314048,0.374063,84506,5.01636e+06,0,0
0.181961,0.311762,0.383104,80089.8,4.75139e+06,0,0
0.182859,0.30944,0.401258,68142.7,4.03456e+06,0,0
0.183078,0.309215,0.417257,55682.3,3.28694e+06,0,0
0.183189,0.309669,0.418007,55103.9,3.25223e+06,0,0
0.185272,0.311733,0.280557,53556.3,3.15938e+06,0,0
0.183578,0.309866,0.292599,63128.2,3.73369e+06,0,0
0.182827,0.311169,0.30626,73141.7,4.3345e+06,0,0
0.183901,0.312759,0.31286,77419.2,4.59115e+06,0,0
0.185609,0.314816,0.32823,85112.4,5.05274e+06,0,0
0.185774,0.314915,0.337144,87987.7,5.22526e+06,0,0
0.185741,0.315041,0.351744,89598.8,5.32193e+06,0,0
0.185733,0.314586,0.36299,88128,5.23368e+06,0,0
0.185127,0.314325,0.375541,83824.9,4.97549e+06,0,0
0.185191,0.31283,0.387711,77377.6,4.58865e+06,0,0
0.18274,0.31146,0.393229,73875.4,4.37852e+06,0,0
0.183247,0.310034,0.411468,60378.5,3.56871e+06,0,0
0.185769,0.31137,0.41725,55710.6,3.28864e+06,0,0
0.185282,0.31229,0.281167,54051.7,3.1891e+06,0,0
0.185359,0.311695,0.280351,53386.3,3.14918e+06,0,0
0.184193,0.312343,0.301439,69786.4,4.13318e+06,0,0
0.185408,0.313964,0.316328,79370.8,4.70825e+06,0,0
0.185478,0.314721,0.32627,84316.9,5.00501e+06,0,0
0.185176,0.314767,0.341594,88963,5.28378e+06,0,0
0.18502,0.314805,0.350586,89690.2,5.32741e+06,0,0
0.185559,0.314477,0.357618,89171.2,5.29627e+06,0,0
0.18531,0.314801,0.371022,85652.3,5.08514e+06,0,0
0.184895,0.313733,0.384879,79047.4,4.68884e+06,0,0
0.185278,0.31236,0.39678,71408.9,4.23054e+06,0,0
0.185073,0.311349,0.410578,61093.6,3.61162e+06,0,0
0.184829,0.312578,0.417674,55413.7,3.27082e+06,0,0
0.185212,0.312895,0.282172,54861.1,3.23766e+06,0,0
0.185734,0.311628,0.282551,55154.6,3.25528e+06,0,0
0.184486,0.312889,0.302877,70795,4.1937e+06,0,0
0.185512,0.313635,0.313379,77648.1,4.60489e+06,0,0
0.413027,0.286119,0.324202,418.903,0,0,0
0.185012,0.314279,0.338296,88366.1,5.24796e+06,0,0
0.184082,0.314106,0.350511,89781.5,5.33289e+06,0,0
0.18457,0.314342,0.357302,89280.4,5.30282e+06,0,0
0.185352,0.314499,0.371835,85362.1,5.06773e+06,0,0
0.185336,0.314174,0.381638,80808.4,4.7945e+06,0,0
0.184647,0.312928,0.394852,72760.9,4.31166e+06,0,0
0.185222,0.311897,0.411273,60546,3.57876e+06,0,0
0.185536,0.312326,0.417664,55397,3.26982e+06,0,0
0.184707,0.312815,0.281265,54145,3.1947e+06,0,0
0.185229,0.312756,0.280694,53666.4,3.16598e+06,0,0
0.184867,0.312982,0.301848,70051,4.14906e+06,0,0
0.185041,0.312895,0.31321,77595.6,4.60173e+06,0,0
0.187199,0.309942,0.32713,84550,5.019e+06,0,0
0.183938,0.311384,0.336054,87908.2,5.22049e+06,0,0
0.184825,0.30909,0.352836,89594.5,5.32167e+06,0,0
0.187026,0.311531,0.35708,89185.5,5.29713e+06,0,0
0.18302,0.310753,0.373765,84680.6,5.02684e+06,0,0
0.184422,0.312651,0.3807,81409,4.83054e+06,0,0
0.184045,0.31259,0.393934,73406.8,4.35041e+06,0,0
0.184362,0.312655,0.413431,58854.1,3.47724e+06,0,0
0.184041,0.311609,0.419885,53633.2,3.16399e+06,0,0
0.18499,0.312878,0.282594,55200.5,3.25803e+06,0,0
0.184342,0.312452,0.290279,61375.1,3.62851e+06,0,0
0.184594,0.312894,0.303824,71456.7,4.2334e+06,0,0
0.183664,0.312414,0.319534,81243.3,4.8206e+06,0,0
0.183788,0.312643,0.330793,86271.1,5.12226e+06,0,0
0.184292,0.311857,0.340001,88822.5,5.27535e+06,0,0
0.180864,0.30995,0.351158,89643.2,5.32459e+06,0,0
0.184914,0.311257,0.359748,88938,5.28228e+06,0,0
0.18744,0.310341,0.373218,84640.8,5.02445e+06,0,0
0.184841,0.312902,0.384507,79293.6,4.70362e+06,0,0
0.184718,0.312858,0.392485,74354.9,4.40729e+06,0,0
0.184884,0.312736,0.412131,59874.8,3.53849e+06,0,0
0.184889,0.312676,0.418764,54527.8,3.21767e+06,0,0
0.18504,0.312229,0.282617,55223.2,3.25939e+06,0,0
0.184545,0.311612,0.284709,56941.6,3.36249e+06,0,0
0.184542,0.312892,0.306801,73501.3,4.35608e+06,0,0
0.184618,0.31316,0.312258,77022.1,4.56732e+06,0,0
0.186697,0.312162,0.329106,85470.1,5.07421e+06,0,0
0.187408,0.310344,0.340249,88568.9,5.26014e+06,0,0
0.186898,0.309495,0.353723,89417,5.31102e+06,0,0
0.187571,0.309948,0.359641,88645.1,5.26471e+06,0,0
0.186412,0.31206,0.3733,84768.2,5.03209e+06,0,0
0.184823,0.312399,0.385632,78647.5,4.66485e+06,0,0
0.183909,0.312087,0.399511,69511.9,4.11671e+06,0,0
0.18424,0.310793,0.416131,56667.5,3.34605e+06,0,0
0.184248,0.31256,0.419368,54052.3,3.18914e+06,0,0
0.183206,0.310019,0.282268,54915.1,3.24091e+06,0,0
0.181953,0.309923,0.287308,58957,3.48342e+06,0,0
0.182178,0.31036,0.299927,68636.8,4.06421e+06,0,0
0.182698,0.311815,0.313266,77665.6,4.60594e+06,0,0
0.184499,0.31329,0.329462,85745.8,5.09075e+06,0,0
0.185843,0.313132,0.340274,88775.6,5.27254e+06,0,0
0.186153,0.312631,0.351278,89706.5,5.32839e+06,0,0
0.18573,0.314279,0.359427,88886.1,5.27917e+06,0,0
0.184955,0.313287,0.370308,86029.3,5.10776e+06,0,0
0.183203,0.311874,0.382998,80182.4,4.75694e+06,0,0
0.182504,0.311422,0.399679,69371.5,4.10829e+06,0,0
0.182642,0.311141,0.408639,62628.3,3.7037e+06,0,0
0.181692,0.310828,0.419271,54091.2,3.19147e+06,0,0
0.184203,0.312337,0.282719,55334.3,3.26606e+06,0,0
0.182993,0.311435,0.29163,62431.4,3.69188e+06,0,0
0.184322,0.31228,0.305092,72351.6,4.28709e+06,0,0
0.185007,0.313401,0.318831,80806.9,4.79441e+06,0,0
0.185575,0.312935,0.32531,83984.6,4.98508e+06,0,0
0.186577,0.312107,0.337337,88082.4,5.23094e+06,0,0
0.186354,0.312485,0.350581,89698.6,5.32792e+06,0,0
0.187011,0.311761,0.364681,87668.7,5.20612e+06,0,0
0.186413,0.312283,0.371429,85517.3,5.07704e+06,0,0
0.184453,0.312855,0.383696,79770.6,4.73223e+06,0,0
0.18426,0.312248,0.397354,71043.8,4.20863e+06,0,0
0.184372,0.311816,0.417629,55447.6,3.27286e+06,0,0
0.18409,0.31249,0.418143,55052,3.24912e+06,0,0
0.184856,0.312978,0.281738,54521.3,3.21728e+06,0,0
0.184454,0.312719,0.288889,60276.7,3.5626e+06,0,0
0.184699,0.312977,0.309111,75025.1,4.44750e+06,0,0
0.185032,0.313034,0.313932,78029.9,4.62779e+06,0,0
0.182982,0.311556,0.324255,83578.9,4.96074e+06,0,0
0.186073,0.309473,0.341363,88849.1,5.27695e+06,0,0
0.184804,0.312376,0.347937,89767.2,5.33203e+06,0,0
0.184234,0.312421,0.364392,87948.6,5.22291e+06,0,0
0.183689,0.309798,0.368303,86486.2,5.13517e+06,0,0
0.185539,0.312073,0.386737,77953.2,4.62319e+06,0,0
0.184862,0.31293,0.401044,68365.2,4.04791e+06,0,0
0.184569,0.312711,0.416705,56210.3,3.31862e+06,0,0
0.184717,0.312888,0.417649,55432.9,3.27197e+06,0,0
0.181558,0.310731,0.282705,55268.9,3.26213e+06,0,0
0.183265,0.31044,0.290705,61684.8,3.64709e+06,0,0
0.183663,0.311566,0.30125,69652.2,4.12513e+06,0,0
0.183554,0.311461,0.319891,81423,4.83138e+06,0,0
0.185365,0.309188,0.325036,83746.8,4.97081e+06,0,0
0.186254,0.313324,0.338981,88471.9,5.25432e+06,0,0
0.186991,0.312429,0.351533,89611.9,5.32271e+06,0,0
0.186049,0.313784,0.362618,88242.8,5.24057e+06,0,0
0.186088,0.311729,0.373547,84690.4,5.02742e+06,0,0
0.184367,0.312778,0.38224,80582.2,4.78093e+06,0,0
0.183275,0.311754,0.396227,71840,4.2564e+06,0,0
0.183718,0.310124,0.419462,53944.9,3.18269e+06,0,0
0.183437,0.311149,0.417949,55205.9,3.25835e+06,0,0
0.184781,0.312848,0.282019,54752.2,3.23113e+06,0,0
0.184611,0.312303,0.287261,58985.4,3.48512e+06,0,0
0.184602,0.312871,0.304174,71700.9,4.24805e+06,0,0
0.18551,0.31279,0.315704,79049.9,4.689e+06,0,0
0.187681,0.310189,0.329633,85496.6,5.07579e+06,0,0
0.186833,0.31219,0.341576,88931.4,5.28189e+06,0,0
0.186872,0.312385,0.350877,89646.9,5.32482e+06,0,0
0.187499,0.3102,0.360302,88553.1,5.25919e+06,0,0
0.185506,0.31346,0.375466,83885.3,4.97912e+06,0,0
0.185118,0.312879,0.386454,78140.5,4.63443e+06,0,0
0.184419,0.312601,0.400591,68715.6,4.06894e+06,0,0
0.184387,0.312555,0.419814,53686.8,3.16721e+06,0,0
0.184522,0.312779,0.418613,54658.2,3.22549e+06,0,0
0.184836,0.31294,0.282718,55310.9,3.26465e+06,0,0
0.184955,0.312317,0.291696,62464.2,3.69385e+06,0,0
0.185028,0.312731,0.303907,71501.8,4.23611e+06,0,0
0.185736,0.311895,0.31324,77577.8,4.60067e+06,0,0
0.183608,0.312425,0.326451,84565,5.0199e+06,0,0
0.184082,0.308159,0.342296,88961.9,5.28371e+06,0,0
0.184647,0.311248,0.347304,89719.5,5.32917e+06,0,0
0.184925,0.308628,0.359644,88767.1,5.27203e+06,0,0
0.184013,0.311774,0.369914,86222.4,5.11935e+06,0,0
0.184016,0.312226,0.380495,81528.8,4.83773e+06,0,0
0.184767,0.31281,0.395161,72547.8,4.29887e+06,0,0
0.184586,0.312823,0.408888,62434.6,3.69207e+06,0,0
0.184685,0.312667,0.418492,54755.4,3.23132e+06,0,0
0.180482,0.310296,0.280917,53754,3.17124e+06,0,0
0.180438,0.309988,0.287168,58768.5,3.47211e+06,0,0
0.181364,0.310842,0.304099,71590.3,4.24142e+06,0,0
0.183088,0.31207,0.313916,78065.9,4.62996e+06,0,0
0.186319,0.309482,0.330529,85930.2,5.10182e+06,0,0
0.185924,0.310502,0.338564,88390.6,5.24944e+06,0,0
0.185952,0.310988,0.349906,89718.2,5.32909e+06,0,0
0.185438,0.311357,0.359639,88936.6,5.28219e+06,0,0
0.185278,0.311251,0.370003,86123.3,5.1134e+06,0,0
0.18421,0.309176,0.38202,80573.5,4.78041e+06,0,0
0.180746,0.310487,0.395526,72188.6,4.27732e+06,0,0
0.184392,0.312244,0.409527,61947.3,3.66284e+06,0,0
0.181566,0.310752,0.417683,55372.4,3.26835e+06,0,0
0.182856,0.311841,0.282397,55077.9,3.25068e+06,0,0
0.182599,0.311188,0.284503,56773.3,3.3524e+06,0,0
0.182262,0.311377,0.304177,71701,4.24806e+06,0,0
0.184898,0.312478,0.318821,80827.9,4.79567e+06,0,0
0.186666,0.312585,0.329728,85707.8,5.08846e+06,0,0
0.186789,0.313409,0.341456,88885.6,5.27914e+06,0,0
0.186297,0.314264,0.35102,89627.2,5.32363e+06,0,0
0.186861,0.313093,0.362709,88169.2,5.23615e+06,0,0
0.186931,0.311557,0.371123,85578.8,5.08073e+06,0,0
0.185155,0.313011,0.381204,81101.8,4.81211e+06,0,0
0.183143,0.312078,0.398848,69990.6,4.14544e+06,0,0
0.184233,0.312273,0.417605,55486.4,3.27518e+06,0,0
0.18257,0.311559,0.418416,54826,3.23556e+06,0,0
0.184963,0.313109,0.281235,54107,3.19242e+06,0,0
0.184126,0.312499,0.287848,59461.4,3.51369e+06,0,0
0.18449,0.312898,0.301805,70033.2,4.14799e+06,0,0
0.186393,0.312372,0.31886,80745.4,4.79072e+06,0,0
0.187446,0.311744,0.329478,85530.1,5.07781e+06,0,0
0.186071,0.314521,0.339327,88492.2,5.25554e+06,0,0
0.186815,0.312452,0.348204,89616.2,5.32297e+06,0,0
0.186579,0.313416,0.362267,88292.7,5.24356e+06,0,0
0.187064,0.31191,0.374469,84200.1,4.99801e+06,0,0
0.18659,0.311784,0.381586,80792,4.79352e+06,0,0
0.184617,0.312992,0.39782,70695,4.1877e+06,0,0
0.183998,0.312237,0.409967,61609,3.64254e+06,0,0
0.185023,0.312804,0.417459,55576.8,3.28061e+06,0,0
0.185119,0.313032,0.280865,53803.8,3.17423e+06,0,0
0.184816,0.312933,0.289009,60357.4,3.56745e+06,0,0
0.185293,0.31301,0.302291,70345.7,4.16674e+06,0,0
0.186915,0.3117,0.318926,80732.7,4.78996e+06,0,0
0.186576,0.3124,0.327124,84695.6,5.02774e+06,0,0
0.185855,0.313194,0.336112,87828.9,5.21573e+06,0,0
0.185611,0.313299,0.354142,89608.4,5.32251e+06,0,0
0.185558,0.313695,0.358151,89145.1,5.2947e+06,0,0
0.187026,0.311639,0.375983,83538.8,4.95832e+06,0,0
0.187497,0.31006,0.385555,78410.3,4.65062e+06,0,0
0.185152,0.312942,0.396729,71442.4,4.23254e+06,0,0
0.185015,0.312458,0.414833,57711.1,3.40866e+06,0,0
0.184948,0.313092,0.41869,54578.2,3.22069e+06,0,0
0.18515,0.312873,0.281327,54180.8,3.19685e+06,0,0
0.18489,0.31304,0.286134,58068.7,3.43012e+06,0,0
0.185252,0.312843,0.29891,67906.5,4.02039e+06,0,0
0.186666,0.311705,0.318335,80440,4.7724e+06,0,0
0.186053,0.312403,0.326141,84326.5,5.00559e+06,0,0
0.184707,0.314323,0.341348,88980.3,5.28482e+06,0,0
0.184222,0.314214,0.346126,89602.9,5.32217e+06,0,0
0.184851,0.313755,0.361756,88522.6,5.25736e+06,0,0
0.185449,0.313401,0.369577,86263.4,5.1218e+06,0,0
0.186875,0.31109,0.387038,77648.1,4.60489e+06,0,0
0.185555,0.312616,0.395169,72506.2,4.29637e+06,0,0
0.185141,0.312785,0.413183,59026.6,3.48759e+06,0,0
0.185603,0.312175,0.417337,55647.7,3.28486e+06,0,0
0.187074,0.309654,0.281849,54436.1,3.21216e+06,0,0
0.185389,0.312403,0.288628,60041,3.54846e+06,0,0
0.185438,0.312615,0.302335,70376.1,4.16857e+06,0,0
0.186562,0.311439,0.312382,76986.1,4.56517e+06,0,0
0.185087,0.31334,0.327998,85147.2,5.05483e+06,0,0
0.183952,0.314052,0.336818,88060.9,5.22966e+06,0,0
0.183785,0.314361,0.350264,89766.1,5.33197e+06,0,0
0.184403,0.314027,0.36374,88058.1,5.22948e+06,0,0
0.184767,0.31358,0.370584,85927.2,5.10163e+06,0,0
0.186751,0.310749,0.383211,79870.1,4.73821e+06,0,0
0.186046,0.311727,0.39598,71911.7,4.2607e+06,0,0
0.185092,0.312809,0.414606,57888.2,3.41929e+06,0,0
0.185144,0.312415,0.418923,54390.2,3.20941e+06,0,0
0.183008,0.310135,0.282767,55329.9,3.26579e+06,0,0
0.183928,0.31157,0.288172,59719.6,3.52918e+06,0,0
0.184399,0.312537,0.301225,69627.4,4.12364e+06,0,0
0.184981,0.312465,0.313112,77545.7,4.59874e+06,0,0
0.184648,0.31099,0.325669,84183,4.99698e+06,0,0
0.184591,0.312769,0.340687,88938.7,5.28232e+06,0,0
0.185795,0.313833,0.35057,89704.4,5.32826e+06,0,0
0.187349,0.312158,0.359999,88681.3,5.26688e+06,0,0
0.18562,0.314165,0.370014,86049.8,5.10899e+06,0,0
0.18342,0.312151,0.38687,77941.9,4.62251e+06,0,0
0.184845,0.31237,0.391218,75186.1,4.45717e+06,0,0
0.181436,0.310536,0.412985,59149,3.49494e+06,0,0
0.184741,0.312016,0.419048,54303.9,3.20424e+06,0,0
0.180924,0.310121,0.280591,53509,3.15654e+06,0,0
0.183271,0.308745,0.28015,53144.2,3.13465e+06,0,0
0.182388,0.311409,0.306101,73028.7,4.32772e+06,0,0
0.184051,0.310302,0.31817,80445.2,4.77271e+06,0,0
0.185416,0.313611,0.329537,85714.9,5.0889e+06,0,0
0.186299,0.313873,0.336778,87926.3,5.22158e+06,0,0
0.18603,0.313906,0.352568,89634.3,5.32406e+06,0,0
0.185385,0.314228,0.364465,87805.2,5.21431e+06,0,0
0.185733,0.311536,0.375841,83720.8,4.96925e+06,0,0
0.183765,0.310274,0.384523,79261.6,4.70169e+06,0,0
0.182479,0.310414,0.394856,72730.8,4.30985e+06,0,0
0.183351,0.311646,0.407698,63376.7,3.7486e+06,0,0
0.182507,0.311265,0.418339,54882.8,3.23897e+06,0,0
0.184356,0.312533,0.28102,53958.9,3.18353e+06,0,0
0.185021,0.312869,0.281875,54631.8,3.22391e+06,0,0
0.184471,0.312423,0.308956,74940.9,4.44246e+06,0,0
0.187005,0.309801,0.31821,80255,4.7613e+06,0,0
0.183483,0.309461,0.32766,84957.5,5.04345e+06,0,0
0.185639,0.310666,0.337778,88241.8,5.24051e+06,0,0
0.182517,0.312923,0.353872,89699.5,5.32797e+06,0,0
0.183737,0.309227,0.359843,88832.8,5.27597e+06,0,0
0.185021,0.309554,0.374372,84314.5,5.00487e+06,0,0
0.181524,0.309729,0.38072,81263.2,4.82179e+06,0,0
0.184179,0.312457,0.396335,71759.6,4.25158e+06,0,0
0.185186,0.312341,0.41594,56814.1,3.35484e+06,0,0
0.185082,0.312571,0.41857,54680,3.2268e+06,0,0
0.185419,0.312281,0.28229,54953.1,3.24319e+06,0,0
0.185214,0.312682,0.282225,54888.7,3.23932e+06,0,0
0.184335,0.310971,0.30339,71146.1,4.21477e+06,0,0
0.186704,0.311847,0.319703,81168.5,4.81611e+06,0,0
0.186488,0.312387,0.329458,85628.8,5.08373e+06,0,0
0.185876,0.314591,0.337249,88031.7,5.2279e+06,0,0
0.186175,0.312206,0.34858,89698.6,5.32792e+06,0,0
0.186026,0.312681,0.362267,88370,5.2482e+06,0,0
0.185528,0.314182,0.36998,86067.5,5.11005e+06,0,0
0.185818,0.312896,0.382795,80200.1,4.75801e+06,0,0
0.184662,0.310507,0.3921,74570.9,4.42026e+06,0,0
0.184877,0.312279,0.408332,62862.7,3.71776e+06,0,0
0.185109,0.312265,0.418752,54532.2,3.21793e+06,0,0
0.184943,0.31219,0.280598,53601.9,3.16211e+06,0,0
0.185226,0.312539,0.289863,61020.3,3.60722e+06,0,0
0.185181,0.312864,0.305755,72769,4.31214e+06,0,0
0.186485,0.30971,0.320094,81305.9,4.82436e+06,0,0
0.182012,0.308057,0.329141,85355.2,5.06731e+06,0,0
0.182914,0.31008,0.337611,88236.1,5.24017e+06,0,0
0.184032,0.311366,0.34813,89788.8,5.33332e+06,0,0
0.181549,0.310813,0.359446,88957.4,5.28344e+06,0,0
0.185077,0.311367,0.37471,84265.9,5.00195e+06,0,0
0.184667,0.313037,0.384776,79144.9,4.69469e+06,0,0
0.185214,0.312604,0.40004,69086.4,4.09119e+06,0,0
0.185062,0.312461,0.414291,58146.4,3.43479e+06,0,0
0.184861,0.312695,0.418282,54920.1,3.24121e+06,0,0
0.181523,0.310529,0.280507,53484.7,3.15508e+06,0,0
0.180915,0.310455,0.283917,56215.1,3.3189e+06,0,0
0.181561,0.310916,0.30366,71297.9,4.22387e+06,0,0
0.183766,0.310977,0.317954,80365.5,4.76793e+06,0,0
0.18485,0.313362,0.3306,86149.9,5.11499e+06,0,0
0.186819,0.313112,0.335744,87635,5.2041e+06,0,0
0.185991,0.314137,0.350581,89668.5,5.32611e+06,0,0
0.185106,0.313455,0.363682,88068.5,5.23011e+06,0,0
0.184566,0.312734,0.372177,85347.4,5.06685e+06,0,0
0.184558,0.309166,0.381827,80669.5,4.78617e+06,0,0
0.183441,0.311558,0.400486,68801.8,4.07411e+06,0,0
0.18234,0.31114,0.404728,65620.9,3.88325e+06,0,0
0.182917,0.311052,0.418525,54732.6,3.22996e+06,0,0
0.185481,0.312226,0.28152,54327.8,3.20567e+06,0,0
0.183746,0.310042,0.29406,64252.4,3.80115e+06,0,0
0.185065,0.313102,0.304708,72047.9,4.26888e+06,0,0
0.18684,0.311394,0.315315,78714.6,4.66887e+06,0,0
0.186022,0.314041,0.329556,85655.1,5.08531e+06,0,0
0.185844,0.314405,0.343548,89230.3,5.29982e+06,0,0
0.185791,0.314565,0.354378,89498,5.31588e+06,0,0
0.185793,0.314483,0.363837,87923.1,5.22139e+06,0,0
0.185622,0.314164,0.371507,85494.4,5.07567e+06,0,0
0.185925,0.312623,0.382521,80349.1,4.76694e+06,0,0
0.186144,0.310013,0.397744,70616.1,4.18296e+06,0,0
0.185219,0.312136,0.417756,55317.5,3.26505e+06,0,0
0.185103,0.311104,0.417285,55703.7,3.28822e+06,0,0
0.185087,0.312259,0.282684,55283.7,3.26302e+06,0,0
0.185033,0.312799,0.289259,60549.4,3.57897e+06,0,0
0.185204,0.312384,0.300491,69068.7,4.09012e+06,0,0
0.186146,0.31087,0.317607,80066.7,4.75e+06,0,0
0.182401,0.308262,0.330245,85813.2,5.09479e+06,0,0
0.181802,0.311837,0.339529,88696.8,5.26781e+06,0,0
0.182048,0.312301,0.347584,89740.1,5.3304e+06,0,0
0.180525,0.310509,0.360522,88659.8,5.26559e+06,0,0
0.182301,0.309526,0.369386,86278.5,5.12271e+06,0,0
0.184228,0.311176,0.383399,79933.5,4.74201e+06,0,0
0.185414,0.312054,0.396079,71889.1,4.25934e+06,0,0
0.184938,0.312607,0.409931,61612.4,3.64275e+06,0,0
0.18443,0.31227,0.417843,55290.8,3.26345e+06,0,0
0.181568,0.310839,0.281335,54168.8,3.19613e+06,0,0
0.182376,0.310838,0.289136,60449.7,3.57298e+06,0,0
0.181192,0.310665,0.300712,69172,4.09632e+06,0,0
0.183296,0.310384,0.315045,78686.4,4.66718e+06,0,0
0.184938,0.311628,0.32833,85303.9,5.06423e+06,0,0
0.185094,0.313318,0.338527,88460.3,5.25362e+06,0,0
0.185784,0.31304,0.351482,89727.6,5.32966e+06,0,0
0.18551,0.313736,0.358939,89017.1,5.28703e+06,0,0
0.184202,0.312237,0.373448,84846,5.03676e+06,0,0
0.182839,0.310543,0.381239,81096.5,4.81179e+06,0,0
0.182543,0.310787,0.397698,70768.2,4.19209e+06,0,0
0.180793,0.310055,0.410085,61385.2,3.62911e+06,0,0
0.182818,0.311465,0.419498,53947.6,3.18286e+06,0,0
0.184941,0.312891,0.280893,53834.3,3.17606e+06,0,0
0.182388,0.311039,0.290768,61739.6,3.65038e+06,0,0
0.182741,0.310788,0.302818,70742.2,4.19053e+06,0,0
0.18456,0.311081,0.313612,77850.9,4.61705e+06,0,0
0.1853,0.313958,0.32609,84301.8,5.00411e+06,0,0
0.186227,0.314984,0.338039,88152.8,5.23517e+06,0,0
0.18581,0.314869,0.346848,89512.9,5.31678e+06,0,0
0.185594,0.314757,0.359827,88785.5,5.27313e+06,0,0
0.186157,0.314178,0.370807,85713.5,5.08881e+06,0,0
0.184314,0.31062,0.385844,78507.6,4.65646e+06,0,0
0.185272,0.309613,0.392313,74358.4,4.4075e+06,0,0
0.182373,0.311107,0.4102,61403.8,3.63023e+06,0,0
0.184081,0.310949,0.418009,55145.1,3.25470e+06,0,0
0.185635,0.312272,0.280815,53749.4,3.17097e+06,0,0
0.334123,0.404292,0.29522,135.151,0,0,0
0.18644,0.31038,0.307368,73736,4.37016e+06,0,0
0.185266,0.313334,0.315177,78743.3,4.6706e+06,0,0
0.185801,0.314312,0.323064,82864.9,4.91789e+06,0,0
0.185905,0.314589,0.336655,87883.8,5.21903e+06,0,0
0.185854,0.314664,0.350514,89645.2,5.32471e+06,0,0
0.185523,0.314587,0.360065,88767,5.27202e+06,0,0
0.185765,0.314489,0.371538,85447.5,5.07285e+06,0,0
0.185668,0.313623,0.382695,80241.3,4.76048e+06,0,0
0.185048,0.311126,0.395978,71965.3,4.26392e+06,0,0
0.186183,0.309972,0.413235,58883.7,3.47902e+06,0,0
0.186869,0.309777,0.417972,55008.1,3.24649e+06,0,0
0.186303,0.311352,0.280998,53858.8,3.17753e+06,0,0
0.186935,0.310073,0.284673,56747.5,3.35085e+06,0,0
0.185912,0.31253,0.304367,71775.4,4.25252e+06,0,0
0.18554,0.313983,0.317581,80067.2,4.75003e+06,0,0
0.185667,0.313655,0.329721,85768.6,5.09211e+06,0,0
0.185451,0.313311,0.341399,89006.1,5.28636e+06,0,0
0.185842,0.31259,0.353697,89637.8,5.32427e+06,0,0
0.184852,0.314074,0.362147,88419.5,5.25117e+06,0,0
0.185469,0.314213,0.376625,83318.1,4.94509e+06,0,0
0.185555,0.313603,0.386098,78304.6,4.64428e+06,0,0
0.187136,0.310149,0.398444,70041.4,4.14848e+06,0,0
0.186245,0.310994,0.405466,64977.1,3.84463e+06,0,0
0.186008,0.311711,0.419394,53967.7,3.18406e+06,0,0
0.185632,0.312128,0.281214,54076.3,3.19058e+06,0,0
0.185833,0.312011,0.291677,62408.2,3.69049e+06,0,0
0.185867,0.312346,0.303291,71030.2,4.20781e+06,0,0
0.18469,0.313459,0.318672,80735.4,4.79013e+06,0,0
0.183829,0.312849,0.329929,85953.3,5.1032e+06,0,0
0.183782,0.311125,0.340172,88846.9,5.27682e+06,0,0
0.182591,0.31139,0.350179,89820.9,5.33526e+06,0,0
0.183664,0.311691,0.361095,88729.5,5.26977e+06,0,0
0.184483,0.313005,0.371458,85629.5,5.08377e+06,0,0
0.184986,0.313576,0.383234,79987.4,4.74524e+06,0,0
0.185485,0.312917,0.393582,73585.2,4.36111e+06,0,0
0.185927,0.311444,0.412624,59430.1,3.51181e+06,0,0
0.185225,0.312596,0.419069,54269,3.20214e+06,0,0
0.185041,0.310713,0.280736,53692.8,3.16757e+06,0,0
0.185907,0.310952,0.286875,58611.2,3.46267e+06,0,0
0.185827,0.310608,0.300761,69201.9,4.09811e+06,0,0
0.184208,0.313135,0.317871,80324.4,4.76546e+06,0,0
0.182923,0.311418,0.329452,85763.6,5.09181e+06,0,0
0.182776,0.310057,0.336727,88005.5,5.22633e+06,0,0
0.182369,0.3106,0.34883,89766.4,5.33198e+06,0,0
0.180863,0.309895,0.363255,88051.3,5.22908e+06,0,0
0.184264,0.312293,0.375962,83746,4.97076e+06,0,0
0.184338,0.313201,0.38231,80536.7,4.7782e+06,0,0
0.18556,0.311562,0.396647,71484.9,4.2351e+06,0,0
0.185937,0.31135,0.40836,62784.6,3.71307e+06,0,0
0.184773,0.311633,0.418794,54509.1,3.21654e+06,0,0
0.184159,0.312448,0.281056,53992.2,3.18553e+06,0,0
0.185414,0.310894,0.287222,58910.9,3.48065e+06,0,0
0.184716,0.312649,0.303749,71406.9,4.23042e+06,0,0
0.18379,0.312704,0.314861,78624.7,4.66348e+06,0,0
0.181259,0.310488,0.325422,83995.4,4.98572e+06,0,0
0.184703,0.312698,0.336123,87909.9,5.22059e+06,0,0
0.184512,0.311394,0.350042,89814.6,5.33487e+06,0,0
0.182753,0.307443,0.361061,88361.9,5.24772e+06,0,0
0.182349,0.311206,0.373008,84997.3,5.04584e+06,0,0
0.184011,0.312812,0.384382,79394.5,4.70967e+06,0,0
0.184931,0.312984,0.398676,70076.2,4.15057e+06,0,0
0.185522,0.31065,0.41084,60850.4,3.59702e+06,0,0
0.184346,0.312439,0.418627,54655.6,3.22534e+06,0,0
0.105,0.400622,0.26,0,0,1,1
0.105,0.400622,0.263,0,0,1,1
0.105,0.400622,0.266,0,0,1,1
0.105,0.400622,0.269,0,0,1,1
0.105,0.400622,0.272,0,0,1,1
0.105,0.400622,0.275,0,0,1,1
0.105,0.400622,0.278,0,0,1,1
0.105,0.400622,0.281,0,0,1,1
0.105,0.400622,0.284,0,0,1,1
0.105,0.400622,0.287,0,0,1,1
0.105,0.400622,0.29,0,0,1,1
0.105,0.400622,0.293,0,0,1,1
0.105,0.400622,0.296,0,0,1,1
0.105,0.400622,0.299,0,0,1,1
0.105,0.400622,0.302,0,0,1,1
0.105,0.400622,0.305,0,0,1,1
0.105,0.400622,0.308,0,0,1,1
0.105,0.400622,0.311,0,0,1,1
0.105,0.400622,0.314,0,0,1,1
0.105,0.400622,0.317,0,0,1,1
0.105,0.400622,0.32,0,0,1,1
0.105,0.400622,0.323,0,0,1,1
0.105,0.400622,0.326,0,0,1,1
0.105,0.400622,0.329,0,0,1,1
0.105,0.400622,0.332,0,0,1,1
0.105,0.400622,0.335,0,0,1,1
0.105,0.400622,0.338,0,0,1,1
0.105,0.400622,0.341,0,0,1,1
0.105,0.400622,0.344,0,0,1,1
0.105,0.400622,0.347,0,0,1,1
0.105,0.400622,0.35,0,0,1,1
0.105,0.400622,0.353,0,0,1,1
0.105,0.400622,0.356,0,0,1,1
0.105,0.400622,0.359,0,0,1,1
0.105,0.400622,0.362,0,0,1,1
0.105,0.400622,0.365,0,0,1,1
0.105,0.400622,0.368,0,0,1,1
0.105,0.400622,0.371,0,0,1,1
0.105,0.400622,0.374,0,0,1,1
0.105,0.400622,0.377,0,0,1,1
0.105,0.400622,0.38,0,0,1,1
0.105,0.400622,0.383,0,0,1,1
0.105,0.400622,0.386,0,0,1,1
0.105,0.400622,0.389,0,0,1,1
0.105,0.400622,0.392,0,0,1,1
0.105,0.400622,0.395,0,0,1,1
0.105,0.400622,0.398,0,0,1,1
0.105,0.400622,0.401,0,0,1,1
0.105,0.400622,0.404,0,0,1,1
0.105,0.400622,0.407,0,0,1,1
0.105,0.400622,0.41,0,0,1,1
0.105,0.400622,0.413,0,0,1,1
0.105,0.400622,0.416,0,0,1,1
0.105,0.400622,0.419,0,0,1,1
0.105,0.400622,0.422,0,0,1,1
0.105,0.400622,0.425,0,0,1,1
0.105,0.400622,0.427999,0,0,1,1
0.105,0.400622,0.430999,0,0,1,1
0.105,0.400622,0.433999,0,0,1,1
0.105,0.400622,0.436999,0,0,1,1
0.105,0.400622,0.439999,0,0,1,1
0.1065,0.398024,0.26,0,0,1,1
0.1065,0.398024,0.263,0,0,1,1
0.1065,0.398024,0.266,0,0,1,1
0.1065,0.398024,0.269,0,0,1,1
0.1065,0.398024,0.272,0,0,1,1
0.1065,0.398024,0.275,0,0,1,1
0.1065,0.398024,0.278,0,0,1,1
0.1065,0.398024,0.281,0,0,1,1
0.1065,0.398024,0.284,0,0,1,1
0.1065,0.398024,0.287,0,0,1,1
0.1065,0.398024,0.29,0,0,1,1
0.1065,0.398024,0.293,0,0,1,1
0.1065,0.398024,0.296,0,0,1,1
0.1065,0.398024,0.299,0,0,1,1
0.1065,0.398024,0.302,0,0,1,1
0.1065,0.398024,0.305,0,0,1,1
0.1065,0.398024,0.308,0,0,1,1
0.1065,0.398024,0.311,0,0,1,1
0.1065,0.398024,0.314,0,0,1,1
0.1065,0.398024,0.317,0,0,1,1
0.1065,0.398024,0.32,0,0,1,1
0.1065,0.398024,0.323,0,0,1,1
0.1065,0.398024,0.326,0,0,1,1
0.1065,0.398024,0.329,0,0,1,1
0.1065,0.398024,0.332,0,0,1,1
0.1065,0.398024,0.335,0,0,1,1
0.1065,0.398024,0.338,0,0,1,1
0.1065,0.398024,0.341,0,0,1,1
0.1065,0.398024,0.344,0,0,1,1
0.1065,0.398024,0.347,0,0,1,1
0.1065,0.398024,0.35,0,0,1,1
0.1065,0.398024,0.353,0,0,1,1
0.1065,0.398024,0.356,0,0,1,1
0.1065,0.398024,0.359,0,0,1,1
0.1065,0.398024,0.362,0,0,1,1
0.1065,0.398024,0.365,0,0,1,1
0.1065,0.398024,0.368,0,0,1,1
0.1065,0.398024,0.371,0,0,1,1
0.1065,0.398024,0.374,0,0,1,1
0.1065,0.398024,0.377,0,0,1,1
0.1065,0.398024,0.38,0,0,1,1
0.1065,0.398024,0.383,0,0,1,1
0.1065,0.398024,0.386,0,0,1,1
0.1065,0.398024,0.389,0,0,1,1
0.1065,0.398024,0.392,0,0,1,1
0.1065,0.398024,0.395,0,0,1,1
0.1065,0.398024,0.398,0,0,1,1
0.1065,0.398024,0.401,0,0,1,1
0.1065,0.398024,0.404,0,0,1,1
0.1065,0.398024,0.407,0,0,1,1
0.1065,0.398024,0.41,0,0,1,1
0.1065,0.398024,0.413,0,0,1,1
0.1065,0.398024,0.416,0,0,1,1
0.1065,0.398024,0.419,0,0,1,1
0.1065,0.398024,0.422,0,0,1,1
0.1065,0.398024,0.425,0,0,1,1
0.1065,0.398024,0.427999,0,0,1,1
0.1065,0.398024,0.430999,0,0,1,1
0.1065,0.398024,0.433999,0,0,1,1
0.1065,0.398024,0.436999,0,0,1,1
0.1065,0.398024,0.439999,0,0,1,1
0.108,0.395426,0.26,0,0,1,1
0.108,0.395426,0.263,0,0,1,1
0.108,0.395426,0.266,0,0,1,1
0.108,0.395426,0.269,0,0,1,1
0.108,0.395426,0.272,0,0,1,1
0.108,0.395426,0.275,0,0,1,1
0.108,0.395426,0.278,0,0,1,1
0.108,0.395426,0.281,0,0,1,1
0.108,0.395426,0.284,0,0,1,1
0.108,0.395426,0.287,0,0,1,1
0.108,0.395426,0.29,0,0,1,1
0.108,0.395426,0.293,0,0,1,1
0.108,0.395426,0.296,0,0,1,1
0.108,0.395426,0.299,0,0,1,1
0.108,0.395426,0.302,0,0,1,1
0.108,0.395426,0.305,0,0,1,1
0.108,0.395426,0.308,0,0,1,1
0.108,0.395426,0.311,0,0,1,1
0.108,0.395426,0.314,0,0,1,1
0.108,0.395426,0.317,0,0,1,1
0.108,0.395426,0.32,0,0,1,1
0.108,0.395426,0.323,0,0,1,1
0.108,0.395426,0.326,0,0,1,1
0.108,0.395426,0.329,0,0,1,1
0.108,0.395426,0.332,0,0,1,1
0.108,0.395426,0.335,0,0,1,1
0.108,0.395426,0.338,0,0,1,1
0.108,0.395426,0.341,0,0,1,1
0.108,0.395426,0.344,0,0,1,1
0.108,0.395426,0.347,0,0,1,1
0.108,0.395426,0.35,0,0,1,1
0.108,0.395426,0.353,0,0,1,1
0.108,0.395426,0.356,0,0,1,1
0.108,0.395426,0.359,0,0,1,1
0.108,0.395426,0.362,0,0,1,1
0.108,0.395426,0.365,0,0,1,1
0.108,0.395426,0.368,0,0,1,1
0.108,0.395426,0.371,0,0,1,1
0.108,0.395426,0.374,0,0,1,1
0.108,0.395426,0.377,0,0,1,1
0.108,0.395426,0.38,0,0,1,1
0.108,0.395426,0.383,0,0,1,1
0.108,0.395426,0.386,0,0,1,1
0.108,0.395426,0.389,0,0,1,1
0.108,0.395426,0.392,0,0,1,1
0.108,0.395426,0.395,0,0,1,1
0.108,0.395426,0.398,0,0,1,1
0.108,0.395426,0.401,0,0,1,1
0.108,0.395426,0.404,0,0,1,1
0.108,0.395426,0.407,0,0,1,1
0.108,0.395426,0.41,0,0,1,1
0.108,0.395426,0.413,0,0,1,1
0.108,0.395426,0.416,0,0,1,1
0.108,0.395426,0.419,0,0,1,1
0.108,0.395426,0.422,0,0,1,1
0.108,0.395426,0.425,0,0,1,1
0.108,0.395426,0.427999,0,0,1,1
0.108,0.395426,0.430999,0,0,1,1
0.108,0.395426,0.433999,0,0,1,1
0.108,0.395426,0.436999,0,0,1,1
0.108,0.395426,0.439999,0,0,1,1
0.1095,0.392828,0.26,0,0,1,1
0.1095,0.392828,0.263,0,0,1,1
0.1095,0.392828,0.266,0,0,1,1
0.1095,0.392828,0.269,0,0,1,1
0.1095,0.392828,0.272,0,0,1,1
0.1095,0.392828,0.275,0,0,1,1
0.1095,0.392828,0.278,0,0,1,1
0.1095,0.392828,0.281,0,0,1,1
0.1095,0.392828,0.284,0,0,1,1
0.1095,0.392828,0.287,0,0,1,1
0.1095,0.392828,0.29,0,0,1,1
0.1095,0.392828,0.293,0,0,1,1
0.1095,0.392828,0.296,0,0,1,1
0.1095,0.392828,0.299,0,0,1,1
0.1095,0.392828,0.302,0,0,1,1
0.1095,0.392828,0.305,0,0,1,1
0.1095,0.392828,0.308,0,0,1,1
0.1095,0.392828,0.311,0,0,1,1
0.1095,0.392828,0.314,0,0,1,1
0.1095,0.392828,0.317,0,0,1,1
0.1095,0.392828,0.32,0,0,1,1
0.1095,0.392828,0.323,0,0,1,1
0.1095,0.392828,0.326,0,0,1,1
0.1095,0.392828,0.329,0,0,1,1
0.1095,0.392828,0.332,0,0,1,1
0.1095,0.392828,0.335,0,0,1,1
0.1095,0.392828,0.338,0,0,1,1
0.1095,0.392828,0.341,0,0,1,1
0.1095,0.392828,0.344,0,0,1,1
0.1095,0.392828,0.347,0,0,1,1
0.1095,0.392828,0.35,0,0,1,1
0.1095,0.392828,0.353,0,0,1,1
0.1095,0.392828,0.356,0,0,1,1
0.1095,0.392828,0.359,0,0,1,1
0.1095,0.392828,0.362,0,0,1,1
0.1095,0.392828,0.365,0,0,1,1
0.1095,0.392828,0.368,0,0,1,1
0.1095,0.392828,0.371,0,0,1,1
0.1095,0.392828,0.374,0,0,1,1
0.1095,0.392828,0.377,0,0,1,1
0.1095,0.392828,0.38,0,0,1,1
0.1095,0.392828,0.383,0,0,1,1
0.1095,0.392828,0.386,0,0,1,1
0.1095,0.392828,0.389,0,0,1,1
0.1095,0.392828,0.392,0,0,1,1
0.1095,0.392828,0.395,0,0,1,1
0.1095,0.392828,0.398,0,0,1,1
0.1095,0.392828,0.401,0,0,1,1
0.1095,0.392828,0.404,0,0,1,1
0.1095,0.392828,0.407,0,0,1,1
0.1095,0.392828,0.41,0,0,1,1
0.1095,0.392828,0.413,0,0,1,1
0.1095,0.392828,0.416,0,0,1,1
0.1095,0.392828,0.419,0,0,1,1
0.1095,0.392828,0.422,0,0,1,1
0.1095,0.392828,0.425,0,0,1,1
0.1095,0.392828,0.427999,0,0,1,1
0.1095,0.392828,0.430999,0,0,1,1
0.1095,0.392828,0.433999,0,0,1,1
0.1095,0.392828,0.436999,0,0,1,1
0.1095,0.392828,0.439999,0,0,1,1
0.111,0.390229,0.26,0,0,1,1
0.111,0.390229,0.263,0,0,1,1
0.111,0.390229,0.266,0,0,1,1
0.111,0.390229,0.269,0,0,1,1
0.111,0.390229,0.272,0,0,1,1
0.111,0.390229,0.275,0,0,1,1
0.111,0.390229,0.278,0,0,1,1
0.111,0.390229,0.281,0,0,1,1
0.111,0.390229,0.284,0,0,1,1
0.111,0.390229,0.287,0,0,1,1
0.111,0.390229,0.29,0,0,1,1
0.111,0.390229,0.293,0,0,1,1
0.111,0.390229,0.296,0,0,1,1
0.111,0.390229,0.299,0,0,1,1
0.111,0.390229,0.302,0,0,1,1
0.111,0.390229,0.305,0,0,1,1
0.111,0.390229,0.308,0,0,1,1
0.111,0.390229,0.311,0,0,1,1
0.111,0.390229,0.314,0,0,1,1
0.111,0.390229,0.317,0,0,1,1
0.111,0.390229,0.32,0,0,1,1
0.111,0.390229,0.323,0,0,1,1
0.111,0.390229,0.326,0,0,1,1
0.111,0.390229,0.329,0,0,1,1
0.111,0.390229,0.332,0,0,1,1
0.111,0.390229,0.335,0,0,1,1
0.111,0.390229,0.338,0,0,1,1
0.111,0.390229,0.341,0,0,1,1
0.111,0.390229,0.344,0,0,1,1
0.111,0.390229,0.347,0,0,1,1
0.111,0.390229,0.35,0,0,1,1
0.111,0.390229,0.353,0,0,1,1
0.111,0.390229,0.356,0,0,1,1
0.111,0.390229,0.359,0,0,1,1
0.111,0.390229,0.362,0,0,1,1
0.111,0.390229,0.365,0,0,1,1
0.111,0.390229,0.368,0,0,1,1
0.111,0.390229,0.371,0,0,1,1
0.111,0.390229,0.374,0,0,1,1
0.111,0.390229,0.377,0,0,1,1
0.111,0.390229,0.38,0,0,1,1
0.111,0.390229,0.383,0,0,1,1
0.111,0.390229,0.386,0,0,1,1
0.111,0.390229,0.389,0,0,1,1
0.111,0.390229,0.392,0,0,1,1
0.111,0.390229,0.395,0,0,1,1
0.111,0.390229,0.398,0,0,1,1
0.111,0.390229,0.401,0,0,1,1
0.111,0.390229,0.404,0,0,1,1
0.111,0.390229,0.407,0,0,1,1
0.111,0.390229,0.41,0,0,1,1
0.111,0.390229,0.413,0,0,1,1
0.111,0.390229,0.416,0,0,1,1
0.111,0.390229,0.419,0,0,1,1
0.111,0.390229,0.422,0,0,1,1
0.111,0.390229,0.425,0,0,1,1
0.111,0.390229,0.427999,0,0,1,1
0.111,0.390229,0.430999,0,0,1,1
0.111,0.390229,0.433999,0,0,1,1
0.111,0.390229,0.436999,0,0,1,1
0.111,0.390229,0.439999,0,0,1,1
0.1125,0.387631,0.26,0,0,1,1
0.1125,0.387631,0.263,0,0,1,1
0.1125,0.387631,0.266,0,0,1,1
0.1125,0.387631,0.269,0,0,1,1
0.1125,0.387631,0.272,0,0,1,1
0.1125,0.387631,0.275,0,0,1,1
0.1125,0.387631,0.278,0,0,1,1
0.1125,0.387631,0.281,0,0,1,1
0.1125,0.387631,0.284,0,0,1,1
0.1125,0.387631,0.287,0,0,1,1
0.1125,0.387631,0.29,0,0,1,1
0.1125,0.387631,0.293,0,0,1,1
0.1125,0.387631,0.296,0,0,1,1
0.1125,0.387631,0.299,0,0,1,1
0.1125,0.387631,0.302,0,0,1,1
0.1125,0.387631,0.305,0,0,1,1
0.1125,0.387631,0.308,0,0,1,1
0.1125,0.387631,0.311,0,0,1,1
0.1125,0.387631,0.314,0,0,1,1
0.1125,0.387631,0.317,0,0,1,1
0.1125,0.387631,0.32,0,0,1,1
0.1125,0.387631,0.323,0,0,1,1
0.1125,0.387631,0.326,0,0,1,1
0.1125,0.387631,0.329,0,0,1,1
0.1125,0.387631,0.332,0,0,1,1
0.1125,0.387631,0.335,0,0,1,1
0.1125,0.387631,0.338,0,0,1,1
0.1125,0.387631,0.341,0,0,1,1
0.1125,0.387631,0.344,0,0,1,1
0.1125,0.387631,0.347,0,0,1,1
0.1125,0.387631,0.35,0,0,1,1
0.1125,0.387631,0.353,0,0,1,1
0.1125,0.387631,0.356,0,0,1,1
0.1125,0.387631,0.359,0,0,1,1
0.1125,0.387631,0.362,0,0,1,1
0.1125,0.387631,0.365,0,0,1,1
0.1125,0.387631,0.368,0,0,1,1
0.1125,0.387631,0.371,0,0,1,1
0.1125,0.387631,0.374,0,0,1,1
0.1125,0.387631,0.377,0,0,1,1
0.1125,0.387631,0.38,0,0,1,1
0.1125,0.387631,0.383,0,0,1,1
0.1125,0.387631,0.386,0,0,1,1
0.1125,0.387631,0.389,0,0,1,1
0.1125,0.387631,0.392,0,0,1,1
0.1125,0.387631,0.395,0,0,1,1
0.1125,0.387631,0.398,0,0,1,1
0.1125,0.387631,0.401,0,0,1,1
0.1125,0.387631,0.404,0,0,1,1
0.1125,0.387631,0.407,0,0,1,1
0.1125,0.387631,0.41,0,0,1,1
0.1125,0.387631,0.413,0,0,1,1
0.1125,0.387631,0.416,0,0,1,1
0.1125,0.387631,0.419,0,0,1,1
0.1125,0.387631,0.422,0,0,1,1
0.1125,0.387631,0.425,0,0,1,1
0.1125,0.387631,0.427999,0,0,1,1
0.1125,0.387631,0.430999,0,0,1,1
0.1125,0.387631,0.433999,0,0,1,1
0.1125,0.387631,0.436999,0,0,1,1
0.1125,0.387631,0.439999,0,0,1,1
0.114,0.385033,0.26,0,0,1,1
0.114,0.385033,0.263,0,0,1,1
0.114,0.385033,0.266,0,0,1,1
0.114,0.385033,0.269,0,0,1,1
0.114,0.385033,0.272,0,0,1,1
0.114,0.385033,0.275,0,0,1,1
0.114,0.385033,0.278,0,0,1,1
0.114,0.385033,0.281,0,0,1,1
0.114,0.385033,0.284,0,0,1,1
0.114,0.385033,0.287,0,0,1,1
0.114,0.385033,0.29,0,0,1,1
0.114,0.385033,0.293,0,0,1,1
0.114,0.385033,0.296,0,0,1,1
0.114,0.385033,0.299,0,0,1,1
0.114,0.385033,0.302,0,0,1,1
0.114,0.385033,0.305,0,0,1,1
0.114,0.385033,0.308,0,0,1,1
0.114,0.385033,0.311,0,0,1,1
0.114,0.385033,0.314,0,0,1,1
0.114,0.385033,0.317,0,0,1,1
0.114,0.385033,0.32,0,0,1,1
0.114,0.385033,0.323,0,0,1,1
0.114,0.385033,0.326,0,0,1,1
0.114,0.385033,0.329,0,0,1,1
0.114,0.385033,0.332,0,0,1,1
0.114,0.385033,0.335,0,0,1,1
0.114,0.385033,0.338,0,0,1,1
0.114,0.385033,0.341,0,0,1,1
0.114,0.385033,0.344,0,0,1,1
0.114,0.385033,0.347,0,0,1,1
0.114,0.385033,0.35,0,0,1,1
0.114,0.385033,0.353,0,0,1,1
0.114,0.385033,0.356,0,0,1,1
0.114,0.385033,0.359,0,0,1,1
0.114,0.385033,0.362,0,0,1,1
0.114,0.385033,0.365,0,0,1,1
0.114,0.385033,0.368,0,0,1,1
0.114,0.385033,0.371,0,0,1,1
0.114,0.385033,0.374,0,0,1,1
0.114,0.385033,0.377,0,0,1,1
0.114,0.385033,0.38,0,0,1,1
0.114,0.385033,0.383,0,0,1,1
0.114,0.385033,0.386,0,0,1,1
0.114,0.385033,0.389,0,0,1,1
0.114,0.385033,0.392,0,0,1,1
0.114,0.385033,0.395,0,0,1,1
0.114,0.385033,0.398,0,0,1,1
0.114,0.385033,0.401,0,0,1,1
0.114,0.385033,0.404,0,0,1,1
0.114,0.385033,0.407,0,0,1,1
0.114,0.385033,0.41,0,0,1,1
0.114,0.385033,0.413,0,0,1,1
0.114,0.385033,0.416,0,0,1,1
0.114,0.385033,0.419,0,0,1,1
0.114,0.385033,0.422,0,0,1,1
0.114,0.385033,0.425,0,0,1,1
0.114,0.385033,0.427999,0,0,1,1
0.114,0.385033,0.430999,0,0,1,1
0.114,0.385033,0.433999,0,0,1,1
0.114,0.385033,0.436999,0,0,1,1
0.114,0.385033,0.439999,0,0,1,1
0.1155,0.382435,0.26,0,0,1,1
0.1155,0.382435,0.263,0,0,1,1
0.1155,0.382435,0.266,0,0,1,1
0.1155,0.382435,0.269,0,0,1,1
0.1155,0.382435,0.272,0,0,1,1
0.1155,0.382435,0.275,0,0,1,1
0.1155,0.382435,0.278,0,0,1,1
0.1155,0.382435,0.281,0,0,1,1
0.1155,0.382435,0.284,0,0,1,1
0.1155,0.382435,0.287,0,0,1,1
0.1155,0.382435,0.29,0,0,1,1
0.1155,0.382435,0.293,0,0,1,1
0.1155,0.382435,0.296,0,0,1,1
0.1155,0.382435,0.299,0,0,1,1
0.1155,0.382435,0.302,0,0,1,1
0.1155,0.382435,0.305,0,0,1,1
0.1155,0.382435,0.308,0,0,1,1
0.1155,0.382435,0.311,0,0,1,1
0.1155,0.382435,0.314,0,0,1,1
0.1155,0.382435,0.317,0,0,1,1
0.1155,0.382435,0.32,0,0,1,1
0.1155,0.382435,0.323,0,0,1,1
0.1155,0.382435,0.326,0,0,1,1
0.1155,0.382435,0.329,0,0,1,1
0.1155,0.382435,0.332,0,0,1,1
0.1155,0.382435,0.335,0,0,1,1
0.1155,0.382435,0.338,0,0,1,1
0.1155,0.382435,0.341,0,0,1,1
0.1155,0.382435,0.344,0,0,1,1
0.1155,0.382435,0.347,0,0,1,1
0.1155,0.382435,0.35,0,0,1,1
0.1155,0.382435,0.353,0,0,1,1
0.1155,0.382435,0.356,0,0,1,1
0.1155,0.382435,0.359,0,0,1,1
0.1155,0.382435,0.362,0,0,1,1
0.1155,0.382435,0.365,0,0,1,1
0.1155,0.382435,0.368,0,0,1,1
0.1155,0.382435,0.371,0,0,1,1
0.1155,0.382435,0.374,0,0,1,1
0.1155,0.382435,0.377,0,0,1,1
0.1155,0.382435,0.38,0,0,1,1
0.1155,0.382435,0.383,0,0,1,1
0.1155,0.382435,0.386,0,0,1,1
0.1155,0.382435,0.389,0,0,1,1
0.1155,0.382435,0.392,0,0,1,1
0.1155,0.382435,0.395,0,0,1,1
0.1155,0.382435,0.398,0,0,1,1
0.1155,0.382435,0.401,0,0,1,1
0.1155,0.382435,0.404,0,0,1,1
0.1155,0.382435,0.407,0,0,1,1
0.1155,0.382435,0.41,0,0,1,1
0.1155,0.382435,0.413,0,0,1,1
0.1155,0.382435,0.416,0,0,1,1
0.1155,0.382435,0.419,0,0,1,1
0.1155,0.382435,0.422,0,0,1,1
0.1155,0.382435,0.425,0,0,1,1
0.1155,0.382435,0.427999,0,0,1,1
0.1155,0.382435,0.430999,0,0,1,1
0.1155,0.382435,0.433999,0,0,1,1
0.1155,0.382435,0.436999,0,0,1,1
0.1155,0.382435,0.439999,0,0,1,1
0.117,0.379837,0.26,0,0,1,1
0.117,0.379837,0.263,0,0,1,1
0.117,0.379837,0.266,0,0,1,1
0.117,0.379837,0.269,0,0,1,1
0.117,0.379837,0.272,0,0,1,1
0.117,0.379837,0.275,0,0,1,1
0.117,0.379837,0.278,0,0,1,1
0.117,0.379837,0.281,0,0,1,1
0.117,0.379837,0.284,0,0,1,1
0.117,0.379837,0.287,0,0,1,1
0.117,0.379837,0.29,0,0,1,1
0.117,0.379837,0.293,0,0,1,1
0.117,0.379837,0.296,0,0,1,1
0.117,0.379837,0.299,0,0,1,1
0.117,0.379837,0.302,0,0,1,1
0.117,0.379837,0.305,0,0,1,1
0.117,0.379837,0.308,0,0,1,1
0.117,0.379837,0.311,0,0,1,1
0.117,0.379837,0.314,0,0,1,1
0.117,0.379837,0.317,0,0,1,1
0.117,0.379837,0.32,0,0,1,1
0.117,0.379837,0.323,0,0,1,1
0.117,0.379837,0.326,0,0,1,1
0.117,0.379837,0.329,0,0,1,1
0.117,0.379837,0.332,0,0,1,1
0.117,0.379837,0.335,0,0,1,1
0.117,0.379837,0.338,0,0,1,1
0.117,0.379837,0.341,0,0,1,1
0.117,0.379837,0.344,0,0,1,1
0.117,0.379837,0.347,0,0,1,1
0.117,0.379837,0.35,0,0,1,1
0.117,0.379837,0.353,0,0,1,1
0.117,0.379837,0.356,0,0,1,1
0.117,0.379837,0.359,0,0,1,1
0.117,0.379837,0.362,0,0,1,1
0.117,0.379837,0.365,0,0,1,1
0.117,0.379837,0.368,0,0,1,1
0.117,0.379837,0.371,0,0,1,1
0.117,0.379837,0.374,0,0,1,1
0.117,0.379837,0.377,0,0,1,1
0.117,0.379837,0.38,0,0,1,1
0.117,0.379837,0.383,0,0,1,1
0.117,0.379837,0.386,0,0,1,1
0.117,0.379837,0.389,0,0,1,1
0.117,0.379837,0.392,0,0,1,1
0.117,0.379837,0.395,0,0,1,1
0.117,0.379837,0.398,0,0,1,1
0.117,0.379837,0.401,0,0,1,1
0.117,0.379837,0.404,0,0,1,1
0.117,0.379837,0.407,0,0,1,1
0.117,0.379837,0.41,0,0,1,1
0.117,0.379837,0.413,0,0,1,1
0.117,0.379837,0.416,0,0,1,1
0.117,0.379837,0.419,0,0,1,1
0.117,0.379837,0.422,0,0,1,1
0.117,0.379837,0.425,0,0,1,1
0.117,0.379837,0.427999,0,0,1,1
0.117,0.379837,0.430999,0,0,1,1
0.117,0.379837,0.433999,0,0,1,1
0.117,0.379837,0.436999,0,0,1,1
0.117,0.379837,0.439999,0,0,1,1
0.1185,0.377239,0.26,0,0,1,1
0.1185,0.377239,0.263,0,0,1,1
0.1185,0.377239,0.266,0,0,1,1
0.1185,0.377239,0.269,0,0,1,1
0.1185,0.377239,0.272,0,0,1,1
0.1185,0.377239,0.275,0,0,1,1
0.1185,0.377239,0.278,0,0,1,1
0.1185,0.377239,0.281,0,0,1,1
0.1185,0.377239,0.284,0,0,1,1
0.1185,0.377239,0.287,0,0,1,1
0.1185,0.377239,0.29,0,0,1,1
0.1185,0.377239,0.293,0,0,1,1
0.1185,0.377239,0.296,0,0,1,1
0.1185,0.377239,0.299,0,0,1,1
0.1185,0.377239,0.302,0,0,1,1
0.1185,0.377239,0.305,0,0,1,1
0.1185,0.377239,0.308,0,0,1,1
0.1185,0.377239,0.311,0,0,1,1
0.1185,0.377239,0.314,0,0,1,1
0.1185,0.377239,0.317,0,0,1,1
0.1185,0.377239,0.32,0,0,1,1
0.1185,0.377239,0.323,0,0,1,1
0.1185,0.377239,0.326,0,0,1,1
0.1185,0.377239,0.329,0,0,1,1
0.1185,0.377239,0.332,0,0,1,1
0.1185,0.377239,0.335,0,0,1,1
0.1185,0.377239,0.338,0,0,1,1
0.1185,0.377239,0.341,0,0,1,1
0.1185,0.377239,0.344,0,0,1,1
0.1185,0.377239,0.347,0,0,1,1
0.1185,0.377239,0.35,0,0,1,1
0.1185,0.377239,0.353,0,0,1,1
0.1185,0.377239,0.356,0,0,1,1
0.1185,0.377239,0.359,0,0,1,1
0.1185,0.377239,0.362,0,0,1,1
0.1185,0.377239,0.365,0,0,1,1
0.1185,0.377239,0.368,0,0,1,1
0.1185,0.377239,0.371,0,0,1,1
0.1185,0.377239,0.374,0,0,1,1
0.1185,0.377239,0.377,0,0,1,1
0.1185,0.377239,0.38,0,0,1,1
0.1185,0.377239,0.383,0,0,1,1
0.1185,0.377239,0.386,0,0,1,1
0.1185,0.377239,0.389,0,0,1,1
0.1185,0.377239,0.392,0,0,1,1
0.1185,0.377239,0.395,0,0,1,1
0.1185,0.377239,0.398,0,0,1,1
0.1185,0.377239,0.401,0,0,1,1
0.1185,0.377239,0.404,0,0,1,1
0.1185,0.377239,0.407,0,0,1,1
0.1185,0.377239,0.41,0,0,1,1
0.1185,0.377239,0.413,0,0,1,1
0.1185,0.377239,0.416,0,0,1,1
0.1185,0.377239,0.419,0,0,1,1
0.1185,0.377239,0.422,0,0,1,1
0.1185,0.377239,0.425,0,0,1,1
0.1185,0.377239,0.427999,0,0,1,1
0.1185,0.377239,0.430999,0,0,1,1
0.1185,0.377239,0.433999,0,0,1,1
0.1185,0.377239,0.436999,0,0,1,1
0.1185,0.377239,0.439999,0,0,1,1
0.12,0.374641,0.26,0,0,1,1
0.12,0.374641,0.263,0,0,1,1
0.12,0.374641,0.266,0,0,1,1
0.12,0.374641,0.269,0,0,1,1
0.12,0.374641,0.272,0,0,1,1
0.12,0.374641,0.275,0,0,1,1
0.12,0.374641,0.278,0,0,1,1
0.12,0.374641,0.281,0,0,1,1
0.12,0.374641,0.284,0,0,1,1
0.12,0.374641,0.287,0,0,1,1
0.12,0.374641,0.29,0,0,1,1
0.12,0.374641,0.293,0,0,1,1
0.12,0.374641,0.296,0,0,1,1
0.12,0.374641,0.299,0,0,1,1
0.12,0.374641,0.302,0,0,1,1
0.12,0.374641,0.305,0,0,1,1
0.12,0.374641,0.308,0,0,1,1
0.12,0.374641,0.311,0,0,1,1
0.12,0.374641,0.314,0,0,1,1
0.12,0.374641,0.317,0,0,1,1
0.12,0.374641,0.32,0,0,1,1
0.12,0.374641,0.323,0,0,1,1
0.12,0.374641,0.326,0,0,1,1
0.12,0.374641,0.329,0,0,1,1
0.12,0.374641,0.332,0,0,1,1
0.12,0.374641,0.335,0,0,1,1
0.12,0.374641,0.338,0,0,1,1
0.12,0.374641,0.341,0,0,1,1
0.12,0.374641,0.344,0,0,1,1
0.12,0.374641,0.347,0,0,1,1
0.12,0.374641,0.35,0,0,1,1
0.12,0.374641,0.353,0,0,1,1
0.12,0.374641,0.356,0,0,1,1
0.12,0.374641,0.359,0,0,1,1
0.12,0.374641,0.362,0,0,1,1
0.12,0.374641,0.365,0,0,1,1
0.12,0.374641,0.368,0,0,1,1
0.12,0.374641,0.371,0,0,1,1
0.12,0.374641,0.374,0,0,1,1
0.12,0.374641,0.377,0,0,1,1
0.12,0.374641,0.38,0,0,1,1
0.12,0.374641,0.383,0,0,1,1
0.12,0.374641,0.386,0,0,1,1
0.12,0.374641,0.389,0,0,1,1
0.12,0.374641,0.392,0,0,1,1
0.12,0.374641,0.395,0,0,1,1
0.12,0.374641,0.398,0,0,1,1
0.12,0.374641,0.401,0,0,1,1
0.12,0.374641,0.404,0,0,1,1
0.12,0.374641,0.407,0,0,1,1
0.12,0.374641,0.41,0,0,1,1
0.12,0.374641,0.413,0,0,1,1
0.12,0.374641,0.416,0,0,1,1
0.12,0.374641,0.419,0,0,1,1
0.12,0.374641,0.422,0,0,1,1
0.12,0.374641,0.425,0,0,1,1
0.12,0.374641,0.427999,0,0,1,1
0.12,0.374641,0.430999,0,0,1,1
0.12,0.374641,0.433999,0,0,1,1
0.12,0.374641,0.436999,0,0,1,1
0.12,0.374641,0.439999,0,0,1,1
0.1215,0.372043,0.26,0,0,1,1
0.1215,0.372043,0.263,0,0,1,1
0.1215,0.372043,0.266,0,0,1,1
0.1215,0.372043,0.269,0,0,1,1
0.1215,0.372043,0.272,0,0,1,1
0.1215,0.372043,0.275,0,0,1,1
0.1215,0.372043,0.278,0,0,1,1
0.1215,0.372043,0.281,0,0,1,1
0.1215,0.372043,0.284,0,0,1,1
0.1215,0.372043,0.287,0,0,1,1
0.1215,0.372043,0.29,0,0,1,1
0.1215,0.372043,0.293,0,0,1,1
0.1215,0.372043,0.296,0,0,1,1
0.1215,0.372043,0.299,0,0,1,1
0.1215,0.372043,0.302,0,0,1,1
0.1215,0.372043,0.305,0,0,1,1
0.1215,0.372043,0.308,0,0,1,1
0.1215,0.372043,0.311,0,0,1,1
0.1215,0.372043,0.314,0,0,1,1
0.1215,0.372043,0.317,0,0,1,1
0.1215,0.372043,0.32,0,0,1,1
0.1215,0.372043,0.323,0,0,1,1
0.1215,0.372043,0.326,0,0,1,1
0.1215,0.372043,0.329,0,0,1,1
0.1215,0.372043,0.332,0,0,1,1
0.1215,0.372043,0.335,0,0,1,1
0.1215,0.372043,0.338,0,0,1,1
0.1215,0.372043,0.341,0,0,1,1
0.1215,0.372043,0.344,0,0,1,1
0.1215,0.372043,0.347,0,0,1,1
0.1215,0.372043,0.35,0,0,1,1
0.1215,0.372043,0.353,0,0,1,1
0.1215,0.372043,0.356,0,0,1,1
0.1215,0.372043,0.359,0,0,1,1
0.1215,0.372043,0.362,0,0,1,1
0.1215,0.372043,0.365,0,0,1,1
0.1215,0.372043,0.368,0,0,1,1
0.1215,0.372043,0.371,0,0,1,1
0.1215,0.372043,0.374,0,0,1,1
0.1215,0.372043,0.377,0,0,1,1
0.1215,0.372043,0.38,0,0,1,1
0.1215,0.372043,0.383,0,0,1,1
0.1215,0.372043,0.386,0,0,1,1
0.1215,0.372043,0.389,0,0,1,1
0.1215,0.372043,0.392,0,0,1,1
0.1215,0.372043,0.395,0,0,1,1
0.1215,0.372043,0.398,0,0,1,1
0.1215,0.372043,0.401,0,0,1,1
0.1215,0.372043,0.404,0,0,1,1
0.1215,0.372043,0.407,0,0,1,1
0.1215,0.372043,0.41,0,0,1,1
0.1215,0.372043,0.413,0,0,1,1
0.1215,0.372043,0.416,0,0,1,1
0.1215,0.372043,0.419,0,0,1,1
0.1215,0.372043,0.422,0,0,1,1
0.1215,0.372043,0.425,0,0,1,1
0.1215,0.372043,0.427999,0,0,1,1
0.1215,0.372043,0.430999,0,0,1,1
0.1215,0.372043,0.433999,0,0,1,1
0.1215,0.372043,0.436999,0,0,1,1
0.1215,0.372043,0.439999,0,0,1,1
0.123,0.369445,0.26,0,0,1,1
0.123,0.369445,0.263,0,0,1,1
0.123,0.369445,0.266,0,0,1,1
0.123,0.369445,0.269,0,0,1,1
0.123,0.369445,0.272,0,0,1,1
0.123,0.369445,0.275,0,0,1,1
0.123,0.369445,0.278,0,0,1,1
0.123,0.369445,0.281,0,0,1,1
0.123,0.369445,0.284,0,0,1,1
0.123,0.369445,0.287,0,0,1,1
0.123,0.369445,0.29,0,0,1,1
0.123,0.369445,0.293,0,0,1,1
0.123,0.369445,0.296,0,0,1,1
0.123,0.369445,0.299,0,0,1,1
0.123,0.369445,0.302,0,0,1,1
0.123,0.369445,0.305,0,0,1,1
0.123,0.369445,0.308,0,0,1,1
0.123,0.369445,0.311,0,0,1,1
0.123,0.369445,0.314,0,0,1,1
0.123,0.369445,0.317,0,0,1,1
0.123,0.369445,0.32,0,0,1,1
0.123,0.369445,0.323,0,0,1,1
0.123,0.369445,0.326,0,0,1,1
0.123,0.369445,0.329,0,0,1,1
0.123,0.369445,0.332,0,0,1,1
0.123,0.369445,0.335,0,0,1,1
0.123,0.369445,0.338,0,0,1,1
0.123,0.369445,0.341,0,0,1,1
0.123,0.369445,0.344,0,0,1,1
0.123,0.369445,0.347,0,0,1,1
0.123,0.369445,0.35,0,0,1,1
0.123,0.369445,0.353,0,0,1,1
0.123,0.369445,0.356,0,0,1,1
0.123,0.369445,0.359,0,0,1,1
0.123,0.369445,0.362,0,0,1,1
0.123,0.369445,0.365,0,0,1,1
0.123,0.369445,0.368,0,0,1,1
0.123,0.369445,0.371,0,0,1,1
0.123,0.369445,0.374,0,0,1,1
0.123,0.369445,0.377,0,0,1,1
0.123,0.369445,0.38,0,0,1,1
0.123,0.369445,0.383,0,0,1,1
0.123,0.369445,0.386,0,0,1,1
0.123,0.369445,0.389,0,0,1,1
0.123,0.369445,0.392,0,0,1,1
0.123,0.369445,0.395,0,0,1,1
0.123,0.369445,0.398,0,0,1,1
0.123,0.369445,0.401,0,0,1,1
0.123,0.369445,0.404,0,0,1,1
0.123,0.369445,0.407,0,0,1,1
0.123,0.369445,0.41,0,0,1,1
0.123,0.369445,0.413,0,0,1,1
0.123,0.369445,0.416,0,0,1,1
0.123,0.369445,0.419,0,0,1,1
0.123,0.369445,0.422,0,0,1,1
0.123,0.369445,0.425,0,0,1,1
0.123,0.369445,0.427999,0,0,1,1
0.123,0.369445,0.430999,0,0,1,1
0.123,0.369445,0.433999,0,0,1,1
0.123,0.369445,0.436999,0,0,1,1
0.123,0.369445,0.439999,0,0,1,1
0.1245,0.366847,0.26,0,0,1,1
0.1245,0.366847,0.263,0,0,1,1
0.1245,0.366847,0.266,0,0,1,1
0.1245,0.366847,0.269,0,0,1,1
0.1245,0.366847,0.272,0,0,1,1
0.1245,0.366847,0.275,0,0,1,1
0.1245,0.366847,0.278,0,0,1,1
0.1245,0.366847,0.281,0,0,1,1
0.1245,0.366847,0.284,0,0,1,1
0.1245,0.366847,0.287,0,0,1,1
0.1245,0.366847,0.29,0,0,1,1
0.1245,0.366847,0.293,0,0,1,1
0.1245,0.366847,0.296,0,0,1,1
0.1245,0.366847,0.299,0,0,1,1
0.1245,0.366847,0.302,0,0,1,1
0.1245,0.366847,0.305,0,0,1,1
0.1245,0.366847,0.308,0,0,1,1
0.1245,0.366847,0.311,0,0,1,1
0.1245,0.366847,0.314,0,0,1,1
0.1245,0.366847,0.317,0,0,1,1
0.1245,0.366847,0.32,0,0,1,1
0.1245,0.366847,0.323,0,0,1,1
0.1245,0.366847,0.326,0,0,1,1
0.1245,0.366847,0.329,0,0,1,1
0.1245,0.366847,0.332,0,0,1,1
0.1245,0.366847,0.335,0,0,1,1
0.1245,0.366847,0.338,0,0,1,1
0.1245,0.366847,0.341,0,0,1,1
0.1245,0.366847,0.344,0,0,1,1
0.1245,0.366847,0.347,0,0,1,1
0.1245,0.366847,0.35,0,0,1,1
0.1245,0.366847,0.353,0,0,1,1
0.1245,0.366847,0.356,0,0,1,1
0.1245,0.366847,0.359,0,0,1,1
0.1245,0.366847,0.362,0,0,1,1
0.1245,0.366847,0.365,0,0,1,1
0.1245,0.366847,0.368,0,0,1,1
0.1245,0.366847,0.371,0,0,1,1
0.1245,0.366847,0.374,0,0,1,1
0.1245,0.366847,0.377,0,0,1,1
0.1245,0.366847,0.38,0,0,1,1
0.1245,0.366847,0.383,0,0,1,1
0.1245,0.366847,0.386,0,0,1,1
0.1245,0.366847,0.389,0,0,1,1
0.1245,0.366847,0.392,0,0,1,1
0.1245,0.366847,0.395,0,0,1,1
0.1245,0.366847,0.398,0,0,1,1
0.1245,0.366847,0.401,0,0,1,1
0.1245,0.366847,0.404,0,0,1,1
0.1245,0.366847,0.407,0,0,1,1
0.1245,0.366847,0.41,0,0,1,1
0.1245,0.366847,0.413,0,0,1,1
0.1245,0.366847,0.416,0,0,1,1
0.1245,0.366847,0.419,0,0,1,1
0.1245,0.366847,0.422,0,0,1,1
0.1245,0.366847,0.425,0,0,1,1
0.1245,0.366847,0.427999,0,0,1,1
0.1245,0.366847,0.430999,0,0,1,1
0.1245,0.366847,0.433999,0,0,1,1
0.1245,0.366847,0.436999,0,0,1,1
0.1245,0.366847,0.439999,0,0,1,1
0.126,0.364249,0.26,0,0,1,1
0.126,0.364249,0.263,0,0,1,1
0.126,0.364249,0.266,0,0,1,1
0.126,0.364249,0.269,0,0,1,1
0.126,0.364249,0.272,0,0,1,1
0.126,0.364249,0.275,0,0,1,1
0.126,0.364249,0.278,0,0,1,1
0.126,0.364249,0.281,0,0,1,1
0.126,0.364249,0.284,0,0,1,1
0.126,0.364249,0.287,0,0,1,1
0.126,0.364249,0.29,0,0,1,1
0.126,0.364249,0.293,0,0,1,1
0.126,0.364249,0.296,0,0,1,1
0.126,0.364249,0.299,0,0,1,1
0.126,0.364249,0.302,0,0,1,1
0.126,0.364249,0.305,0,0,1,1
0.126,0.364249,0.308,0,0,1,1
0.126,0.364249,0.311,0,0,1,1
0.126,0.364249,0.314,0,0,1,1
0.126,0.364249,0.317,0,0,1,1
0.126,0.364249,0.32,0,0,1,1
0.126,0.364249,0.323,0,0,1,1
0.126,0.364249,0.326,0,0,1,1
0.126,0.364249,0.329,0,0,1,1
0.126,0.364249,0.332,0,0,1,1
0.126,0.364249,0.335,0,0,1,1
0.126,0.364249,0.338,0,0,1,1
0.126,0.364249,0.341,0,0,1,1
0.126,0.364249,0.344,0,0,1,1
0.126,0.364249,0.347,0,0,1,1
0.126,0.364249,0.35,0,0,1,1
0.126,0.364249,0.353,0,0,1,1
0.126,0.364249,0.356,0,0,1,1
0.126,0.364249,0.359,0,0,1,1
0.126,0.364249,0.362,0,0,1,1
0.126,0.364249,0.365,0,0,1,1
0.126,0.364249,0.368,0,0,1,1
0.126,0.364249,0.371,0,0,1,1
0.126,0.364249,0.374,0,0,1,1
0.126,0.364249,0.377,0,0,1,1
0.126,0.364249,0.38,0,0,1,1
0.126,0.364249,0.383,0,0,1,1
0.126,0.364249,0.386,0,0,1,1
0.126,0.364249,0.389,0,0,1,1
0.126,0.364249,0.392,0,0,1,1
0.126,0.364249,0.395,0,0,1,1
0.126,0.364249,0.398,0,0,1,1
0.126,0.364249,0.401,0,0,1,1
0.126,0.364249,0.404,0,0,1,1
0.126,0.364249,0.407,0,0,1,1
0.126,0.364249,0.41,0,0,1,1
0.126,0.364249,0.413,0,0,1,1
0.126,0.364249,0.416,0,0,1,1
0.126,0.364249,0.419,0,0,1,1
0.126,0.364249,0.422,0,0,1,1
0.126,0.364249,0.425,0,0,1,1
0.126,0.364249,0.427999,0,0,1,1
0.126,0.364249,0.430999,0,0,1,1
0.126,0.364249,0.433999,0,0,1,1
0.126,0.364249,0.436999,0,0,1,1
0.126,0.364249,0.439999,0,0,1,1
0.1275,0.361651,0.26,0,0,1,1
0.1275,0.361651,0.263,0,0,1,1
0.1275,0.361651,0.266,0,0,1,1
0.1275,0.361651,0.269,0,0,1,1
0.1275,0.361651,0.272,0,0,1,1
0.1275,0.361651,0.275,0,0,1,1
0.1275,0.361651,0.278,0,0,1,1
0.1275,0.361651,0.281,0,0,1,1
0.1275,0.361651,0.284,0,0,1,1
0.1275,0.361651,0.287,0,0,1,1
0.1275,0.361651,0.29,0,0,1,1
0.1275,0.361651,0.293,0,0,1,1
0.1275,0.361651,0.296,0,0,1,1
0.1275,0.361651,0.299,0,0,1,1
0.1275,0.361651,0.302,0,0,1,1
0.1275,0.361651,0.305,0,0,1,1
0.1275,0.361651,0.308,0,0,1,1
0.1275,0.361651,0.311,0,0,1,1
0.1275,0.361651,0.314,0,0,1,1
0.1275,0.361651,0.317,0,0,1,1
0.1275,0.361651,0.32,0,0,1,1
0.1275,0.361651,0.323,0,0,1,1
0.1275,0.361651,0.326,0,0,1,1
0.1275,0.361651,0.329,0,0,1,1
0.1275,0.361651,0.332,0,0,1,1
0.1275,0.361651,0.335,0,0,1,1
0.1275,0.361651,0.338,0,0,1,1
0.1275,0.361651,0.341,0,0,1,1
0.1275,0.361651,0.344,0,0,1,1
0.1275,0.361651,0.347,0,0,1,1
0.1275,0.361651,0.35,0,0,1,1
0.1275,0.361651,0.353,0,0,1,1
0.1275,0.361651,0.356,0,0,1,1
0.1275,0.361651,0.359,0,0,1,1
0.1275,0.361651,0.362,0,0,1,1
0.1275,0.361651,0.365,0,0,1,1
0.1275,0.361651,0.368,0,0,1,1
0.1275,0.361651,0.371,0,0,1,1
0.1275,0.361651,0.374,0,0,1,1
0.1275,0.361651,0.377,0,0,1,1
0.1275,0.361651,0.38,0,0,1,1
0.1275,0.361651,0.383,0,0,1,1
0.1275,0.361651,0.386,0,0,1,1
0.1275,0.361651,0.389,0,0,1,1
0.1275,0.361651,0.392,0,0,1,1
0.1275,0.361651,0.395,0,0,1,1
0.1275,0.361651,0.398,0,0,1,1
0.1275,0.361651,0.401,0,0,1,1
0.1275,0.361651,0.404,0,0,1,1
0.1275,0.361651,0.407,0,0,1,1
0.1275,0.361651,0.41,0,0,1,1
0.1275,0.361651,0.413,0,0,1,1
0.1275,0.361651,0.416,0,0,1,1
0.1275,0.361651,0.419,0,0,1,1
0.1275,0.361651,0.422,0,0,1,1
0.1275,0.361651,0.425,0,0,1,1
0.1275,0.361651,0.427999,0,0,1,1
0.1275,0.361651,0.430999,0,0,1,1
0.1275,0.361651,0.433999,0,0,1,1
0.1275,0.361651,0.436999,0,0,1,1
0.1275,0.361651,0.439999,0,0,1,1
0.129,0.359053,0.26,0,0,1,1
0.129,0.359053,0.263,0,0,1,1
0.129,0.359053,0.266,0,0,1,1
0.129,0.359053,0.269,0,0,1,1
0.129,0.359053,0.272,0,0,1,1
0.129,0.359053,0.275,0,0,1,1
0.129,0.359053,0.278,0,0,1,1
0.129,0.359053,0.281,0,0,1,1
0.129,0.359053,0.284,0,0,1,1
0.129,0.359053,0.287,0,0,1,1
0.129,0.359053,0.29,0,0,1,1
0.129,0.359053,0.293,0,0,1,1
0.129,0.359053,0.296,0,0,1,1
0.129,0.359053,0.299,0,0,1,1
0.129,0.359053,0.302,0,0,1,1
0.129,0.359053,0.305,0,0,1,1
0.129,0.359053,0.308,0,0,1,1
0.129,0.359053,0.311,0,0,1,1
0.129,0.359053,0.314,0,0,1,1
0.129,0.359053,0.317,0,0,1,1
0.129,0.359053,0.32,0,0,1,1
0.129,0.359053,0.323,0,0,1,1
0.129,0.359053,0.326,0,0,1,1
0.129,0.359053,0.329,0,0,1,1
0.129,0.359053,0.332,0,0,1,1
0.129,0.359053,0.335,0,0,1,1
0.129,0.359053,0.338,0,0,1,1
0.129,0.359053,0.341,0,0,1,1
0.129,0.359053,0.344,0,0,1,1
0.129,0.359053,0.347,0,0,1,1
0.129,0.359053,0.35,0,0,1,1
0.129,0.359053,0.353,0,0,1,1
0.129,0.359053,0.356,0,0,1,1
0.129,0.359053,0.359,0,0,1,1
0.129,0.359053,0.362,0,0,1,1
0.129,0.359053,0.365,0,0,1,1
0.129,0.359053,0.368,0,0,1,1
0.129,0.359053,0.371,0,0,1,1
0.129,0.359053,0.374,0,0,1,1
0.129,0.359053,0.377,0,0,1,1
0.129,0.359053,0.38,0,0,1,1
0.129,0.359053,0.383,0,0,1,1
0.129,0.359053,0.386,0,0,1,1
0.129,0.359053,0.389,0,0,1,1
0.129,0.359053,0.392,0,0,1,1
0.129,0.359053,0.395,0,0,1,1
0.129,0.359053,0.398,0,0,1,1
0.129,0.359053,0.401,0,0,1,1
0.129,0.359053,0.404,0,0,1,1
0.129,0.359053,0.407,0,0,1,1
0.129,0.359053,0.41,0,0,1,1
0.129,0.359053,0.413,0,0,1,1
0.129,0.359053,0.416,0,0,1,1
0.129,0.359053,0.419,0,0,1,1
0.129,0.359053,0.422,0,0,1,1
0.129,0.359053,0.425,0,0,1,1
0.129,0.359053,0.427999,0,0,1,1
0.129,0.359053,0.430999,0,0,1,1
0.129,0.359053,0.433999,0,0,1,1
0.129,0.359053,0.436999,0,0,1,1
0.129,0.359053,0.439999,0,0,1,1
0.1305,0.356454,0.26,0,0,1,1
0.1305,0.356454,0.263,0,0,1,1
0.1305,0.356454,0.266,0,0,1,1
0.1305,0.356454,0.269,0,0,1,1
0.1305,0.356454,0.272,0,0,1,1
0.1305,0.356454,0.275,0,0,1,1
0.1305,0.356454,0.278,0,0,1,1
0.1305,0.356454,0.281,0,0,1,1
0.1305,0.356454,0.284,0,0,1,1
0.1305,0.356454,0.287,0,0,1,1
0.1305,0.356454,0.29,0,0,1,1
0.1305,0.356454,0.293,0,0,1,1
0.1305,0.356454,0.296,0,0,1,1
0.1305,0.356454,0.299,0,0,1,1
0.1305,0.356454,0.302,0,0,1,1
0.1305,0.356454,0.305,0,0,1,1
0.1305,0.356454,0.308,0,0,1,1
0.1305,0.356454,0.311,0,0,1,1
0.1305,0.356454,0.314,0,0,1,1
0.1305,0.356454,0.317,0,0,1,1
0.1305,0.356454,0.32,0,0,1,1
0.1305,0.356454,0.323,0,0,1,1
0.1305,0.356454,0.326,0,0,1,1
0.1305,0.356454,0.329,0,0,1,1
0.1305,0.356454,0.332,0,0,1,1
0.1305,0.356454,0.335,0,0,1,1
0.1305,0.356454,0.338,0,0,1,1
0.1305,0.356454,0.341,0,0,1,1
0.1305,0.356454,0.344,0,0,1,1
0.1305,0.356454,0.347,0,0,1,1
0.1305,0.356454,0.35,0,0,1,1
0.1305,0.356454,0.353,0,0,1,1
0.1305,0.356454,0.356,0,0,1,1
0.1305,0.356454,0.359,0,0,1,1
0.1305,0.356454,0.362,0,0,1,1
0.1305,0.356454,0.365,0,0,1,1
0.1305,0.356454,0.368,0,0,1,1
0.1305,0.356454,0.371,0,0,1,1
0.1305,0.356454,0.374,0,0,1,1
0.1305,0.356454,0.377,0,0,1,1
0.1305,0.356454,0.38,0,0,1,1
0.1305,0.356454,0.383,0,0,1,1
0.1305,0.356454,0.386,0,0,1,1
0.1305,0.356454,0.389,0,0,1,1
0.1305,0.356454,0.392,0,0,1,1
0.1305,0.356454,0.395,0,0,1,1
0.1305,0.356454,0.398,0,0,1,1
0.1305,0.356454,0.401,0,0,1,1
0.1305,0.356454,0.404,0,0,1,1
0.1305,0.356454,0.407,0,0,1,1
0.1305,0.356454,0.41,0,0,1,1
0.1305,0.356454,0.413,0,0,1,1
0.1305,0.356454,0.416,0,0,1,1
0.1305,0.356454,0.419,0,0,1,1
0.1305,0.356454,0.422,0,0,1,1
0.1305,0.356454,0.425,0,0,1,1
0.1305,0.356454,0.427999,0,0,1,1
0.1305,0.356454,0.430999,0,0,1,1
0.1305,0.356454,0.433999,0,0,1,1
0.1305,0.356454,0.436999,0,0,1,1
0.1305,0.356454,0.439999,0,0,1,1
0.132,0.353856,0.26,0,0,1,1
0.132,0.353856,0.263,0,0,1,1
0.132,0.353856,0.266,0,0,1,1
0.132,0.353856,0.269,0,0,1,1
0.132,0.353856,0.272,0,0,1,1
0.132,0.353856,0.275,0,0,1,1
0.132,0.353856,0.278,0,0,1,1
0.132,0.353856,0.281,0,0,1,1
0.132,0.353856,0.284,0,0,1,1
0.132,0.353856,0.287,0,0,1,1
0.132,0.353856,0.29,0,0,1,1
0.132,0.353856,0.293,0,0,1,1
0.132,0.353856,0.296,0,0,1,1
0.132,0.353856,0.299,0,0,1,1
0.132,0.353856,0.302,0,0,1,1
0.132,0.353856,0.305,0,0,1,1
0.132,0.353856,0.308,0,0,1,1
0.132,0.353856,0.311,0,0,1,1
0.132,0.353856,0.314,0,0,1,1
0.132,0.353856,0.317,0,0,1,1
0.132,0.353856,0.32,0,0,1,1
0.132,0.353856,0.323,0,0,1,1
0.132,0.353856,0.326,0,0,1,1
0.132,0.353856,0.329,0,0,1,1
0.132,0.353856,0.332,0,0,1,1
0.132,0.353856,0.335,0,0,1,1
0.132,0.353856,0.338,0,0,1,1
0.132,0.353856,0.341,0,0,1,1
0.132,0.353856,0.344,0,0,1,1
0.132,0.353856,0.347,0,0,1,1
0.132,0.353856,0.35,0,0,1,1
0.132,0.353856,0.353,0,0,1,1
0.132,0.353856,0.356,0,0,1,1
0.132,0.353856,0.359,0,0,1,1
0.132,0.353856,0.362,0,0,1,1
0.132,0.353856,0.365,0,0,1,1
0.132,0.353856,0.368,0,0,1,1
0.132,0.353856,0.371,0,0,1,1
0.132,0.353856,0.374,0,0,1,1
0.132,0.353856,0.377,0,0,1,1
0.132,0.353856,0.38,0,0,1,1
0.132,0.353856,0.383,0,0,1,1
0.132,0.353856,0.386,0,0,1,1
0.132,0.353856,0.389,0,0,1,1
0.132,0.353856,0.392,0,0,1,1
0.132,0.353856,0.395,0,0,1,1
0.132,0.353856,0.398,0,0,1,1
0.132,0.353856,0.401,0,0,1,1
0.132,0.353856,0.404,0,0,1,1
0.132,0.353856,0.407,0,0,1,1
0.132,0.353856,0.41,0,0,1,1
0.132,0.353856,0.413,0,0,1,1
0.132,0.353856,0.416,0,0,1,1
0.132,0.353856,0.419,0,0,1,1
0.132,0.353856,0.422,0,0,1,1
0.132,0.353856,0.425,0,0,1,1
0.132,0.353856,0.427999,0,0,1,1
0.132,0.353856,0.430999,0,0,1,1
0.132,0.353856,0.433999,0,0,1,1
0.132,0.353856,0.436999,0,0,1,1
0.132,0.353856,0.439999,0,0,1,1
0.1335,0.351258,0.26,0,0,1,1
0.1335,0.351258,0.263,0,0,1,1
0.1335,0.351258,0.266,0,0,1,1
0.1335,0.351258,0.269,0,0,1,1
0.1335,0.351258,0.272,0,0,1,1
0.1335,0.351258,0.275,0,0,1,1
0.1335,0.351258,0.278,0,0,1,1
0.1335,0.351258,0.281,0,0,1,1
0.1335,0.351258,0.284,0,0,1,1
0.1335,0.351258,0.287,0,0,1,1
0.1335,0.351258,0.29,0,0,1,1
0.1335,0.351258,0.293,0,0,1,1
0.1335,0.351258,0.296,0,0,1,1
0.1335,0.351258,0.299,0,0,1,1
0.1335,0.351258,0.302,0,0,1,1
0.1335,0.351258,0.305,0,0,1,1
0.1335,0.351258,0.308,0,0,1,1
0.1335,0.351258,0.311,0,0,1,1
0.1335,0.351258,0.314,0,0,1,1
0.1335,0.351258,0.317,0,0,1,1
0.1335,0.351258,0.32,0,0,1,1
0.1335,0.351258,0.323,0,0,1,1
0.1335,0.351258,0.326,0,0,1,1
0.1335,0.351258,0.329,0,0,1,1
0.1335,0.351258,0.332,0,0,1,1
0.1335,0.351258,0.335,0,0,1,1
0.1335,0.351258,0.338,0,0,1,1
0.1335,0.351258,0.341,0,0,1,1
0.1335,0.351258,0.344,0,0,1,1
0.1335,0.351258,0.347,0,0,1,1
0.1335,0.351258,0.35,0,0,1,1
0.1335,0.351258,0.353,0,0,1,1
0.1335,0.351258,0.356,0,0,1,1
0.1335,0.351258,0.359,0,0,1,1
0.1335,0.351258,0.362,0,0,1,1
0.1335,0.351258,0.365,0,0,1,1
0.1335,0.351258,0.368,0,0,1,1
0.1335,0.351258,0.371,0,0,1,1
0.1335,0.351258,0.374,0,0,1,1
0.1335,0.351258,0.377,0,0,1,1
0.1335,0.351258,0.38,0,0,1,1
0.1335,0.351258,0.383,0,0,1,1
0.1335,0.351258,0.386,0,0,1,1
0.1335,0.351258,0.389,0,0,1,1
0.1335,0.351258,0.392,0,0,1,1
0.1335,0.351258,0.395,0,0,1,1
0.1335,0.351258,0.398,0,0,1,1
0.1335,0.351258,0.401,0,0,1,1
0.1335,0.351258,0.404,0,0,1,1
0.1335,0.351258,0.407,0,0,1,1
0.1335,0.351258,0.41,0,0,1,1
0.1335,0.351258,0.413,0,0,1,1
0.1335,0.351258,0.416,0,0,1,1
0.1335,0.351258,0.419,0,0,1,1
0.1335,0.351258,0.422,0,0,1,1
0.1335,0.351258,0.425,0,0,1,1
0.1335,0.351258,0.427999,0,0,1,1
0.1335,0.351258,0.430999,0,0,1,1
0.1335,0.351258,0.433999,0,0,1,1
0.1335,0.351258,0.436999,0,0,1,1
0.1335,0.351258,0.439999,0,0,1,1
0.135,0.34866,0.26,0,0,1,1
0.135,0.34866,0.263,0,0,1,1
0.135,0.34866,0.266,0,0,1,1
0.135,0.34866,0.269,0,0,1,1
0.135,0.34866,0.272,0,0,1,1
0.135,0.34866,0.275,0,0,1,1
0.135,0.34866,0.278,0,0,1,1
0.135,0.34866,0.281,0,0,1,1
0.135,0.34866,0.284,0,0,1,1
0.135,0.34866,0.287,0,0,1,1
0.135,0.34866,0.29,0,0,1,1
0.135,0.34866,0.293,0,0,1,1
0.135,0.34866,0.296,0,0,1,1
0.135,0.34866,0.299,0,0,1,1
0.135,0.34866,0.302,0,0,1,1
0.135,0.34866,0.305,0,0,1,1
0.135,0.34866,0.308,0,0,1,1
0.135,0.34866,0.311,0,0,1,1
0.135,0.34866,0.314,0,0,1,1
0.135,0.34866,0.317,0,0,1,1
0.135,0.34866,0.32,0,0,1,1
0.135,0.34866,0.323,0,0,1,1
0.135,0.34866,0.326,0,0,1,1
0.135,0.34866,0.329,0,0,1,1
0.135,0.34866,0.332,0,0,1,1
0.135,0.34866,0.335,0,0,1,1
0.135,0.34866,0.338,0,0,1,1
0.135,0.34866,0.341,0,0,1,1
0.135,0.34866,0.344,0,0,1,1
0.135,0.34866,0.347,0,0,1,1
0.135,0.34866,0.35,0,0,1,1
0.135,0.34866,0.353,0,0,1,1
0.135,0.34866,0.356,0,0,1,1
0.135,0.34866,0.359,0,0,1,1
0.135,0.34866,0.362,0,0,1,1
0.135,0.34866,0.365,0,0,1,1
0.135,0.34866,0.368,0,0,1,1
0.135,0.34866,0.371,0,0,1,1
0.135,0.34866,0.374,0,0,1,1
0.135,0.34866,0.377,0,0,1,1
0.135,0.34866,0.38,0,0,1,1
0.135,0.34866,0.383,0,0,1,1
0.135,0.34866,0.386,0,0,1,1
0.135,0.34866,0.389,0,0,1,1
0.135,0.34866,0.392,0,0,1,1
0.135,0.34866,0.395,0,0,1,1
0.135,0.34866,0.398,0,0,1,1
0.135,0.34866,0.401,0,0,1,1
0.135,0.34866,0.404,0,0,1,1
0.135,0.34866,0.407,0,0,1,1
0.135,0.34866,0.41,0,0,1,1
0.135,0.34866,0.413,0,0,1,1
0.135,0.34866,0.416,0,0,1,1
0.135,0.34866,0.419,0,0,1,1
0.135,0.34866,0.422,0,0,1,1
0.135,0.34866,0.425,0,0,1,1
0.135,0.34866,0.427999,0,0,1,1
0.135,0.34866,0.430999,0,0,1,1
0.135,0.34866,0.433999,0,0,1,1
0.135,0.34866,0.436999,0,0,1,1
0.135,0.34866,0.439999,0,0,1,1
0.1365,0.346062,0.26,0,0,1,1
0.1365,0.346062,0.263,0,0,1,1
0.1365,0.346062,0.266,0,0,1,1
0.1365,0.346062,0.269,0,0,1,1
0.1365,0.346062,0.272,0,0,1,1
0.1365,0.346062,0.275,0,0,1,1
0.1365,0.346062,0.278,0,0,1,1
0.1365,0.346062,0.281,0,0,1,1
0.1365,0.346062,0.284,0,0,1,1
0.1365,0.346062,0.287,0,0,1,1
0.1365,0.346062,0.29,0,0,1,1
0.1365,0.346062,0.293,0,0,1,1
0.1365,0.346062,0.296,0,0,1,1
0.1365,0.346062,0.299,0,0,1,1
0.1365,0.346062,0.302,0,0,1,1
0.1365,0.346062,0.305,0,0,1,1
0.1365,0.346062,0.308,0,0,1,1
0.1365,0.346062,0.311,0,0,1,1
0.1365,0.346062,0.314,0,0,1,1
0.1365,0.346062,0.317,0,0,1,1
0.1365,0.346062,0.32,0,0,1,1
0.1365,0.346062,0.323,0,0,1,1
0.1365,0.346062,0.326,0,0,1,1
0.1365,0.346062,0.329,0,0,1,1
0.1365,0.346062,0.332,0,0,1,1
0.1365,0.346062,0.335,0,0,1,1
0.1365,0.346062,0.338,0,0,1,1
0.1365,0.346062,0.341,0,0,1,1
0.1365,0.346062,0.344,0,0,1,1
0.1365,0.346062,0.347,0,0,1,1
0.1365,0.346062,0.35,0,0,1,1
0.1365,0.346062,0.353,0,0,1,1
0.1365,0.346062,0.356,0,0,1,1
0.1365,0.346062,0.359,0,0,1,1
0.1365,0.346062,0.362,0,0,1,1
0.1365,0.346062,0.365,0,0,1,1
0.1365,0.346062,0.368,0,0,1,1
0.1365,0.346062,0.371,0,0,1,1
0.1365,0.346062,0.374,0,0,1,1
0.1365,0.346062,0.377,0,0,1,1
0.1365,0.346062,0.38,0,0,1,1
0.1365,0.346062,0.383,0,0,1,1
0.1365,0.346062,0.386,0,0,1,1
0.1365,0.346062,0.389,0,0,1,1
0.1365,0.346062,0.392,0,0,1,1
0.1365,0.346062,0.395,0,0,1,1
0.1365,0.346062,0.398,0,0,1,1
0.1365,0.346062,0.401,0,0,1,1
0.1365,0.346062,0.404,0,0,1,1
0.1365,0.346062,0.407,0,0,1,1
0.1365,0.346062,0.41,0,0,1,1
0.1365,0.346062,0.413,0,0,1,1
0.1365,0.346062,0.416,0,0,1,1
0.1365,0.346062,0.419,0,0,1,1
0.1365,0.346062,0.422,0,0,1,1
0.1365,0.346062,0.425,0,0,1,1
0.1365,0.346062,0.427999,0,0,1,1
0.1365,0.346062,0.430999,0,0,1,1
0.1365,0.346062,0.433999,0,0,1,1
0.1365,0.346062,0.436999,0,0,1,1
0.1365,0.346062,0.439999,0,0,1,1
0.138,0.343464,0.26,0,0,1,1
0.138,0.343464,0.263,0,0,1,1
0.138,0.343464,0.266,0,0,1,1
0.138,0.343464,0.269,0,0,1,1
0.138,0.343464,0.272,0,0,1,1
0.138,0.343464,0.275,0,0,1,1
0.138,0.343464,0.278,0,0,1,1
0.138,0.343464,0.281,0,0,1,1
0.138,0.343464,0.284,0,0,1,1
0.138,0.343464,0.287,0,0,1,1
0.138,0.343464,0.29,0,0,1,1
0.138,0.343464,0.293,0,0,1,1
0.138,0.343464,0.296,0,0,1,1
0.138,0.343464,0.299,0,0,1,1
0.138,0.343464,0.302,0,0,1,1
0.138,0.343464,0.305,0,0,1,1
0.138,0.343464,0.308,0,0,1,1
0.138,0.343464,0.311,0,0,1,1
0.138,0.343464,0.314,0,0,1,1
0.138,0.343464,0.317,0,0,1,1
0.138,0.343464,0.32,0,0,1,1
0.138,0.343464,0.323,0,0,1,1
0.138,0.343464,0.326,0,0,1,1
0.138,0.343464,0.329,0,0,1,1
0.138,0.343464,0.332,0,0,1,1
0.138,0.343464,0.335,0,0,1,1
0.138,0.343464,0.338,0,0,1,1
0.138,0.343464,0.341,0,0,1,1
0.138,0.343464,0.344,0,0,1,1
0.138,0.343464,0.347,0,0,1,1
0.138,0.343464,0.35,0,0,1,1
0.138,0.343464,0.353,0,0,1,1
0.138,0.343464,0.356,0,0,1,1
0.138,0.343464,0.359,0,0,1,1
0.138,0.343464,0.362,0,0,1,1
0.138,0.343464,0.365,0,0,1,1
0.138,0.343464,0.368,0,0,1,1
0.138,0.343464,0.371,0,0,1,1
0.138,0.343464,0.374,0,0,1,1
0.138,0.343464,0.377,0,0,1,1
0.138,0.343464,0.38,0,0,1,1
0.138,0.343464,0.383,0,0,1,1
0.138,0.343464,0.386,0,0,1,1
0.138,0.343464,0.389,0,0,1,1
0.138,0.343464,0.392,0,0,1,1
0.138,0.343464,0.395,0,0,1,1
0.138,0.343464,0.398,0,0,1,1
0.138,0.343464,0.401,0,0,1,1
0.138,0.343464,0.404,0,0,1,1
0.138,0.343464,0.407,0,0,1,1
0.138,0.343464,0.41,0,0,1,1
0.138,0.343464,0.413,0,0,1,1
0.138,0.343464,0.416,0,0,1,1
0.138,0.343464,0.419,0,0,1,1
0.138,0.343464,0.422,0,0,1,1
0.138,0.343464,0.425,0,0,1,1
0.138,0.343464,0.427999,0,0,1,1
0.138,0.343464,0.430999,0,0,1,1
0.138,0.343464,0.433999,0,0,1,1
0.138,0.343464,0.436999,0,0,1,1
0.138,0.343464,0.439999,0,0,1,1
0.1395,0.340866,0.26,0,0,1,1
0.1395,0.340866,0.263,0,0,1,1
0.1395,0.340866,0.266,0,0,1,1
0.1395,0.340866,0.269,0,0,1,1
0.1395,0.340866,0.272,0,0,1,1
0.1395,0.340866,0.275,0,0,1,1
0.1395,0.340866,0.278,0,0,1,1
0.1395,0.340866,0.281,0,0,1,1
0.1395,0.340866,0.284,0,0,1,1
0.1395,0.340866,0.287,0,0,1,1
0.1395,0.340866,0.29,0,0,1,1
0.1395,0.340866,0.293,0,0,1,1
0.1395,0.340866,0.296,0,0,1,1
0.1395,0.340866,0.299,0,0,1,1
0.1395,0.340866,0.302,0,0,1,1
0.1395,0.340866,0.305,0,0,1,1
0.1395,0.340866,0.308,0,0,1,1
0.1395,0.340866,0.311,0,0,1,1
0.1395,0.340866,0.314,0,0,1,1
0.1395,0.340866,0.317,0,0,1,1
0.1395,0.340866,0.32,0,0,1,1
0.1395,0.340866,0.323,0,0,1,1
0.1395,0.340866,0.326,0,0,1,1
0.1395,0.340866,0.329,0,0,1,1
0.1395,0.340866,0.332,0,0,1,1
0.1395,0.340866,0.335,0,0,1,1
0.1395,0.340866,0.338,0,0,1,1
0.1395,0.340866,0.341,0,0,1,1
0.1395,0.340866,0.344,0,0,1,1
0.1395,0.340866,0.347,0,0,1,1
0.1395,0.340866,0.35,0,0,1,1
0.1395,0.340866,0.353,0,0,1,1
0.1395,0.340866,0.356,0,0,1,1
0.1395,0.340866,0.359,0,0,1,1
0.1395,0.340866,0.362,0,0,1,1
0.1395,0.340866,0.365,0,0,1,1
0.1395,0.340866,0.368,0,0,1,1
0.1395,0.340866,0.371,0,0,1,1
0.1395,0.340866,0.374,0,0,1,1
0.1395,0.340866,0.377,0,0,1,1
0.1395,0.340866,0.38,0,0,1,1
0.1395,0.340866,0.383,0,0,1,1
0.1395,0.340866,0.386,0,0,1,1
0.1395,0.340866,0.389,0,0,1,1
0.1395,0.340866,0.392,0,0,1,1
0.1395,0.340866,0.395,0,0,1,1
0.1395,0.340866,0.398,0,0,1,1
0.1395,0.340866,0.401,0,0,1,1
0.1395,0.340866,0.404,0,0,1,1
0.1395,0.340866,0.407,0,0,1,1
0.1395,0.340866,0.41,0,0,1,1
0.1395,0.340866,0.413,0,0,1,1
0.1395,0.340866,0.416,0,0,1,1
0.1395,0.340866,0.419,0,0,1,1
0.1395,0.340866,0.422,0,0,1,1
0.1395,0.340866,0.425,0,0,1,1
0.1395,0.340866,0.427999,0,0,1,1
0.1395,0.340866,0.430999,0,0,1,1
0.1395,0.340866,0.433999,0,0,1,1
0.1395,0.340866,0.436999,0,0,1,1
0.1395,0.340866,0.439999,0,0,1,1
0.141,0.338268,0.26,0,0,1,1
0.141,0.338268,0.263,0,0,1,1
0.141,0.338268,0.266,0,0,1,1
0.141,0.338268,0.269,0,0,1,1
0.141,0.338268,0.272,0,0,1,1
0.141,0.338268,0.275,0,0,1,1
0.141,0.338268,0.278,0,0,1,1
0.141,0.338268,0.281,0,0,1,1
0.141,0.338268,0.284,0,0,1,1
0.141,0.338268,0.287,0,0,1,1
0.141,0.338268,0.29,0,0,1,1
0.141,0.338268,0.293,0,0,1,1
0.141,0.338268,0.296,0,0,1,1
0.141,0.338268,0.299,0,0,1,1
0.141,0.338268,0.302,0,0,1,1
0.141,0.338268,0.305,0,0,1,1
0.141,0.338268,0.308,0,0,1,1
0.141,0.338268,0.311,0,0,1,1
0.141,0.338268,0.314,0,0,1,1
0.141,0.338268,0.317,0,0,1,1
0.141,0.338268,0.32,0,0,1,1
0.141,0.338268,0.323,0,0,1,1
0.141,0.338268,0.326,0,0,1,1
0.141,0.338268,0.329,0,0,1,1
0.141,0.338268,0.332,0,0,1,1
0.141,0.338268,0.335,0,0,1,1
0.141,0.338268,0.338,0,0,1,1
0.141,0.338268,0.341,0,0,1,1
0.141,0.338268,0.344,0,0,1,1
0.141,0.338268,0.347,0,0,1,1
0.141,0.338268,0.35,0,0,1,1
0.141,0.338268,0.353,0,0,1,1
0.141,0.338268,0.356,0,0,1,1
0.141,0.338268,0.359,0,0,1,1
0.141,0.338268,0.362,0,0,1,1
0.141,0.338268,0.365,0,0,1,1
0.141,0.338268,0.368,0,0,1,1
0.141,0.338268,0.371,0,0,1,1
0.141,0.338268,0.374,0,0,1,1
0.141,0.338268,0.377,0,0,1,1
0.141,0.338268,0.38,0,0,1,1
0.141,0.338268,0.383,0,0,1,1
0.141,0.338268,0.386,0,0,1,1
0.141,0.338268,0.389,0,0,1,1
0.141,0.338268,0.392,0,0,1,1
0.141,0.338268,0.395,0,0,1,1
0.141,0.338268,0.398,0,0,1,1
0.141,0.338268,0.401,0,0,1,1
0.141,0.338268,0.404,0,0,1,1
0.141,0.338268,0.407,0,0,1,1
0.141,0.338268,0.41,0,0,1,1
0.141,0.338268,0.413,0,0,1,1
0.141,0.338268,0.416,0,0,1,1
0.141,0.338268,0.419,0,0,1,1
0.141,0.338268,0.422,0,0,1,1
0.141,0.338268,0.425,0,0,1,1
0.141,0.338268,0.427999,0,0,1,1
0.141,0.338268,0.430999,0,0,1,1
0.141,0.338268,0.433999,0,0,1,1
0.141,0.338268,0.436999,0,0,1,1
0.141,0.338268,0.439999,0,0,1,1
0.1425,0.33567,0.26,0,0,1,1
0.1425,0.33567,0.263,0,0,1,1
0.1425,0.33567,0.266,0,0,1,1
0.1425,0.33567,0.269,0,0,1,1
0.1425,0.33567,0.272,0,0,1,1
0.1425,0.33567,0.275,0,0,1,1
0.1425,0.33567,0.278,0,0,1,1
0.1425,0.33567,0.281,0,0,1,1
0.1425,0.33567,0.284,0,0,1,1
0.1425,0.33567,0.287,0,0,1,1
0.1425,0.33567,0.29,0,0,1,1
0.1425,0.33567,0.293,0,0,1,1
0.1425,0.33567,0.296,0,0,1,1
0.1425,0.33567,0.299,0,0,1,1
0.1425,0.33567,0.302,0,0,1,1
0.1425,0.33567,0.305,0,0,1,1
0.1425,0.33567,0.308,0,0,1,1
0.1425,0.33567,0.311,0,0,1,1
0.1425,0.33567,0.314,0,0,1,1
0.1425,0.33567,0.317,0,0,1,1
0.1425,0.33567,0.32,0,0,1,1
0.1425,0.33567,0.323,0,0,1,1
0.1425,0.33567,0.326,0,0,1,1
0.1425,0.33567,0.329,0,0,1,1
0.1425,0.33567,0.332,0,0,1,1
0.1425,0.33567,0.335,0,0,1,1
0.1425,0.33567,0.338,0,0,1,1
0.1425,0.33567,0.341,0,0,1,1
0.1425,0.33567,0.344,0,0,1,1
0.1425,0.33567,0.347,0,0,1,1
0.1425,0.33567,0.35,0,0,1,1
0.1425,0.33567,0.353,0,0,1,1
0.1425,0.33567,0.356,0,0,1,1
0.1425,0.33567,0.359,0,0,1,1
0.1425,0.33567,0.362,0,0,1,1
0.1425,0.33567,0.365,0,0,1,1
0.1425,0.33567,0.368,0,0,1,1
0.1425,0.33567,0.371,0,0,1,1
0.1425,0.33567,0.374,0,0,1,1
0.1425,0.33567,0.377,0,0,1,1
0.1425,0.33567,0.38,0,0,1,1
0.1425,0.33567,0.383,0,0,1,1
0.1425,0.33567,0.386,0,0,1,1
0.1425,0.33567,0.389,0,0,1,1
0.1425,0.33567,0.392,0,0,1,1
0.1425,0.33567,0.395,0,0,1,1
0.1425,0.33567,0.398,0,0,1,1
0.1425,0.33567,0.401,0,0,1,1
0.1425,0.33567,0.404,0,0,1,1
0.1425,0.33567,0.407,0,0,1,1
0.1425,0.33567,0.41,0,0,1,1
0.1425,0.33567,0.413,0,0,1,1
0.1425,0.33567,0.416,0,0,1,1
0.1425,0.33567,0.419,0,0,1,1
0.1425,0.33567,0.422,0,0,1,1
0.1425,0.33567,0.425,0,0,1,1
0.1425,0.33567,0.427999,0,0,1,1
0.1425,0.33567,0.430999,0,0,1,1
0.1425,0.33567,0.433999,0,0,1,1
0.1425,0.33567,0.436999,0,0,1,1
0.1425,0.33567,0.439999,0,0,1,1
0.144,0.333072,0.26,0,0,1,1
0.144,0.333072,0.263,0,0,1,1
0.144,0.333072,0.266,0,0,1,1
0.144,0.333072,0.269,0,0,1,1
0.144,0.333072,0.272,0,0,1,1
0.144,0.333072,0.275,0,0,1,1
0.144,0.333072,0.278,0,0,1,1
0.144,0.333072,0.281,0,0,1,1
0.144,0.333072,0.284,0,0,1,1
0.144,0.333072,0.287,0,0,1,1
0.144,0.333072,0.29,0,0,1,1
0.144,0.333072,0.293,0,0,1,1
0.144,0.333072,0.296,0,0,1,1
0.144,0.333072,0.299,0,0,1,1
0.144,0.333072,0.302,0,0,1,1
0.144,0.333072,0.305,0,0,1,1
0.144,0.333072,0.308,0,0,1,1
0.144,0.333072,0.311,0,0,1,1
0.144,0.333072,0.314,0,0,1,1
0.144,0.333072,0.317,0,0,1,1
0.144,0.333072,0.32,0,0,1,1
0.144,0.333072,0.323,0,0,1,1
0.144,0.333072,0.326,0,0,1,1
0.144,0.333072,0.329,0,0,1,1
0.144,0.333072,0.332,0,0,1,1
0.144,0.333072,0.335,0,0,1,1
0.144,0.333072,0.338,0,0,1,1
0.144,0.333072,0.341,0,0,1,1
0.144,0.333072,0.344,0,0,1,1
0.144,0.333072,0.347,0,0,1,1
0.144,0.333072,0.35,0,0,1,1
0.144,0.333072,0.353,0,0,1,1
0.144,0.333072,0.356,0,0,1,1
0.144,0.333072,0.359,0,0,1,1
0.144,0.333072,0.362,0,0,1,1
0.144,0.333072,0.365,0,0,1,1
0.144,0.333072,0.368,0,0,1,1
0.144,0.333072,0.371,0,0,1,1
0.144,0.333072,0.374,0,0,1,1
0.144,0.333072,0.377,0,0,1,1
0.144,0.333072,0.38,0,0,1,1
0.144,0.333072,0.383,0,0,1,1
0.144,0.333072,0.386,0,0,1,1
0.144,0.333072,0.389,0,0,1,1
0.144,0.333072,0.392,0,0,1,1
0.144,0.333072,0.395,0,0,1,1
0.144,0.333072,0.398,0,0,1,1
0.144,0.333072,0.401,0,0,1,1
0.144,0.333072,0.404,0,0,1,1
0.144,0.333072,0.407,0,0,1,1
0.144,0.333072,0.41,0,0,1,1
0.144,0.333072,0.413,0,0,1,1
0.144,0.333072,0.416,0,0,1,1
0.144,0.333072,0.419,0,0,1,1
0.144,0.333072,0.422,0,0,1,1
0.144,0.333072,0.425,0,0,1,1
0.144,0.333072,0.427999,0,0,1,1
0.144,0.333072,0.430999,0,0,1,1
0.144,0.333072,0.433999,0,0,1,1
0.144,0.333072,0.436999,0,0,1,1
0.144,0.333072,0.439999,0,0,1,1
0.1455,0.330474,0.26,0,0,1,1
0.1455,0.330474,0.263,0,0,1,1
0.1455,0.330474,0.266,0,0,1,1
0.1455,0.330474,0.269,0,0,1,1
0.1455,0.330474,0.272,0,0,1,1
0.1455,0.330474,0.275,0,0,1,1
0.1455,0.330474,0.278,0,0,1,1
0.1455,0.330474,0.281,0,0,1,1
0.1455,0.330474,0.284,0,0,1,1
0.1455,0.330474,0.287,0,0,1,1
0.1455,0.330474,0.29,0,0,1,1
0.1455,0.330474,0.293,0,0,1,1
0.1455,0.330474,0.296,0,0,1,1
0.1455,0.330474,0.299,0,0,1,1
0.1455,0.330474,0.302,0,0,1,1
0.1455,0.330474,0.305,0,0,1,1
0.1455,0.330474,0.308,0,0,1,1
0.1455,0.330474,0.311,0,0,1,1
0.1455,0.330474,0.314,0,0,1,1
0.1455,0.330474,0.317,0,0,1,1
0.1455,0.330474,0.32,0,0,1,1
0.1455,0.330474,0.323,0,0,1,1
0.1455,0.330474,0.326,0,0,1,1
0.1455,0.330474,0.329,0,0,1,1
0.1455,0.330474,0.332,0,0,1,1
0.1455,0.330474,0.335,0,0,1,1
0.1455,0.330474,0.338,0,0,1,1
0.1455,0.330474,0.341,0,0,1,1
0.1455,0.330474,0.344,0,0,1,1
0.1455,0.330474,0.347,0,0,1,1
0.1455,0.330474,0.35,0,0,1,1
0.1455,0.330474,0.353,0,0,1,1
0.1455,0.330474,0.356,0,0,1,1
0.1455,0.330474,0.359,0,0,1,1
0.1455,0.330474,0.362,0,0,1,1
0.1455,0.330474,0.365,0,0,1,1
0.1455,0.330474,0.368,0,0,1,1
0.1455,0.330474,0.371,0,0,1,1
0.1455,0.330474,0.374,0,0,1,1
0.1455,0.330474,0.377,0,0,1,1
0.1455,0.330474,0.38,0,0,1,1
0.1455,0.330474,0.383,0,0,1,1
0.1455,0.330474,0.386,0,0,1,1
0.1455,0.330474,0.389,0,0,1,1
0.1455,0.330474,0.392,0,0,1,1
0.1455,0.330474,0.395,0,0,1,1
0.1455,0.330474,0.398,0,0,1,1
0.1455,0.330474,0.401,0,0,1,1
0.1455,0.330474,0.404,0,0,1,1
0.1455,0.330474,0.407,0,0,1,1
0.1455,0.330474,0.41,0,0,1,1
0.1455,0.330474,0.413,0,0,1,1
0.1455,0.330474,0.416,0,0,1,1
0.1455,0.330474,0.419,0,0,1,1
0.1455,0.330474,0.422,0,0,1,1
0.1455,0.330474,0.425,0,0,1,1
0.1455,0.330474,0.427999,0,0,1,1
0.1455,0.330474,0.430999,0,0,1,1
0.1455,0.330474,0.433999,0,0,1,1
0.1455,0.330474,0.436999,0,0,1,1
0.1455,0.330474,0.439999,0,0,1,1
0.147,0.327876,0.26,0,0,1,1
0.147,0.327876,0.263,0,0,1,1
0.147,0.327876,0.266,0,0,1,1
0.147,0.327876,0.269,0,0,1,1
0.147,0.327876,0.272,0,0,1,1
0.147,0.327876,0.275,0,0,1,1
0.147,0.327876,0.278,0,0,1,1
0.147,0.327876,0.281,0,0,1,1
0.147,0.327876,0.284,0,0,1,1
0.147,0.327876,0.287,0,0,1,1
0.147,0.327876,0.29,0,0,1,1
0.147,0.327876,0.293,0,0,1,1
0.147,0.327876,0.296,0,0,1,1
0.147,0.327876,0.299,0,0,1,1
0.147,0.327876,0.302,0,0,1,1
0.147,0.327876,0.305,0,0,1,1
0.147,0.327876,0.308,0,0,1,1
0.147,0.327876,0.311,0,0,1,1
0.147,0.327876,0.314,0,0,1,1
0.147,0.327876,0.317,0,0,1,1
0.147,0.327876,0.32,0,0,1,1
0.147,0.327876,0.323,0,0,1,1
0.147,0.327876,0.326,0,0,1,1
0.147,0.327876,0.329,0,0,1,1
0.147,0.327876,0.332,0,0,1,1
0.147,0.327876,0.335,0,0,1,1
0.147,0.327876,0.338,0,0,1,1
0.147,0.327876,0.341,0,0,1,1
0.147,0.327876,0.344,0,0,1,1
0.147,0.327876,0.347,0,0,1,1
0.147,0.327876,0.35,0,0,1,1
0.147,0.327876,0.353,0,0,1,1
0.147,0.327876,0.356,0,0,1,1
0.147,0.327876,0.359,0,0,1,1
0.147,0.327876,0.362,0,0,1,1
0.147,0.327876,0.365,0,0,1,1
0.147,0.327876,0.368,0,0,1,1
0.147,0.327876,0.371,0,0,1,1
0.147,0.327876,0.374,0,0,1,1
0.147,0.327876,0.377,0,0,1,1
0.147,0.327876,0.38,0,0,1,1
0.147,0.327876,0.383,0,0,1,1
0.147,0.327876,0.386,0,0,1,1
0.147,0.327876,0.389,0,0,1,1
0.147,0.327876,0.392,0,0,1,1
0.147,0.327876,0.395,0,0,1,1
0.147,0.327876,0.398,0,0,1,1
0.147,0.327876,0.401,0,0,1,1
0.147,0.327876,0.404,0,0,1,1
0.147,0.327876,0.407,0,0,1,1
0.147,0.327876,0.41,0,0,1,1
0.147,0.327876,0.413,0,0,1,1
0.147,0.327876,0.416,0,0,1,1
0.147,0.327876,0.419,0,0,1,1
0.147,0.327876,0.422,0,0,1,1
0.147,0.327876,0.425,0,0,1,1
0.147,0.327876,0.427999,0,0,1,1
0.147,0.327876,0.430999,0,0,1,1
0.147,0.327876,0.433999,0,0,1,1
0.147,0.327876,0.436999,0,0,1,1
0.147,0.327876,0.439999,0,0,1,1
0.1485,0.325278,0.26,0,0,1,1
0.1485,0.325278,0.263,0,0,1,1
0.1485,0.325278,0.266,0,0,1,1
0.1485,0.325278,0.269,0,0,1,1
0.1485,0.325278,0.272,0,0,1,1
0.1485,0.325278,0.275,0,0,1,1
0.1485,0.325278,0.278,0,0,1,1
0.1485,0.325278,0.281,0,0,1,1
0.1485,0.325278,0.284,0,0,1,1
0.1485,0.325278,0.287,0,0,1,1
0.1485,0.325278,0.29,0,0,1,1
0.1485,0.325278,0.293,0,0,1,1
0.1485,0.325278,0.296,0,0,1,1
0.1485,0.325278,0.299,0,0,1,1
0.1485,0.325278,0.302,0,0,1,1
0.1485,0.325278,0.305,0,0,1,1
0.1485,0.325278,0.308,0,0,1,1
0.1485,0.325278,0.311,0,0,1,1
0.1485,0.325278,0.314,0,0,1,1
0.1485,0.325278,0.317,0,0,1,1
0.1485,0.325278,0.32,0,0,1,1
0.1485,0.325278,0.323,0,0,1,1
0.1485,0.325278,0.326,0,0,1,1
0.1485,0.325278,0.329,0,0,1,1
0.1485,0.325278,0.332,0,0,1,1
0.1485,0.325278,0.335,0,0,1,1
0.1485,0.325278,0.338,0,0,1,1
0.1485,0.325278,0.341,0,0,1,1
0.1485,0.325278,0.344,0,0,1,1
0.1485,0.325278,0.347,0,0,1,1
0.1485,0.325278,0.35,0,0,1,1
0.1485,0.325278,0.353,0,0,1,1
0.1485,0.325278,0.356,0,0,1,1
0.1485,0.325278,0.359,0,0,1,1
0.1485,0.325278,0.362,0,0,1,1
0.1485,0.325278,0.365,0,0,1,1
0.1485,0.325278,0.368,0,0,1,1
0.1485,0.325278,0.371,0,0,1,1
0.1485,0.325278,0.374,0,0,1,1
0.1485,0.325278,0.377,0,0,1,1
0.1485,0.325278,0.38,0,0,1,1
0.1485,0.325278,0.383,0,0,1,1
0.1485,0.325278,0.386,0,0,1,1
0.1485,0.325278,0.389,0,0,1,1
0.1485,0.325278,0.392,0,0,1,1
0.1485,0.325278,0.395,0,0,1,1
0.1485,0.325278,0.398,0,0,1,1
0.1485,0.325278,0.401,0,0,1,1
0.1485,0.325278,0.404,0,0,1,1
0.1485,0.325278,0.407,0,0,1,1
0.1485,0.325278,0.41,0,0,1,1
0.1485,0.325278,0.413,0,0,1,1
0.1485,0.325278,0.416,0,0,1,1
0.1485,0.325278,0.419,0,0,1,1
0.1485,0.325278,0.422,0,0,1,1
0.1485,0.325278,0.425,0,0,1,1
0.1485,0.325278,0.427999,0,0,1,1
0.1485,0.325278,0.430999,0,0,1,1
0.1485,0.325278,0.433999,0,0,1,1
0.1485,0.325278,0.436999,0,0,1,1
0.1485,0.325278,0.439999,0,0,1,1
0.15,0.322679,0.26,0,0,1,1
0.15,0.322679,0.263,0,0,1,1
0.15,0.322679,0.266,0,0,1,1
0.15,0.322679,0.269,0,0,1,1
0.15,0.322679,0.272,0,0,1,1
0.15,0.322679,0.275,0,0,1,1
0.15,0.322679,0.278,0,0,1,1
0.15,0.322679,0.281,0,0,1,1
0.15,0.322679,0.284,0,0,1,1
0.15,0.322679,0.287,0,0,1,1
0.15,0.322679,0.29,0,0,1,1
0.15,0.322679,0.293,0,0,1,1
0.15,0.322679,0.296,0,0,1,1
0.15,0.322679,0.299,0,0,1,1
0.15,0.322679,0.302,0,0,1,1
0.15,0.322679,0.305,0,0,1,1
0.15,0.322679,0.308,0,0,1,1
0.15,0.322679,0.311,0,0,1,1
0.15,0.322679,0.314,0,0,1,1
0.15,0.322679,0.317,0,0,1,1
0.15,0.322679,0.32,0,0,1,1
0.15,0.322679,0.323,0,0,1,1
0.15,0.322679,0.326,0,0,1,1
0.15,0.322679,0.329,0,0,1,1
0.15,0.322679,0.332,0,0,1,1
0.15,0.322679,0.335,0,0,1,1
0.15,0.322679,0.338,0,0,1,1
0.15,0.322679,0.341,0,0,1,1
0.15,0.322679,0.344,0,0,1,1
0.15,0.322679,0.347,0,0,1,1
0.15,0.322679,0.35,0,0,1,1
0.15,0.322679,0.353,0,0,1,1
0.15,0.322679,0.356,0,0,1,1
0.15,0.322679,0.359,0,0,1,1
0.15,0.322679,0.362,0,0,1,1
0.15,0.322679,0.365,0,0,1,1
0.15,0.322679,0.368,0,0,1,1
0.15,0.322679,0.371,0,0,1,1
0.15,0.322679,0.374,0,0,1,1
0.15,0.322679,0.377,0,0,1,1
0.15,0.322679,0.38,0,0,1,1
0.15,0.322679,0.383,0,0,1,1
0.15,0.322679,0.386,0,0,1,1
0.15,0.322679,0.389,0,0,1,1
0.15,0.322679,0.392,0,0,1,1
0.15,0.322679,0.395,0,0,1,1
0.15,0.322679,0.398,0,0,1,1
0.15,0.322679,0.401,0,0,1,1
0.15,0.322679,0.404,0,0,1,1
0.15,0.322679,0.407,0,0,1,1
0.15,0.322679,0.41,0,0,1,1
0.15,0.322679,0.413,0,0,1,1
0.15,0.322679,0.416,0,0,1,1
0.15,0.322679,0.419,0,0,1,1
0.15,0.322679,0.422,0,0,1,1
0.15,0.322679,0.425,0,0,1,1
0.15,0.322679,0.427999,0,0,1,1
0.15,0.322679,0.430999,0,0,1,1
0.15,0.322679,0.433999,0,0,1,1
0.15,0.322679,0.436999,0,0,1,1
0.15,0.322679,0.439999,0,0,1,1
0.1515,0.320081,0.26,0,0,1,1
0.1515,0.320081,0.263,0,0,1,1
0.1515,0.320081,0.266,0,0,1,1
0.1515,0.320081,0.269,0,0,1,1
0.1515,0.320081,0.272,0,0,1,1
0.1515,0.320081,0.275,0,0,1,1
0.1515,0.320081,0.278,0,0,1,1
0.1515,0.320081,0.281,0,0,1,1
0.1515,0.320081,0.284,0,0,1,1
0.1515,0.320081,0.287,0,0,1,1
0.1515,0.320081,0.29,0,0,1,1
0.1515,0.320081,0.293,0,0,1,1
0.1515,0.320081,0.296,0,0,1,1
0.1515,0.320081,0.299,0,0,1,1
0.1515,0.320081,0.302,0,0,1,1
0.1515,0.320081,0.305,0,0,1,1
0.1515,0.320081,0.308,0,0,1,1
0.1515,0.320081,0.311,0,0,1,1
0.1515,0.320081,0.314,0,0,1,1
0.1515,0.320081,0.317,0,0,1,1
0.1515,0.320081,0.32,0,0,1,1
0.1515,0.320081,0.323,0,0,1,1
0.1515,0.320081,0.326,0,0,1,1
0.1515,0.320081,0.329,0,0,1,1
0.1515,0.320081,0.332,0,0,1,1
0.1515,0.320081,0.335,0,0,1,1
0.1515,0.320081,0.338,0,0,1,1
0.1515,0.320081,0.341,0,0,1,1
0.1515,0.320081,0.344,0,0,1,1
0.1515,0.320081,0.347,0,0,1,1
0.1515,0.320081,0.35,0,0,1,1
0.1515,0.320081,0.353,0,0,1,1
0.1515,0.320081,0.356,0,0,1,1
0.1515,0.320081,0.359,0,0,1,1
0.1515,0.320081,0.362,0,0,1,1
0.1515,0.320081,0.365,0,0,1,1
0.1515,0.320081,0.368,0,0,1,1
0.1515,0.320081,0.371,0,0,1,1
0.1515,0.320081,0.374,0,0,1,1
0.1515,0.320081,0.377,0,0,1,1
0.1515,0.320081,0.38,0,0,1,1
0.1515,0.320081,0.383,0,0,1,1
0.1515,0.320081,0.386,0,0,1,1
0.1515,0.320081,0.389,0,0,1,1
0.1515,0.320081,0.392,0,0,1,1
0.1515,0.320081,0.395,0,0,1,1
0.1515,0.320081,0.398,0,0,1,1
0.1515,0.320081,0.401,0,0,1,1
0.1515,0.320081,0.404,0,0,1,1
0.1515,0.320081,0.407,0,0,1,1
0.1515,0.320081,0.41,0,0,1,1
0.1515,0.320081,0.413,0,0,1,1
0.1515,0.320081,0.416,0,0,1,1
0.1515,0.320081,0.419,0,0,1,1
0.1515,0.320081,0.422,0,0,1,1
0.1515,0.320081,0.425,0,0,1,1
0.1515,0.320081,0.427999,0,0,1,1
0.1515,0.320081,0.430999,0,0,1,1
0.1515,0.320081,0.433999,0,0,1,1
0.1515,0.320081,0.436999,0,0,1,1
0.1515,0.320081,0.439999,0,0,1,1
0.153,0.317483,0.26,0,0,1,1
0.153,0.317483,0.263,0,0,1,1
0.153,0.317483,0.266,0,0,1,1
0.153,0.317483,0.269,0,0,1,1
0.153,0.317483,0.272,0,0,1,1
0.153,0.317483,0.275,0,0,1,1
0.153,0.317483,0.278,0,0,1,1
0.153,0.317483,0.281,0,0,1,1
0.153,0.317483,0.284,0,0,1,1
0.153,0.317483,0.287,0,0,1,1
0.153,0.317483,0.29,0,0,1,1
0.153,0.317483,0.293,0,0,1,1
0.153,0.317483,0.296,0,0,1,1
0.153,0.317483,0.299,0,0,1,1
0.153,0.317483,0.302,0,0,1,1
0.153,0.317483,0.305,0,0,1,1
0.153,0.317483,0.308,0,0,1,1
0.153,0.317483,0.311,0,0,1,1
0.153,0.317483,0.314,0,0,1,1
0.153,0.317483,0.317,0,0,1,1
0.153,0.317483,0.32,0,0,1,1
0.153,0.317483,0.323,0,0,1,1
0.153,0.317483,0.326,0,0,1,1
0.153,0.317483,0.329,0,0,1,1
0.153,0.317483,0.332,0,0,1,1
0.153,0.317483,0.335,0,0,1,1
0.153,0.317483,0.338,0,0,1,1
0.153,0.317483,0.341,0,0,1,1
0.153,0.317483,0.344,0,0,1,1
0.153,0.317483,0.347,0,0,1,1
0.153,0.317483,0.35,0,0,1,1
0.153,0.317483,0.353,0,0,1,1
0.153,0.317483,0.356,0,0,1,1
0.153,0.317483,0.359,0,0,1,1
0.153,0.317483,0.362,0,0,1,1
0.153,0.317483,0.365,0,0,1,1
0.153,0.317483,0.368,0,0,1,1
0.153,0.317483,0.371,0,0,1,1
0.153,0.317483,0.374,0,0,1,1
0.153,0.317483,0.377,0,0,1,1
0.153,0.317483,0.38,0,0,1,1
0.153,0.317483,0.383,0,0,1,1
0.153,0.317483,0.386,0,0,1,1
0.153,0.317483,0.389,0,0,1,1
0.153,0.317483,0.392,0,0,1,1
0.153,0.317483,0.395,0,0,1,1
0.153,0.317483,0.398,0,0,1,1
0.153,0.317483,0.401,0,0,1,1
0.153,0.317483,0.404,0,0,1,1
0.153,0.317483,0.407,0,0,1,1
0.153,0.317483,0.41,0,0,1,1
0.153,0.317483,0.413,0,0,1,1
0.153,0.317483,0.416,0,0,1,1
0.153,0.317483,0.419,0,0,1,1
0.153,0.317483,0.422,0,0,1,1
0.153,0.317483,0.425,0,0,1,1
0.153,0.317483,0.427999,0,0,1,1
0.153,0.317483,0.430999,0,0,1,1
0.153,0.317483,0.433999,0,0,1,1
0.153,0.317483,0.436999,0,0,1,1
0.153,0.317483,0.439999,0,0,1,1
0.1545,0.314885,0.26,0,0,1,1
0.1545,0.314885,0.263,0,0,1,1
0.1545,0.314885,0.266,0,0,1,1
0.1545,0.314885,0.269,0,0,1,1
0.1545,0.314885,0.272,0,0,1,1
0.1545,0.314885,0.275,0,0,1,1
0.1545,0.314885,0.278,0,0,1,1
0.1545,0.314885,0.281,0,0,1,1
0.1545,0.314885,0.284,0,0,1,1
0.1545,0.314885,0.287,0,0,1,1
0.1545,0.314885,0.29,0,0,1,1
0.1545,0.314885,0.293,0,0,1,1
0.1545,0.314885,0.296,0,0,1,1
0.1545,0.314885,0.299,0,0,1,1
0.1545,0.314885,0.302,0,0,1,1
0.1545,0.314885,0.305,0,0,1,1
0.1545,0.314885,0.308,0,0,1,1
0.1545,0.314885,0.311,0,0,1,1
0.1545,0.314885,0.314,0,0,1,1
0.1545,0.314885,0.317,0,0,1,1
0.1545,0.314885,0.32,0,0,1,1
0.1545,0.314885,0.323,0,0,1,1
0.1545,0.314885,0.326,0,0,1,1
0.1545,0.314885,0.329,0,0,1,1
0.1545,0.314885,0.332,0,0,1,1
0.1545,0.314885,0.335,0,0,1,1
0.1545,0.314885,0.338,0,0,1,1
0.1545,0.314885,0.341,0,0,1,1
0.1545,0.314885,0.344,0,0,1,1
0.1545,0.314885,0.347,0,0,1,1
0.1545,0.314885,0.35,0,0,1,1
0.1545,0.314885,0.353,0,0,1,1
0.1545,0.314885,0.356,0,0,1,1
0.1545,0.314885,0.359,0,0,1,1
0.1545,0.314885,0.362,0,0,1,1
0.1545,0.314885,0.365,0,0,1,1
0.1545,0.314885,0.368,0,0,1,1
0.1545,0.314885,0.371,0,0,1,1
0.1545,0.314885,0.374,0,0,1,1
0.1545,0.314885,0.377,0,0,1,1
0.1545,0.314885,0.38,0,0,1,1
0.1545,0.314885,0.383,0,0,1,1
0.1545,0.314885,0.386,0,0,1,1
0.1545,0.314885,0.389,0,0,1,1
0.1545,0.314885,0.392,0,0,1,1
0.1545,0.314885,0.395,0,0,1,1
0.1545,0.314885,0.398,0,0,1,1
0.1545,0.314885,0.401,0,0,1,1
0.1545,0.314885,0.404,0,0,1,1
0.1545,0.314885,0.407,0,0,1,1
0.1545,0.314885,0.41,0,0,1,1
0.1545,0.314885,0.413,0,0,1,1
0.1545,0.314885,0.416,0,0,1,1
0.1545,0.314885,0.419,0,0,1,1
0.1545,0.314885,0.422,0,0,1,1
0.1545,0.314885,0.425,0,0,1,1
0.1545,0.314885,0.427999,0,0,1,1
0.1545,0.314885,0.430999,0,0,1,1
0.1545,0.314885,0.433999,0,0,1,1
0.1545,0.314885,0.436999,0,0,1,1
0.1545,0.314885,0.439999,0,0,1,1
0.156,0.312287,0.26,0,0,1,1
0.156,0.312287,0.263,0,0,1,1
0.156,0.312287,0.266,0,0,1,1
0.156,0.312287,0.269,0,0,1,1
0.156,0.312287,0.272,0,0,1,1
0.156,0.312287,0.275,0,0,1,1
0.156,0.312287,0.278,0,0,1,1
0.156,0.312287,0.281,0,0,1,1
0.156,0.312287,0.284,0,0,1,1
0.156,0.312287,0.287,0,0,1,1
0.156,0.312287,0.29,0,0,1,1
0.156,0.312287,0.293,0,0,1,1
0.156,0.312287,0.296,0,0,1,1
0.156,0.312287,0.299,0,0,1,1
0.156,0.312287,0.302,0,0,1,1
0.156,0.312287,0.305,0,0,1,1
0.156,0.312287,0.308,0,0,1,1
0.156,0.312287,0.311,0,0,1,1
0.156,0.312287,0.314,0,0,1,1
0.156,0.312287,0.317,0,0,1,1
0.156,0.312287,0.32,0,0,1,1
0.156,0.312287,0.323,0,0,1,1
0.156,0.312287,0.326,0,0,1,1
0.156,0.312287,0.329,0,0,1,1
0.156,0.312287,0.332,0,0,1,1
0.156,0.312287,0.335,0,0,1,1
0.156,0.312287,0.338,0,0,1,1
0.156,0.312287,0.341,0,0,1,1
0.156,0.312287,0.344,0,0,1,1
0.156,0.312287,0.347,0,0,1,1
0.156,0.312287,0.35,0,0,1,1
0.156,0.312287,0.353,0,0,1,1
0.156,0.312287,0.356,0,0,1,1
0.156,0.312287,0.359,0,0,1,1
0.156,0.312287,0.362,0,0,1,1
0.156,0.312287,0.365,0,0,1,1
0.156,0.312287,0.368,0,0,1,1
0.156,0.312287,0.371,0,0,1,1
0.156,0.312287,0.374,0,0,1,1
0.156,0.312287,0.377,0,0,1,1
0.156,0.312287,0.38,0,0,1,1
0.156,0.312287,0.383,0,0,1,1
0.156,0.312287,0.386,0,0,1,1
0.156,0.312287,0.389,0,0,1,1
0.156,0.312287,0.392,0,0,1,1
0.156,0.312287,0.395,0,0,1,1
0.156,0.312287,0.398,0,0,1,1
0.156,0.312287,0.401,0,0,1,1
0.156,0.312287,0.404,0,0,1,1
0.156,0.312287,0.407,0,0,1,1
0.156,0.312287,0.41,0,0,1,1
0.156,0.312287,0.413,0,0,1,1
0.156,0.312287,0.416,0,0,1,1
0.156,0.312287,0.419,0,0,1,1
0.156,0.312287,0.422,0,0,1,1
0.156,0.312287,0.425,0,0,1,1
0.156,0.312287,0.427999,0,0,1,1
0.156,0.312287,0.430999,0,0,1,1
0.156,0.312287,0.433999,0,0,1,1
0.156,0.312287,0.436999,0,0,1,1
0.156,0.312287,0.439999,0,0,1,1
0.1575,0.309689,0.26,0,0,1,1
0.1575,0.309689,0.263,0,0,1,1
0.1575,0.309689,0.266,0,0,1,1
0.1575,0.309689,0.269,0,0,1,1
0.1575,0.309689,0.272,0,0,1,1
0.1575,0.309689,0.275,0,0,1,1
0.1575,0.309689,0.278,0,0,1,1
0.1575,0.309689,0.281,0,0,1,1
0.1575,0.309689,0.284,0,0,1,1
0.1575,0.309689,0.287,0,0,1,1
0.1575,0.309689,0.29,0,0,1,1
0.1575,0.309689,0.293,0,0,1,1
0.1575,0.309689,0.296,0,0,1,1
0.1575,0.309689,0.299,0,0,1,1
0.1575,0.309689,0.302,0,0,1,1
0.1575,0.309689,0.305,0,0,1,1
0.1575,0.309689,0.308,0,0,1,1
0.1575,0.309689,0.311,0,0,1,1
0.1575,0.309689,0.314,0,0,1,1
0.1575,0.309689,0.317,0,0,1,1
0.1575,0.309689,0.32,0,0,1,1
0.1575,0.309689,0.323,0,0,1,1
0.1575,0.309689,0.326,0,0,1,1
0.1575,0.309689,0.329,0,0,1,1
0.1575,0.309689,0.332,0,0,1,1
0.1575,0.309689,0.335,0,0,1,1
0.1575,0.309689,0.338,0,0,1,1
0.1575,0.309689,0.341,0,0,1,1
0.1575,0.309689,0.344,0,0,1,1
0.1575,0.309689,0.347,0,0,1,1
0.1575,0.309689,0.35,0,0,1,1
0.1575,0.309689,0.353,0,0,1,1
0.1575,0.309689,0.356,0,0,1,1
0.1575,0.309689,0.359,0,0,1,1
0.1575,0.309689,0.362,0,0,1,1
0.1575,0.309689,0.365,0,0,1,1
0.1575,0.309689,0.368,0,0,1,1
0.1575,0.309689,0.371,0,0,1,1
0.1575,0.309689,0.374,0,0,1,1
0.1575,0.309689,0.377,0,0,1,1
0.1575,0.309689,0.38,0,0,1,1
0.1575,0.309689,0.383,0,0,1,1
0.1575,0.309689,0.386,0,0,1,1
0.1575,0.309689,0.389,0,0,1,1
0.1575,0.309689,0.392,0,0,1,1
0.1575,0.309689,0.395,0,0,1,1
0.1575,0.309689,0.398,0,0,1,1
0.1575,0.309689,0.401,0,0,1,1
0.1575,0.309689,0.404,0,0,1,1
0.1575,0.309689,0.407,0,0,1,1
0.1575,0.309689,0.41,0,0,1,1
0.1575,0.309689,0.413,0,0,1,1
0.1575,0.309689,0.416,0,0,1,1
0.1575,0.309689,0.419,0,0,1,1
0.1575,0.309689,0.422,0,0,1,1
0.1575,0.309689,0.425,0,0,1,1
0.1575,0.309689,0.427999,0,0,1,1
0.1575,0.309689,0.430999,0,0,1,1
0.1575,0.309689,0.433999,0,0,1,1
0.1575,0.309689,0.436999,0,0,1,1
0.1575,0.309689,0.439999,0,0,1,1
0.159,0.307091,0.26,0,0,1,1
0.159,0.307091,0.263,0,0,1,1
0.159,0.307091,0.266,0,0,1,1
0.159,0.307091,0.269,0,0,1,1
0.159,0.307091,0.272,0,0,1,1
0.159,0.307091,0.275,0,0,1,1
0.159,0.307091,0.278,0,0,1,1
0.159,0.307091,0.281,0,0,1,1
0.159,0.307091,0.284,0,0,1,1
0.159,0.307091,0.287,0,0,1,1
0.159,0.307091,0.29,0,0,1,1
0.159,0.307091,0.293,0,0,1,1
0.159,0.307091,0.296,0,0,1,1
0.159,0.307091,0.299,0,0,1,1
0.159,0.307091,0.302,0,0,1,1
0.159,0.307091,0.305,0,0,1,1
0.159,0.307091,0.308,0,0,1,1
0.159,0.307091,0.311,0,0,1,1
0.159,0.307091,0.314,0,0,1,1
0.159,0.307091,0.317,0,0,1,1
0.159,0.307091,0.32,0,0,1,1
0.159,0.307091,0.323,0,0,1,1
0.159,0.307091,0.326,0,0,1,1
0.159,0.307091,0.329,0,0,1,1
0.159,0.307091,0.332,0,0,1,1
0.159,0.307091,0.335,0,0,1,1
0.159,0.307091,0.338,0,0,1,1
0.159,0.307091,0.341,0,0,1,1
0.159,0.307091,0.344,0,0,1,1
0.159,0.307091,0.347,0,0,1,1
0.159,0.307091,0.35,0,0,1,1
0.159,0.307091,0.353,0,0,1,1
0.159,0.307091,0.356,0,0,1,1
0.159,0.307091,0.359,0,0,1,1
0.159,0.307091,0.362,0,0,1,1
0.159,0.307091,0.365,0,0,1,1
0.159,0.307091,0.368,0,0,1,1
0.159,0.307091,0.371,0,0,1,1
0.159,0.307091,0.374,0,0,1,1
0.159,0.307091,0.377,0,0,1,1
0.159,0.307091,0.38,0,0,1,1
0.159,0.307091,0.383,0,0,1,1
0.159,0.307091,0.386,0,0,1,1
0.159,0.307091,0.389,0,0,1,1
0.159,0.307091,0.392,0,0,1,1
0.159,0.307091,0.395,0,0,1,1
0.159,0.307091,0.398,0,0,1,1
0.159,0.307091,0.401,0,0,1,1
0.159,0.307091,0.404,0,0,1,1
0.159,0.307091,0.407,0,0,1,1
0.159,0.307091,0.41,0,0,1,1
0.159,0.307091,0.413,0,0,1,1
0.159,0.307091,0.416,0,0,1,1
0.159,0.307091,0.419,0,0,1,1
0.159,0.307091,0.422,0,0,1,1
0.159,0.307091,0.425,0,0,1,1
0.159,0.307091,0.427999,0,0,1,1
0.159,0.307091,0.430999,0,0,1,1
0.159,0.307091,0.433999,0,0,1,1
0.159,0.307091,0.436999,0,0,1,1
0.159,0.307091,0.439999,0,0,1,1
0.1605,0.304493,0.26,0,0,1,1
0.1605,0.304493,0.263,0,0,1,1
0.1605,0.304493,0.266,0,0,1,1
0.1605,0.304493,0.269,0,0,1,1
0.1605,0.304493,0.272,0,0,1,1
0.1605,0.304493,0.275,0,0,1,1
0.1605,0.304493,0.278,0,0,1,1
0.1605,0.304493,0.281,0,0,1,1
0.1605,0.304493,0.284,0,0,1,1
0.1605,0.304493,0.287,0,0,1,1
0.1605,0.304493,0.29,0,0,1,1
0.1605,0.304493,0.293,0,0,1,1
0.1605,0.304493,0.296,0,0,1,1
0.1605,0.304493,0.299,0,0,1,1
0.1605,0.304493,0.302,0,0,1,1
0.1605,0.304493,0.305,0,0,1,1
0.1605,0.304493,0.308,0,0,1,1
0.1605,0.304493,0.311,0,0,1,1
0.1605,0.304493,0.314,0,0,1,1
0.1605,0.304493,0.317,0,0,1,1
0.1605,0.304493,0.32,0,0,1,1
0.1605,0.304493,0.323,0,0,1,1
0.1605,0.304493,0.326,0,0,1,1
0.1605,0.304493,0.329,0,0,1,1
0.1605,0.304493,0.332,0,0,1,1
0.1605,0.304493,0.335,0,0,1,1
0.1605,0.304493,0.338,0,0,1,1
0.1605,0.304493,0.341,0,0,1,1
0.1605,0.304493,0.344,0,0,1,1
0.1605,0.304493,0.347,0,0,1,1
0.1605,0.304493,0.35,0,0,1,1
0.1605,0.304493,0.353,0,0,1,1
0.1605,0.304493,0.356,0,0,1,1
0.1605,0.304493,0.359,0,0,1,1
0.1605,0.304493,0.362,0,0,1,1
0.1605,0.304493,0.365,0,0,1,1
0.1605,0.304493,0.368,0,0,1,1
0.1605,0.304493,0.371,0,0,1,1
0.1605,0.304493,0.374,0,0,1,1
0.1605,0.304493,0.377,0,0,1,1
0.1605,0.304493,0.38,0,0,1,1
0.1605,0.304493,0.383,0,0,1,1
0.1605,0.304493,0.386,0,0,1,1
0.1605,0.304493,0.389,0,0,1,1
0.1605,0.304493,0.392,0,0,1,1
0.1605,0.304493,0.395,0,0,1,1
0.1605,0.304493,0.398,0,0,1,1
0.1605,0.304493,0.401,0,0,1,1
0.1605,0.304493,0.404,0,0,1,1
0.1605,0.304493,0.407,0,0,1,1
0.1605,0.304493,0.41,0,0,1,1
0.1605,0.304493,0.413,0,0,1,1
0.1605,0.304493,0.416,0,0,1,1
0.1605,0.304493,0.419,0,0,1,1
0.1605,0.304493,0.422,0,0,1,1
0.1605,0.304493,0.425,0,0,1,1
0.1605,0.304493,0.427999,0,0,1,1
0.1605,0.304493,0.430999,0,0,1,1
0.1605,0.304493,0.433999,0,0,1,1
0.1605,0.304493,0.436999,0,0,1,1
0.1605,0.304493,0.439999,0,0,1,1
0.162,0.301895,0.26,0,0,1,1
0.162,0.301895,0.263,0,0,1,1
0.162,0.301895,0.266,0,0,1,1
0.162,0.301895,0.269,0,0,1,1
0.162,0.301895,0.272,0,0,1,1
0.162,0.301895,0.275,0,0,1,1
0.162,0.301895,0.278,0,0,1,1
0.162,0.301895,0.281,0,0,1,1
0.162,0.301895,0.284,0,0,1,1
0.162,0.301895,0.287,0,0,1,1
0.162,0.301895,0.29,0,0,1,1
0.162,0.301895,0.293,0,0,1,1
0.162,0.301895,0.296,0,0,1,1
0.162,0.301895,0.299,0,0,1,1
0.162,0.301895,0.302,0,0,1,1
0.162,0.301895,0.305,0,0,1,1
0.162,0.301895,0.308,0,0,1,1
0.162,0.301895,0.311,0,0,1,1
0.162,0.301895,0.314,0,0,1,1
0.162,0.301895,0.317,0,0,1,1
0.162,0.301895,0.32,0,0,1,1
0.162,0.301895,0.323,0,0,1,1
0.162,0.301895,0.326,0,0,1,1
0.162,0.301895,0.329,0,0,1,1
0.162,0.301895,0.332,0,0,1,1
0.162,0.301895,0.335,0,0,1,1
0.162,0.301895,0.338,0,0,1,1
0.162,0.301895,0.341,0,0,1,1
0.162,0.301895,0.344,0,0,1,1
0.162,0.301895,0.347,0,0,1,1
0.162,0.301895,0.35,0,0,1,1
0.162,0.301895,0.353,0,0,1,1
0.162,0.301895,0.356,0,0,1,1
0.162,0.301895,0.359,0,0,1,1
0.162,0.301895,0.362,0,0,1,1
0.162,0.301895,0.365,0,0,1,1
0.162,0.301895,0.368,0,0,1,1
0.162,0.301895,0.371,0,0,1,1
0.162,0.301895,0.374,0,0,1,1
0.162,0.301895,0.377,0,0,1,1
0.162,0.301895,0.38,0,0,1,1
0.162,0.301895,0.383,0,0,1,1
0.162,0.301895,0.386,0,0,1,1
0.162,0.301895,0.389,0,0,1,1
0.162,0.301895,0.392,0,0,1,1
0.162,0.301895,0.395,0,0,1,1
0.162,0.301895,0.398,0,0,1,1
0.162,0.301895,0.401,0,0,1,1
0.162,0.301895,0.404,0,0,1,1
0.162,0.301895,0.407,0,0,1,1
0.162,0.301895,0.41,0,0,1,1
0.162,0.301895,0.413,0,0,1,1
0.162,0.301895,0.416,0,0,1,1
0.162,0.301895,0.419,0,0,1,1
0.162,0.301895,0.422,0,0,1,1
0.162,0.301895,0.425,0,0,1,1
0.162,0.301895,0.427999,0,0,1,1
0.162,0.301895,0.430999,0,0,1,1
0.162,0.301895,0.433999,0,0,1,1
0.162,0.301895,0.436999,0,0,1,1
0.162,0.301895,0.439999,0,0,1,1
0.1635,0.299297,0.26,0,0,1,1
0.1635,0.299297,0.263,0,0,1,1
0.1635,0.299297,0.266,0,0,1,1
0.1635,0.299297,0.269,0,0,1,1
0.1635,0.299297,0.272,0,0,1,1
0.1635,0.299297,0.275,0,0,1,1
0.1635,0.299297,0.278,0,0,1,1
0.1635,0.299297,0.281,0,0,1,1
0.1635,0.299297,0.284,0,0,1,1
0.1635,0.299297,0.287,0,0,1,1
0.1635,0.299297,0.29,0,0,1,1
0.1635,0.299297,0.293,0,0,1,1
0.1635,0.299297,0.296,0,0,1,1
0.1635,0.299297,0.299,0,0,1,1
0.1635,0.299297,0.302,0,0,1,1
0.1635,0.299297,0.305,0,0,1,1
0.1635,0.299297,0.308,0,0,1,1
0.1635,0.299297,0.311,0,0,1,1
0.1635,0.299297,0.314,0,0,1,1
0.1635,0.299297,0.317,0,0,1,1
0.1635,0.299297,0.32,0,0,1,1
0.1635,0.299297,0.323,0,0,1,1
0.1635,0.299297,0.326,0,0,1,1
0.1635,0.299297,0.329,0,0,1,1
0.1635,0.299297,0.332,0,0,1,1
0.1635,0.299297,0.335,0,0,1,1
0.1635,0.299297,0.338,0,0,1,1
0.1635,0.299297,0.341,0,0,1,1
0.1635,0.299297,0.344,0,0,1,1
0.1635,0.299297,0.347,0,0,1,1
0.1635,0.299297,0.35,0,0,1,1
0.1635,0.299297,0.353,0,0,1,1
0.1635,0.299297,0.356,0,0,1,1
0.1635,0.299297,0.359,0,0,1,1
0.1635,0.299297,0.362,0,0,1,1
0.1635,0.299297,0.365,0,0,1,1
0.1635,0.299297,0.368,0,0,1,1
0.1635,0.299297,0.371,0,0,1,1
0.1635,0.299297,0.374,0,0,1,1
0.1635,0.299297,0.377,0,0,1,1
0.1635,0.299297,0.38,0,0,1,1
0.1635,0.299297,0.383,0,0,1,1
0.1635,0.299297,0.386,0,0,1,1
0.1635,0.299297,0.389,0,0,1,1
0.1635,0.299297,0.392,0,0,1,1
0.1635,0.299297,0.395,0,0,1,1
0.1635,0.299297,0.398,0,0,1,1
0.1635,0.299297,0.401,0,0,1,1
0.1635,0.299297,0.404,0,0,1,1
0.1635,0.299297,0.407,0,0,1,1
0.1635,0.299297,0.41,0,0,1,1
0.1635,0.299297,0.413,0,0,1,1
0.1635,0.299297,0.416,0,0,1,1
0.1635,0.299297,0.419,0,0,1,1
0.1635,0.299297,0.422,0,0,1,1
0.1635,0.299297,0.425,0,0,1,1
0.1635,0.299297,0.427999,0,0,1,1
0.1635,0.299297,0.430999,0,0,1,1
0.1635,0.299297,0.433999,0,0,1,1
0.1635,0.299297,0.436999,0,0,1,1
0.1635,0.299297,0.439999,0,0,1,1
0.165,0.296699,0.26,0,0,1,1
0.165,0.296699,0.263,0,0,1,1
0.165,0.296699,0.266,0,0,1,1
0.165,0.296699,0.269,0,0,1,1
0.165,0.296699,0.272,0,0,1,1
0.165,0.296699,0.275,0,0,1,1
0.165,0.296699,0.278,0,0,1,1
0.165,0.296699,0.281,0,0,1,1
0.165,0.296699,0.284,0,0,1,1
0.165,0.296699,0.287,0,0,1,1
0.165,0.296699,0.29,0,0,1,1
0.165,0.296699,0.293,0,0,1,1
0.165,0.296699,0.296,0,0,1,1
0.165,0.296699,0.299,0,0,1,1
0.165,0.296699,0.302,0,0,1,1
0.165,0.296699,0.305,0,0,1,1
0.165,0.296699,0.308,0,0,1,1
0.165,0.296699,0.311,0,0,1,1
0.165,0.296699,0.314,0,0,1,1
0.165,0.296699,0.317,0,0,1,1
0.165,0.296699,0.32,0,0,1,1
0.165,0.296699,0.323,0,0,1,1
0.165,0.296699,0.326,0,0,1,1
0.165,0.296699,0.329,0,0,1,1
0.165,0.296699,0.332,0,0,1,1
0.165,0.296699,0.335,0,0,1,1
0.165,0.296699,0.338,0,0,1,1
0.165,0.296699,0.341,0,0,1,1
0.165,0.296699,0.344,0,0,1,1
0.165,0.296699,0.347,0,0,1,1
0.165,0.296699,0.35,0,0,1,1
0.165,0.296699,0.353,0,0,1,1
0.165,0.296699,0.356,0,0,1,1
0.165,0.296699,0.359,0,0,1,1
0.165,0.296699,0.362,0,0,1,1
0.165,0.296699,0.365,0,0,1,1
0.165,0.296699,0.368,0,0,1,1
0.165,0.296699,0.371,0,0,1,1
0.165,0.296699,0.374,0,0,1,1
0.165,0.296699,0.377,0,0,1,1
0.165,0.296699,0.38,0,0,1,1
0.165,0.296699,0.383,0,0,1,1
0.165,0.296699,0.386,0,0,1,1
0.165,0.296699,0.389,0,0,1,1
0.165,0.296699,0.392,0,0,1,1
0.165,0.296699,0.395,0,0,1,1
0.165,0.296699,0.398,0,0,1,1
0.165,0.296699,0.401,0,0,1,1
0.165,0.296699,0.404,0,0,1,1
0.165,0.296699,0.407,0,0,1,1
0.165,0.296699,0.41,0,0,1,1
0.165,0.296699,0.413,0,0,1,1
0.165,0.296699,0.416,0,0,1,1
0.165,0.296699,0.419,0,0,1,1
0.165,0.296699,0.422,0,0,1,1
0.165,0.296699,0.425,0,0,1,1
0.165,0.296699,0.427999,0,0,1,1
0.165,0.296699,0.430999,0,0,1,1
0.165,0.296699,0.433999,0,0,1,1
0.165,0.296699,0.436999,0,0,1,1
0.165,0.296699,0.439999,0,0,1,1
0.1665,0.294101,0.26,0,0,1,1
0.1665,0.294101,0.263,0,0,1,1
0.1665,0.294101,0.266,0,0,1,1
0.1665,0.294101,0.269,0,0,1,1
0.1665,0.294101,0.272,0,0,1,1
0.1665,0.294101,0.275,0,0,1,1
0.1665,0.294101,0.278,0,0,1,1
0.1665,0.294101,0.281,0,0,1,1
0.1665,0.294101,0.284,0,0,1,1
0.1665,0.294101,0.287,0,0,1,1
0.1665,0.294101,0.29,0,0,1,1
0.1665,0.294101,0.293,0,0,1,1
0.1665,0.294101,0.296,0,0,1,1
0.1665,0.294101,0.299,0,0,1,1
0.1665,0.294101,0.302,0,0,1,1
0.1665,0.294101,0.305,0,0,1,1
0.1665,0.294101,0.308,0,0,1,1
0.1665,0.294101,0.311,0,0,1,1
0.1665,0.294101,0.314,0,0,1,1
0.1665,0.294101,0.317,0,0,1,1
0.1665,0.294101,0.32,0,0,1,1
0.1665,0.294101,0.323,0,0,1,1
0.1665,0.294101,0.326,0,0,1,1
0.1665,0.294101,0.329,0,0,1,1
0.1665,0.294101,0.332,0,0,1,1
0.1665,0.294101,0.335,0,0,1,1
0.1665,0.294101,0.338,0,0,1,1
0.1665,0.294101,0.341,0,0,1,1
0.1665,0.294101,0.344,0,0,1,1
0.1665,0.294101,0.347,0,0,1,1
0.1665,0.294101,0.35,0,0,1,1
0.1665,0.294101,0.353,0,0,1,1
0.1665,0.294101,0.356,0,0,1,1
0.1665,0.294101,0.359,0,0,1,1
0.1665,0.294101,0.362,0,0,1,1
0.1665,0.294101,0.365,0,0,1,1
0.1665,0.294101,0.368,0,0,1,1
0.1665,0.294101,0.371,0,0,1,1
0.1665,0.294101,0.374,0,0,1,1
0.1665,0.294101,0.377,0,0,1,1
0.1665,0.294101,0.38,0,0,1,1
0.1665,0.294101,0.383,0,0,1,1
0.1665,0.294101,0.386,0,0,1,1
0.1665,0.294101,0.389,0,0,1,1
0.1665,0.294101,0.392,0,0,1,1
0.1665,0.294101,0.395,0,0,1,1
0.1665,0.294101,0.398,0,0,1,1
0.1665,0.294101,0.401,0,0,1,1
0.1665,0.294101,0.404,0,0,1,1
0.1665,0.294101,0.407,0,0,1,1
0.1665,0.294101,0.41,0,0,1,1
0.1665,0.294101,0.413,0,0,1,1
0.1665,0.294101,0.416,0,0,1,1
0.1665,0.294101,0.419,0,0,1,1
0.1665,0.294101,0.422,0,0,1,1
0.1665,0.294101,0.425,0,0,1,1
0.1665,0.294101,0.427999,0,0,1,1
0.1665,0.294101,0.430999,0,0,1,1
0.1665,0.294101,0.433999,0,0,1,1
0.1665,0.294101,0.436999,0,0,1,1
0.1665,0.294101,0.439999,0,0,1,1
0.168,0.291503,0.26,0,0,1,1
0.168,0.291503,0.263,0,0,1,1
0.168,0.291503,0.266,0,0,1,1
0.168,0.291503,0.269,0,0,1,1
0.168,0.291503,0.272,0,0,1,1
0.168,0.291503,0.275,0,0,1,1
0.168,0.291503,0.278,0,0,1,1
0.168,0.291503,0.281,0,0,1,1
0.168,0.291503,0.284,0,0,1,1
0.168,0.291503,0.287,0,0,1,1
0.168,0.291503,0.29,0,0,1,1
0.168,0.291503,0.293,0,0,1,1
0.168,0.291503,0.296,0,0,1,1
0.168,0.291503,0.299,0,0,1,1
0.168,0.291503,0.302,0,0,1,1
0.168,0.291503,0.305,0,0,1,1
0.168,0.291503,0.308,0,0,1,1
0.168,0.291503,0.311,0,0,1,1
0.168,0.291503,0.314,0,0,1,1
0.168,0.291503,0.317,0,0,1,1
0.168,0.291503,0.32,0,0,1,1
0.168,0.291503,0.323,0,0,1,1
0.168,0.291503,0.326,0,0,1,1
0.168,0.291503,0.329,0,0,1,1
0.168,0.291503,0.332,0,0,1,1
0.168,0.291503,0.335,0,0,1,1
0.168,0.291503,0.338,0,0,1,1
0.168,0.291503,0.341,0,0,1,1
0.168,0.291503,0.344,0,0,1,1
0.168,0.291503,0.347,0,0,1,1
0.168,0.291503,0.35,0,0,1,1
0.168,0.291503,0.353,0,0,1,1
0.168,0.291503,0.356,0,0,1,1
0.168,0.291503,0.359,0,0,1,1
0.168,0.291503,0.362,0,0,1,1
0.168,0.291503,0.365,0,0,1,1
0.168,0.291503,0.368,0,0,1,1
0.168,0.291503,0.371,0,0,1,1
0.168,0.291503,0.374,0,0,1,1
0.168,0.291503,0.377,0,0,1,1
0.168,0.291503,0.38,0,0,1,1
0.168,0.291503,0.383,0,0,1,1
0.168,0.291503,0.386,0,0,1,1
0.168,0.291503,0.389,0,0,1,1
0.168,0.291503,0.392,0,0,1,1
0.168,0.291503,0.395,0,0,1,1
0.168,0.291503,0.398,0,0,1,1
0.168,0.291503,0.401,0,0,1,1
0.168,0.291503,0.404,0,0,1,1
0.168,0.291503,0.407,0,0,1,1
0.168,0.291503,0.41,0,0,1,1
0.168,0.291503,0.413,0,0,1,1
0.168,0.291503,0.416,0,0,1,1
0.168,0.291503,0.419,0,0,1,1
0.168,0.291503,0.422,0,0,1,1
0.168,0.291503,0.425,0,0,1,1
0.168,0.291503,0.427999,0,0,1,1
0.168,0.291503,0.430999,0,0,1,1
0.168,0.291503,0.433999,0,0,1,1
0.168,0.291503,0.436999,0,0,1,1
0.168,0.291503,0.439999,0,0,1,1
0.1695,0.288905,0.26,0,0,1,1
0.1695,0.288905,0.263,0,0,1,1
0.1695,0.288905,0.266,0,0,1,1
0.1695,0.288905,0.269,0,0,1,1
0.1695,0.288905,0.272,0,0,1,1
0.1695,0.288905,0.275,0,0,1,1
0.1695,0.288905,0.278,0,0,1,1
0.1695,0.288905,0.281,0,0,1,1
0.1695,0.288905,0.284,0,0,1,1
0.1695,0.288905,0.287,0,0,1,1
0.1695,0.288905,0.29,0,0,1,1
0.1695,0.288905,0.293,0,0,1,1
0.1695,0.288905,0.296,0,0,1,1
0.1695,0.288905,0.299,0,0,1,1
0.1695,0.288905,0.302,0,0,1,1
0.1695,0.288905,0.305,0,0,1,1
0.1695,0.288905,0.308,0,0,1,1
0.1695,0.288905,0.311,0,0,1,1
0.1695,0.288905,0.314,0,0,1,1
0.1695,0.288905,0.317,0,0,1,1
0.1695,0.288905,0.32,0,0,1,1
0.1695,0.288905,0.323,0,0,1,1
0.1695,0.288905,0.326,0,0,1,1
0.1695,0.288905,0.329,0,0,1,1
0.1695,0.288905,0.332,0,0,1,1
0.1695,0.288905,0.335,0,0,1,1
0.1695,0.288905,0.338,0,0,1,1
0.1695,0.288905,0.341,0,0,1,1
0.1695,0.288905,0.344,0,0,1,1
0.1695,0.288905,0.347,0,0,1,1
0.1695,0.288905,0.35,0,0,1,1
0.1695,0.288905,0.353,0,0,1,1
0.1695,0.288905,0.356,0,0,1,1
0.1695,0.288905,0.359,0,0,1,1
0.1695,0.288905,0.362,0,0,1,1
0.1695,0.288905,0.365,0,0,1,1
0.1695,0.288905,0.368,0,0,1,1
0.1695,0.288905,0.371,0,0,1,1
0.1695,0.288905,0.374,0,0,1,1
0.1695,0.288905,0.377,0,0,1,1
0.1695,0.288905,0.38,0,0,1,1
0.1695,0.288905,0.383,0,0,1,1
0.1695,0.288905,0.386,0,0,1,1
0.1695,0.288905,0.389,0,0,1,1
0.1695,0.288905,0.392,0,0,1,1
0.1695,0.288905,0.395,0,0,1,1
0.1695,0.288905,0.398,0,0,1,1
0.1695,0.288905,0.401,0,0,1,1
0.1695,0.288905,0.404,0,0,1,1
0.1695,0.288905,0.407,0,0,1,1
0.1695,0.288905,0.41,0,0,1,1
0.1695,0.288905,0.413,0,0,1,1
0.1695,0.288905,0.416,0,0,1,1
0.1695,0.288905,0.419,0,0,1,1
0.1695,0.288905,0.422,0,0,1,1
0.1695,0.288905,0.425,0,0,1,1
0.1695,0.288905,0.427999,0,0,1,1
0.1695,0.288905,0.430999,0,0,1,1
0.1695,0.288905,0.433999,0,0,1,1
0.1695,0.288905,0.436999,0,0,1,1
0.1695,0.288905,0.439999,0,0,1,1
0.171,0.286306,0.26,0,0,1,1
0.171,0.286306,0.263,0,0,1,1
0.171,0.286306,0.266,0,0,1,1
0.171,0.286306,0.269,0,0,1,1
0.171,0.286306,0.272,0,0,1,1
0.171,0.286306,0.275,0,0,1,1
0.171,0.286306,0.278,0,0,1,1
0.171,0.286306,0.281,0,0,1,1
0.171,0.286306,0.284,0,0,1,1
0.171,0.286306,0.287,0,0,1,1
0.171,0.286306,0.29,0,0,1,1
0.171,0.286306,0.293,0,0,1,1
0.171,0.286306,0.296,0,0,1,1
0.171,0.286306,0.299,0,0,1,1
0.171,0.286306,0.302,0,0,1,1
0.171,0.286306,0.305,0,0,1,1
0.171,0.286306,0.308,0,0,1,1
0.171,0.286306,0.311,0,0,1,1
0.171,0.286306,0.314,0,0,1,1
0.171,0.286306,0.317,0,0,1,1
0.171,0.286306,0.32,0,0,1,1
0.171,0.286306,0.323,0,0,1,1
0.171,0.286306,0.326,0,0,1,1
0.171,0.286306,0.329,0,0,1,1
0.171,0.286306,0.332,0,0,1,1
0.171,0.286306,0.335,0,0,1,1
0.171,0.286306,0.338,0,0,1,1
0.171,0.286306,0.341,0,0,1,1
0.171,0.286306,0.344,0,0,1,1
0.171,0.286306,0.347,0,0,1,1
0.171,0.286306,0.35,0,0,1,1
0.171,0.286306,0.353,0,0,1,1
0.171,0.286306,0.356,0,0,1,1
0.171,0.286306,0.359,0,0,1,1
0.171,0.286306,0.362,0,0,1,1
0.171,0.286306,0.365,0,0,1,1
0.171,0.286306,0.368,0,0,1,1
0.171,0.286306,0.371,0,0,1,1
0.171,0.286306,0.374,0,0,1,1
0.171,0.286306,0.377,0,0,1,1
0.171,0.286306,0.38,0,0,1,1
0.171,0.286306,0.383,0,0,1,1
0.171,0.286306,0.386,0,0,1,1
0.171,0.286306,0.389,0,0,1,1
0.171,0.286306,0.392,0,0,1,1
0.171,0.286306,0.395,0,0,1,1
0.171,0.286306,0.398,0,0,1,1
0.171,0.286306,0.401,0,0,1,1
0.171,0.286306,0.404,0,0,1,1
0.171,0.286306,0.407,0,0,1,1
0.171,0.286306,0.41,0,0,1,1
0.171,0.286306,0.413,0,0,1,1
0.171,0.286306,0.416,0,0,1,1
0.171,0.286306,0.419,0,0,1,1
0.171,0.286306,0.422,0,0,1,1
0.171,0.286306,0.425,0,0,1,1
0.171,0.286306,0.427999,0,0,1,1
0.171,0.286306,0.430999,0,0,1,1
0.171,0.286306,0.433999,0,0,1,1
0.171,0.286306,0.436999,0,0,1,1
0.171,0.286306,0.439999,0,0,1,1
0.1725,0.283708,0.26,0,0,1,1
0.1725,0.283708,0.263,0,0,1,1
0.1725,0.283708,0.266,0,0,1,1
0.1725,0.283708,0.269,0,0,1,1
0.1725,0.283708,0.272,0,0,1,1
0.1725,0.283708,0.275,0,0,1,1
0.1725,0.283708,0.278,0,0,1,1
0.1725,0.283708,0.281,0,0,1,1
0.1725,0.283708,0.284,0,0,1,1
0.1725,0.283708,0.287,0,0,1,1
0.1725,0.283708,0.29,0,0,1,1
0.1725,0.283708,0.293,0,0,1,1
0.1725,0.283708,0.296,0,0,1,1
0.1725,0.283708,0.299,0,0,1,1
0.1725,0.283708,0.302,0,0,1,1
0.1725,0.283708,0.305,0,0,1,1
0.1725,0.283708,0.308,0,0,1,1
0.1725,0.283708,0.311,0,0,1,1
0.1725,0.283708,0.314,0,0,1,1
0.1725,0.283708,0.317,0,0,1,1
0.1725,0.283708,0.32,0,0,1,1
0.1725,0.283708,0.323,0,0,1,1
0.1725,0.283708,0.326,0,0,1,1
0.1725,0.283708,0.329,0,0,1,1
0.1725,0.283708,0.332,0,0,1,1
0.1725,0.283708,0.335,0,0,1,1
0.1725,0.283708,0.338,0,0,1,1
0.1725,0.283708,0.341,0,0,1,1
0.1725,0.283708,0.344,0,0,1,1
0.1725,0.283708,0.347,0,0,1,1
0.1725,0.283708,0.35,0,0,1,1
0.1725,0.283708,0.353,0,0,1,1
0.1725,0.283708,0.356,0,0,1,1
0.1725,0.283708,0.359,0,0,1,1
0.1725,0.283708,0.362,0,0,1,1
0.1725,0.283708,0.365,0,0,1,1
0.1725,0.283708,0.368,0,0,1,1
0.1725,0.283708,0.371,0,0,1,1
0.1725,0.283708,0.374,0,0,1,1
0.1725,0.283708,0.377,0,0,1,1
0.1725,0.283708,0.38,0,0,1,1
0.1725,0.283708,0.383,0,0,1,1
0.1725,0.283708,0.386,0,0,1,1
0.1725,0.283708,0.389,0,0,1,1
0.1725,0.283708,0.392,0,0,1,1
0.1725,0.283708,0.395,0,0,1,1
0.1725,0.283708,0.398,0,0,1,1
0.1725,0.283708,0.401,0,0,1,1
0.1725,0.283708,0.404,0,0,1,1
0.1725,0.283708,0.407,0,0,1,1
0.1725,0.283708,0.41,0,0,1,1
0.1725,0.283708,0.413,0,0,1,1
0.1725,0.283708,0.416,0,0,1,1
0.1725,0.283708,0.419,0,0,1,1
0.1725,0.283708,0.422,0,0,1,1
0.1725,0.283708,0.425,0,0,1,1
0.1725,0.283708,0.427999,0,0,1,1
0.1725,0.283708,0.430999,0,0,1,1
0.1725,0.283708,0.433999,0,0,1,1
0.1725,0.283708,0.436999,0,0,1,1
0.1725,0.283708,0.439999,0,0,1,1
0.174,0.28111,0.26,0,0,1,1
0.174,0.28111,0.263,0,0,1,1
0.174,0.28111,0.266,0,0,1,1
0.174,0.28111,0.269,0,0,1,1
0.174,0.28111,0.272,0,0,1,1
0.174,0.28111,0.275,0,0,1,1
0.174,0.28111,0.278,0,0,1,1
0.174,0.28111,0.281,0,0,1,1
0.174,0.28111,0.284,0,0,1,1
0.174,0.28111,0.287,0,0,1,1
0.174,0.28111,0.29,0,0,1,1
0.174,0.28111,0.293,0,0,1,1
0.174,0.28111,0.296,0,0,1,1
0.174,0.28111,0.299,0,0,1,1
0.174,0.28111,0.302,0,0,1,1
0.174,0.28111,0.305,0,0,1,1
0.174,0.28111,0.308,0,0,1,1
0.174,0.28111,0.311,0,0,1,1
0.174,0.28111,0.314,0,0,1,1
0.174,0.28111,0.317,0,0,1,1
0.174,0.28111,0.32,0,0,1,1
0.174,0.28111,0.323,0,0,1,1
0.174,0.28111,0.326,0,0,1,1
0.174,0.28111,0.329,0,0,1,1
0.174,0.28111,0.332,0,0,1,1
0.174,0.28111,0.335,0,0,1,1
0.174,0.28111,0.338,0,0,1,1
0.174,0.28111,0.341,0,0,1,1
0.174,0.28111,0.344,0,0,1,1
0.174,0.28111,0.347,0,0,1,1
0.174,0.28111,0.35,0,0,1,1
0.174,0.28111,0.353,0,0,1,1
0.174,0.28111,0.356,0,0,1,1
0.174,0.28111,0.359,0,0,1,1
0.174,0.28111,0.362,0,0,1,1
0.174,0.28111,0.365,0,0,1,1
0.174,0.28111,0.368,0,0,1,1
0.174,0.28111,0.371,0,0,1,1
0.174,0.28111,0.374,0,0,1,1
0.174,0.28111,0.377,0,0,1,1
0.174,0.28111,0.38,0,0,1,1
0.174,0.28111,0.383,0,0,1,1
0.174,0.28111,0.386,0,0,1,1
0.174,0.28111,0.389,0,0,1,1
0.174,0.28111,0.392,0,0,1,1
0.174,0.28111,0.395,0,0,1,1
0.174,0.28111,0.398,0,0,1,1
0.174,0.28111,0.401,0,0,1,1
0.174,0.28111,0.404,0,0,1,1
0.174,0.28111,0.407,0,0,1,1
0.174,0.28111,0.41,0,0,1,1
0.174,0.28111,0.413,0,0,1,1
0.174,0.28111,0.416,0,0,1,1
0.174,0.28111,0.419,0,0,1,1
0.174,0.28111,0.422,0,0,1,1
0.174,0.28111,0.425,0,0,1,1
0.174,0.28111,0.427999,0,0,1,1
0.174,0.28111,0.430999,0,0,1,1
0.174,0.28111,0.433999,0,0,1,1
0.174,0.28111,0.436999,0,0,1,1
0.174,0.28111,0.439999,0,0,1,1
0.1755,0.278512,0.26,0,0,1,1
0.1755,0.278512,0.263,0,0,1,1
0.1755,0.278512,0.266,0,0,1,1
0.1755,0.278512,0.269,0,0,1,1
0.1755,0.278512,0.272,0,0,1,1
0.1755,0.278512,0.275,0,0,1,1
0.1755,0.278512,0.278,0,0,1,1
0.1755,0.278512,0.281,0,0,1,1
0.1755,0.278512,0.284,0,0,1,1
0.1755,0.278512,0.287,0,0,1,1
0.1755,0.278512,0.29,0,0,1,1
0.1755,0.278512,0.293,0,0,1,1
0.1755,0.278512,0.296,0,0,1,1
0.1755,0.278512,0.299,0,0,1,1
0.1755,0.278512,0.302,0,0,1,1
0.1755,0.278512,0.305,0,0,1,1
0.1755,0.278512,0.308,0,0,1,1
0.1755,0.278512,0.311,0,0,1,1
0.1755,0.278512,0.314,0,0,1,1
0.1755,0.278512,0.317,0,0,1,1
0.1755,0.278512,0.32,0,0,1,1
0.1755,0.278512,0.323,0,0,1,1
0.1755,0.278512,0.326,0,0,1,1
0.1755,0.278512,0.329,0,0,1,1
0.1755,0.278512,0.332,0,0,1,1
0.1755,0.278512,0.335,0,0,1,1
0.1755,0.278512,0.338,0,0,1,1
0.1755,0.278512,0.341,0,0,1,1
0.1755,0.278512,0.344,0,0,1,1
0.1755,0.278512,0.347,0,0,1,1
0.1755,0.278512,0.35,0,0,1,1
0.1755,0.278512,0.353,0,0,1,1
0.1755,0.278512,0.356,0,0,1,1
0.1755,0.278512,0.359,0,0,1,1
0.1755,0.278512,0.362,0,0,1,1
0.1755,0.278512,0.365,0,0,1,1
0.1755,0.278512,0.368,0,0,1,1
0.1755,0.278512,0.371,0,0,1,1
0.1755,0.278512,0.374,0,0,1,1
0.1755,0.278512,0.377,0,0,1,1
0.1755,0.278512,0.38,0,0,1,1
0.1755,0.278512,0.383,0,0,1,1
0.1755,0.278512,0.386,0,0,1,1
0.1755,0.278512,0.389,0,0,1,1
0.1755,0.278512,0.392,0,0,1,1
0.1755,0.278512,0.395,0,0,1,1
0.1755,0.278512,0.398,0,0,1,1
0.1755,0.278512,0.401,0,0,1,1
0.1755,0.278512,0.404,0,0,1,1
0.1755,0.278512,0.407,0,0,1,1
0.1755,0.278512,0.41,0,0,1,1
0.1755,0.278512,0.413,0,0,1,1
0.1755,0.278512,0.416,0,0,1,1
0.1755,0.278512,0.419,0,0,1,1
0.1755,0.278512,0.422,0,0,1,1
0.1755,0.278512,0.425,0,0,1,1
0.1755,0.278512,0.427999,0,0,1,1
0.1755,0.278512,0.430999,0,0,1,1
0.1755,0.278512,0.433999,0,0,1,1
0.1755,0.278512,0.436999,0,0,1,1
0.1755,0.278512,0.439999,0,0,1,1
0.105,0.400622,0.26,0,0,1,1
0.105,0.400622,0.263,0,0,1,1
0.105,0.400622,0.266,0,0,1,1
0.105,0.400622,0.269,0,0,1,1
0.105,0.400622,0.272,0,0,1,1
0.105,0.400622,0.275,0,0,1,1
0.105,0.400622,0.278,0,0,1,1
0.105,0.400622,0.281,0,0,1,1
0.105,0.400622,0.284,0,0,1,1
0.105,0.400622,0.287,0,0,1,1
0.105,0.400622,0.29,0,0,1,1
0.105,0.400622,0.293,0,0,1,1
0.105,0.400622,0.296,0,0,1,1
0.105,0.400622,0.299,0,0,1,1
0.105,0.400622,0.302,0,0,1,1
0.105,0.400622,0.305,0,0,1,1
0.105,0.400622,0.308,0,0,1,1
0.105,0.400622,0.311,0,0,1,1
0.105,0.400622,0.314,0,0,1,1
0.105,0.400622,0.317,0,0,1,1
0.105,0.400622,0.32,0,0,1,1
0.105,0.400622,0.323,0,0,1,1
0.105,0.400622,0.326,0,0,1,1
0.105,0.400622,0.329,0,0,1,1
0.105,0.400622,0.332,0,0,1,1
0.105,0.400622,0.335,0,0,1,1
0.105,0.400622,0.338,0,0,1,1
0.105,0.400622,0.341,0,0,1,1
0.105,0.400622,0.344,0,0,1,1
0.105,0.400622,0.347,0,0,1,1
0.105,0.400622,0.35,0,0,1,1
0.105,0.400622,0.353,0,0,1,1
0.105,0.400622,0.356,0,0,1,1
0.105,0.400622,0.359,0,0,1,1
0.105,0.400622,0.362,0,0,1,1
0.105,0.400622,0.365,0,0,1,1
0.105,0.400622,0.368,0,0,1,1
0.105,0.400622,0.371,0,0,1,1
0.105,0.400622,0.374,0,0,1,1
0.105,0.400622,0.377,0,0,1,1
0.105,0.400622,0.38,0,0,1,1
0.105,0.400622,0.383,0,0,1,1
0.105,0.400622,0.386,0,0,1,1
0.105,0.400622,0.389,0,0,1,1
0.105,0.400622,0.392,0,0,1,1
0.105,0.400622,0.395,0,0,1,1
0.105,0.400622,0.398,0,0,1,1
0.105,0.400622,0.401,0,0,1,1
0.105,0.400622,0.404,0,0,1,1
0.105,0.400622,0.407,0,0,1,1
0.105,0.400622,0.41,0,0,1,1
0.105,0.400622,0.413,0,0,1,1
0.105,0.400622,0.416,0,0,1,1
0.105,0.400622,0.419,0,0,1,1
0.105,0.400622,0.422,0,0,1,1
0.105,0.400622,0.425,0,0,1,1
0.105,0.400622,0.427999,0,0,1,1
0.105,0.400622,0.430999,0,0,1,1
0.105,0.400622,0.433999,0,0,1,1
0.105,0.400622,0.436999,0,0,1,1
0.105,0.400622,0.439999,0,0,1,1
0.107598,0.402122,0.26,0,0,1,1
0.107598,0.402122,0.263,0,0,1,1
0.107598,0.402122,0.266,0,0,1,1
0.107598,0.402122,0.269,0,0,1,1
0.107598,0.402122,0.272,0,0,1,1
0.107598,0.402122,0.275,0,0,1,1
0.107598,0.402122,0.278,0,0,1,1
0.107598,0.402122,0.281,0,0,1,1
0.107598,0.402122,0.284,0,0,1,1
0.107598,0.402122,0.287,0,0,1,1
0.107598,0.402122,0.29,0,0,1,1
0.107598,0.402122,0.293,0,0,1,1
0.107598,0.402122,0.296,0,0,1,1
0.107598,0.402122,0.299,0,0,1,1
0.107598,0.402122,0.302,0,0,1,1
0.107598,0.402122,0.305,0,0,1,1
0.107598,0.402122,0.308,0,0,1,1
0.107598,0.402122,0.311,0,0,1,1
0.107598,0.402122,0.314,0,0,1,1
0.107598,0.402122,0.317,0,0,1,1
0.107598,0.402122,0.32,0,0,1,1
0.107598,0.402122,0.323,0,0,1,1
0.107598,0.402122,0.326,0,0,1,1
0.107598,0.402122,0.329,0,0,1,1
0.107598,0.402122,0.332,0,0,1,1
0.107598,0.402122,0.335,0,0,1,1
0.107598,0.402122,0.338,0,0,1,1
0.107598,0.402122,0.341,0,0,1,1
0.107598,0.402122,0.344,0,0,1,1
0.107598,0.402122,0.347,0,0,1,1
0.107598,0.402122,0.35,0,0,1,1
0.107598,0.402122,0.353,0,0,1,1
0.107598,0.402122,0.356,0,0,1,1
0.107598,0.402122,0.359,0,0,1,1
0.107598,0.402122,0.362,0,0,1,1
0.107598,0.402122,0.365,0,0,1,1
0.107598,0.402122,0.368,0,0,1,1
0.107598,0.402122,0.371,0,0,1,1
0.107598,0.402122,0.374,0,0,1,1
0.107598,0.402122,0.377,0,0,1,1
0.107598,0.402122,0.38,0,0,1,1
0.107598,0.402122,0.383,0,0,1,1
0.107598,0.402122,0.386,0,0,1,1
0.107598,0.402122,0.389,0,0,1,1
0.107598,0.402122,0.392,0,0,1,1
0.107598,0.402122,0.395,0,0,1,1
0.107598,0.402122,0.398,0,0,1,1
0.107598,0.402122,0.401,0,0,1,1
0.107598,0.402122,0.404,0,0,1,1
0.107598,0.402122,0.407,0,0,1,1
0.107598,0.402122,0.41,0,0,1,1
0.107598,0.402122,0.413,0,0,1,1
0.107598,0.402122,0.416,0,0,1,1
0.107598,0.402122,0.419,0,0,1,1
0.107598,0.402122,0.422,0,0,1,1
0.107598,0.402122,0.425,0,0,1,1
0.107598,0.402122,0.427999,0,0,1,1
0.107598,0.402122,0.430999,0,0,1,1
0.107598,0.402122,0.433999,0,0,1,1
0.107598,0.402122,0.436999,0,0,1,1
0.107598,0.402122,0.439999,0,0,1,1
0.110196,0.403622,0.26,0,0,1,1
0.110196,0.403622,0.263,0,0,1,1
0.110196,0.403622,0.266,0,0,1,1
0.110196,0.403622,0.269,0,0,1,1
0.110196,0.403622,0.272,0,0,1,1
0.110196,0.403622,0.275,0,0,1,1
0.110196,0.403622,0.278,0,0,1,1
0.110196,0.403622,0.281,0,0,1,1
0.110196,0.403622,0.284,0,0,1,1
0.110196,0.403622,0.287,0,0,1,1
0.110196,0.403622,0.29,0,0,1,1
0.110196,0.403622,0.293,0,0,1,1
0.110196,0.403622,0.296,0,0,1,1
0.110196,0.403622,0.299,0,0,1,1
0.110196,0.403622,0.302,0,0,1,1
0.110196,0.403622,0.305,0,0,1,1
0.110196,0.403622,0.308,0,0,1,1
0.110196,0.403622,0.311,0,0,1,1
0.110196,0.403622,0.314,0,0,1,1
0.110196,0.403622,0.317,0,0,1,1
0.110196,0.403622,0.32,0,0,1,1
0.110196,0.403622,0.323,0,0,1,1
0.110196,0.403622,0.326,0,0,1,1
0.110196,0.403622,0.329,0,0,1,1
0.110196,0.403622,0.332,0,0,1,1
0.110196,0.403622,0.335,0,0,1,1
0.110196,0.403622,0.338,0,0,1,1
0.110196,0.403622,0.341,0,0,1,1
0.110196,0.403622,0.344,0,0,1,1
0.110196,0.403622,0.347,0,0,1,1
0.110196,0.403622,0.35,0,0,1,1
0.110196,0.403622,0.353,0,0,1,1
0.110196,0.403622,0.356,0,0,1,1
0.110196,0.403622,0.359,0,0,1,1
0.110196,0.403622,0.362,0,0,1,1
0.110196,0.403622,0.365,0,0,1,1
0.110196,0.403622,0.368,0,0,1,1
0.110196,0.403622,0.371,0,0,1,1
0.110196,0.403622,0.374,0,0,1,1
0.110196,0.403622,0.377,0,0,1,1
0.110196,0.403622,0.38,0,0,1,1
0.110196,0.403622,0.383,0,0,1,1
0.110196,0.403622,0.386,0,0,1,1
0.110196,0.403622,0.389,0,0,1,1
0.110196,0.403622,0.392,0,0,1,1
0.110196,0.403622,0.395,0,0,1,1
0.110196,0.403622,0.398,0,0,1,1
0.110196,0.403622,0.401,0,0,1,1
0.110196,0.403622,0.404,0,0,1,1
0.110196,0.403622,0.407,0,0,1,1
0.110196,0.403622,0.41,0,0,1,1
0.110196,0.403622,0.413,0,0,1,1
0.110196,0.403622,0.416,0,0,1,1
0.110196,0.403622,0.419,0,0,1,1
0.110196,0.403622,0.422,0,0,1,1
0.110196,0.403622,0.425,0,0,1,1
0.110196,0.403622,0.427999,0,0,1,1
0.110196,0.403622,0.430999,0,0,1,1
0.110196,0.403622,0.433999,0,0,1,1
0.110196,0.403622,0.436999,0,0,1,1
0.110196,0.403622,0.439999,0,0,1,1
0.112794,0.405122,0.26,0,0,1,1
0.112794,0.405122,0.263,0,0,1,1
0.112794,0.405122,0.266,0,0,1,1
0.112794,0.405122,0.269,0,0,1,1
0.112794,0.405122,0.272,0,0,1,1
0.112794,0.405122,0.275,0,0,1,1
0.112794,0.405122,0.278,0,0,1,1
0.112794,0.405122,0.281,0,0,1,1
0.112794,0.405122,0.284,0,0,1,1
0.112794,0.405122,0.287,0,0,1,1
0.112794,0.405122,0.29,0,0,1,1
0.112794,0.405122,0.293,0,0,1,1
0.112794,0.405122,0.296,0,0,1,1
0.112794,0.405122,0.299,0,0,1,1
0.112794,0.405122,0.302,0,0,1,1
0.112794,0.405122,0.305,0,0,1,1
0.112794,0.405122,0.308,0,0,1,1
0.112794,0.405122,0.311,0,0,1,1
0.112794,0.405122,0.314,0,0,1,1
0.112794,0.405122,0.317,0,0,1,1
0.112794,0.405122,0.32,0,0,1,1
0.112794,0.405122,0.323,0,0,1,1
0.112794,0.405122,0.326,0,0,1,1
0.112794,0.405122,0.329,0,0,1,1
0.112794,0.405122,0.332,0,0,1,1
0.112794,0.405122,0.335,0,0,1,1
0.112794,0.405122,0.338,0,0,1,1
0.112794,0.405122,0.341,0,0,1,1
0.112794,0.405122,0.344,0,0,1,1
0.112794,0.405122,0.347,0,0,1,1
0.112794,0.405122,0.35,0,0,1,1
0.112794,0.405122,0.353,0,0,1,1
0.112794,0.405122,0.356,0,0,1,1
0.112794,0.405122,0.359,0,0,1,1
0.112794,0.405122,0.362,0,0,1,1
0.112794,0.405122,0.365,0,0,1,1
0.112794,0.405122,0.368,0,0,1,1
0.112794,0.405122,0.371,0,0,1,1
0.112794,0.405122,0.374,0,0,1,1
0.112794,0.405122,0.377,0,0,1,1
0.112794,0.405122,0.38,0,0,1,1
0.112794,0.405122,0.383,0,0,1,1
0.112794,0.405122,0.386,0,0,1,1
0.112794,0.405122,0.389,0,0,1,1
0.112794,0.405122,0.392,0,0,1,1
0.112794,0.405122,0.395,0,0,1,1
0.112794,0.405122,0.398,0,0,1,1
0.112794,0.405122,0.401,0,0,1,1
0.112794,0.405122,0.404,0,0,1,1
0.112794,0.405122,0.407,0,0,1,1
0.112794,0.405122,0.41,0,0,1,1
0.112794,0.405122,0.413,0,0,1,1
0.112794,0.405122,0.416,0,0,1,1
0.112794,0.405122,0.419,0,0,1,1
0.112794,0.405122,0.422,0,0,1,1
0.112794,0.405122,0.425,0,0,1,1
0.112794,0.405122,0.427999,0,0,1,1
0.112794,0.405122,0.430999,0,0,1,1
0.112794,0.405122,0.433999,0,0,1,1
0.112794,0.405122,0.436999,0,0,1,1
0.112794,0.405122,0.439999,0,0,1,1
0.115392,0.406622,0.26,0,0,1,1
0.115392,0.406622,0.263,0,0,1,1
0.115392,0.406622,0.266,0,0,1,1
0.115392,0.406622,0.269,0,0,1,1
0.115392,0.406622,0.272,0,0,1,1
0.115392,0.406622,0.275,0,0,1,1
0.115392,0.406622,0.278,0,0,1,1
0.115392,0.406622,0.281,0,0,1,1
0.115392,0.406622,0.284,0,0,1,1
0.115392,0.406622,0.287,0,0,1,1
0.115392,0.406622,0.29,0,0,1,1
0.115392,0.406622,0.293,0,0,1,1
0.115392,0.406622,0.296,0,0,1,1
0.115392,0.406622,0.299,0,0,1,1
0.115392,0.406622,0.302,0,0,1,1
0.115392,0.406622,0.305,0,0,1,1
0.115392,0.406622,0.308,0,0,1,1
0.115392,0.406622,0.311,0,0,1,1
0.115392,0.406622,0.314,0,0,1,1
0.115392,0.406622,0.317,0,0,1,1
0.115392,0.406622,0.32,0,0,1,1
0.115392,0.406622,0.323,0,0,1,1
0.115392,0.406622,0.326,0,0,1,1
0.115392,0.406622,0.329,0,0,1,1
0.115392,0.406622,0.332,0,0,1,1
0.115392,0.406622,0.335,0,0,1,1
0.115392,0.406622,0.338,0,0,1,1
0.115392,0.406622,0.341,0,0,1,1
0.115392,0.406622,0.344,0,0,1,1
0.115392,0.406622,0.347,0,0,1,1
0.115392,0.406622,0.35,0,0,1,1
0.115392,0.406622,0.353,0,0,1,1
0.115392,0.406622,0.356,0,0,1,1
0.115392,0.406622,0.359,0,0,1,1
0.115392,0.406622,0.362,0,0,1,1
0.115392,0.406622,0.365,0,0,1,1
0.115392,0.406622,0.368,0,0,1,1
0.115392,0.406622,0.371,0,0,1,1
0.115392,0.406622,0.374,0,0,1,1
0.115392,0.406622,0.377,0,0,1,1
0.115392,0.406622,0.38,0,0,1,1
0.115392,0.406622,0.383,0,0,1,1
0.115392,0.406622,0.386,0,0,1,1
0.115392,0.406622,0.389,0,0,1,1
0.115392,0.406622,0.392,0,0,1,1
0.115392,0.406622,0.395,0,0,1,1
0.115392,0.406622,0.398,0,0,1,1
0.115392,0.406622,0.401,0,0,1,1
0.115392,0.406622,0.404,0,0,1,1
0.115392,0.406622,0.407,0,0,1,1
0.115392,0.406622,0.41,0,0,1,1
0.115392,0.406622,0.413,0,0,1,1
0.115392,0.406622,0.416,0,0,1,1
0.115392,0.406622,0.419,0,0,1,1
0.115392,0.406622,0.422,0,0,1,1
0.115392,0.406622,0.425,0,0,1,1
0.115392,0.406622,0.427999,0,0,1,1
0.115392,0.406622,0.430999,0,0,1,1
0.115392,0.406622,0.433999,0,0,1,1
0.115392,0.406622,0.436999,0,0,1,1
0.115392,0.406622,0.439999,0,0,1,1
0.11799,0.408122,0.26,0,0,1,1
0.11799,0.408122,0.263,0,0,1,1
0.11799,0.408122,0.266,0,0,1,1
0.11799,0.408122,0.269,0,0,1,1
0.11799,0.408122,0.272,0,0,1,1
0.11799,0.408122,0.275,0,0,1,1
0.11799,0.408122,0.278,0,0,1,1
0.11799,0.408122,0.281,0,0,1,1
0.11799,0.408122,0.284,0,0,1,1
0.11799,0.408122,0.287,0,0,1,1
0.11799,0.408122,0.29,0,0,1,1
0.11799,0.408122,0.293,0,0,1,1
0.11799,0.408122,0.296,0,0,1,1
0.11799,0.408122,0.299,0,0,1,1
0.11799,0.408122,0.302,0,0,1,1
0.11799,0.408122,0.305,0,0,1,1
0.11799,0.408122,0.308,0,0,1,1
0.11799,0.408122,0.311,0,0,1,1
0.11799,0.408122,0.314,0,0,1,1
0.11799,0.408122,0.317,0,0,1,1
0.11799,0.408122,0.32,0,0,1,1
0.11799,0.408122,0.323,0,0,1,1
0.11799,0.408122,0.326,0,0,1,1
0.11799,0.408122,0.329,0,0,1,1
0.11799,0.408122,0.332,0,0,1,1
0.11799,0.408122,0.335,0,0,1,1
0.11799,0.408122,0.338,0,0,1,1
0.11799,0.408122,0.341,0,0,1,1
0.11799,0.408122,0.344,0,0,1,1
0.11799,0.408122,0.347,0,0,1,1
0.11799,0.408122,0.35,0,0,1,1
0.11799,0.408122,0.353,0,0,1,1
0.11799,0.408122,0.356,0,0,1,1
0.11799,0.408122,0.359,0,0,1,1
0.11799,0.408122,0.362,0,0,1,1
0.11799,0.408122,0.365,0,0,1,1
0.11799,0.408122,0.368,0,0,1,1
0.11799,0.408122,0.371,0,0,1,1
0.11799,0.408122,0.374,0,0,1,1
0.11799,0.408122,0.377,0,0,1,1
0.11799,0.408122,0.38,0,0,1,1
0.11799,0.408122,0.383,0,0,1,1
0.11799,0.408122,0.386,0,0,1,1
0.11799,0.408122,0.389,0,0,1,1
0.11799,0.408122,0.392,0,0,1,1
0.11799,0.408122,0.395,0,0,1,1
0.11799,0.408122,0.398,0,0,1,1
0.11799,0.408122,0.401,0,0,1,1
0.11799,0.408122,0.404,0,0,1,1
0.11799,0.408122,0.407,0,0,1,1
0.11799,0.408122,0.41,0,0,1,1
0.11799,0.408122,0.413,0,0,1,1
0.11799,0.408122,0.416,0,0,1,1
0.11799,0.408122,0.419,0,0,1,1
0.11799,0.408122,0.422,0,0,1,1
0.11799,0.408122,0.425,0,0,1,1
0.11799,0.408122,0.427999,0,0,1,1
0.11799,0.408122,0.430999,0,0,1,1
0.11799,0.408122,0.433999,0,0,1,1
0.11799,0.408122,0.436999,0,0,1,1
0.11799,0.408122,0.439999,0,0,1,1
0.120588,0.409622,0.26,0,0,1,1
0.120588,0.409622,0.263,0,0,1,1
0.120588,0.409622,0.266,0,0,1,1
0.120588,0.409622,0.269,0,0,1,1
0.120588,0.409622,0.272,0,0,1,1
0.120588,0.409622,0.275,0,0,1,1
0.120588,0.409622,0.278,0,0,1,1
0.120588,0.409622,0.281,0,0,1,1
0.120588,0.409622,0.284,0,0,1,1
0.120588,0.409622,0.287,0,0,1,1
0.120588,0.409622,0.29,0,0,1,1
0.120588,0.409622,0.293,0,0,1,1
0.120588,0.409622,0.296,0,0,1,1
0.120588,0.409622,0.299,0,0,1,1
0.120588,0.409622,0.302,0,0,1,1
0.120588,0.409622,0.305,0,0,1,1
0.120588,0.409622,0.308,0,0,1,1
0.120588,0.409622,0.311,0,0,1,1
0.120588,0.409622,0.314,0,0,1,1
0.120588,0.409622,0.317,0,0,1,1
0.120588,0.409622,0.32,0,0,1,1
0.120588,0.409622,0.323,0,0,1,1
0.120588,0.409622,0.326,0,0,1,1
0.120588,0.409622,0.329,0,0,1,1
0.120588,0.409622,0.332,0,0,1,1
0.120588,0.409622,0.335,0,0,1,1
0.120588,0.409622,0.338,0,0,1,1
0.120588,0.409622,0.341,0,0,1,1
0.120588,0.409622,0.344,0,0,1,1
0.120588,0.409622,0.347,0,0,1,1
0.120588,0.409622,0.35,0,0,1,1
0.120588,0.409622,0.353,0,0,1,1
0.120588,0.409622,0.356,0,0,1,1
0.120588,0.409622,0.359,0,0,1,1
0.120588,0.409622,0.362,0,0,1,1
0.120588,0.409622,0.365,0,0,1,1
0.120588,0.409622,0.368,0,0,1,1
0.120588,0.409622,0.371,0,0,1,1
0.120588,0.409622,0.374,0,0,1,1
0.120588,0.409622,0.377,0,0,1,1
0.120588,0.409622,0.38,0,0,1,1
0.120588,0.409622,0.383,0,0,1,1
0.120588,0.409622,0.386,0,0,1,1
0.120588,0.409622,0.389,0,0,1,1
0.120588,0.409622,0.392,0,0,1,1
0.120588,0.409622,0.395,0,0,1,1
0.120588,0.409622,0.398,0,0,1,1
0.120588,0.409622,0.401,0,0,1,1
0.120588,0.409622,0.404,0,0,1,1
0.120588,0.409622,0.407,0,0,1,1
0.120588,0.409622,0.41,0,0,1,1
0.120588,0.409622,0.413,0,0,1,1
0.120588,0.409622,0.416,0,0,1,1
0.120588,0.409622,0.419,0,0,1,1
0.120588,0.409622,0.422,0,0,1,1
0.120588,0.409622,0.425,0,0,1,1
0.120588,0.409622,0.427999,0,0,1,1
0.120588,0.409622,0.430999,0,0,1,1
0.120588,0.409622,0.433999,0,0,1,1
0.120588,0.409622,0.436999,0,0,1,1
0.120588,0.409622,0.439999,0,0,1,1
0.123187,0.411122,0.26,0,0,1,1
0.123187,0.411122,0.263,0,0,1,1
0.123187,0.411122,0.266,0,0,1,1
0.123187,0.411122,0.269,0,0,1,1
0.123187,0.411122,0.272,0,0,1,1
0.123187,0.411122,0.275,0,0,1,1
0.123187,0.411122,0.278,0,0,1,1
0.123187,0.411122,0.281,0,0,1,1
0.123187,0.411122,0.284,0,0,1,1
0.123187,0.411122,0.287,0,0,1,1
0.123187,0.411122,0.29,0,0,1,1
0.123187,0.411122,0.293,0,0,1,1
0.123187,0.411122,0.296,0,0,1,1
0.123187,0.411122,0.299,0,0,1,1
0.123187,0.411122,0.302,0,0,1,1
0.123187,0.411122,0.305,0,0,1,1
0.123187,0.411122,0.308,0,0,1,1
0.123187,0.411122,0.311,0,0,1,1
0.123187,0.411122,0.314,0,0,1,1
0.123187,0.411122,0.317,0,0,1,1
0.123187,0.411122,0.32,0,0,1,1
0.123187,0.411122,0.323,0,0,1,1
0.123187,0.411122,0.326,0,0,1,1
0.123187,0.411122,0.329,0,0,1,1
0.123187,0.411122,0.332,0,0,1,1
0.123187,0.411122,0.335,0,0,1,1
0.123187,0.411122,0.338,0,0,1,1
0.123187,0.411122,0.341,0,0,1,1
0.123187,0.411122,0.344,0,0,1,1
0.123187,0.411122,0.347,0,0,1,1
0.123187,0.411122,0.35,0,0,1,1
0.123187,0.411122,0.353,0,0,1,1
0.123187,0.411122,0.356,0,0,1,1
0.123187,0.411122,0.359,0,0,1,1
0.123187,0.411122,0.362,0,0,1,1
0.123187,0.411122,0.365,0,0,1,1
0.123187,0.411122,0.368,0,0,1,1
0.123187,0.411122,0.371,0,0,1,1
0.123187,0.411122,0.374,0,0,1,1
0.123187,0.411122,0.377,0,0,1,1
0.123187,0.411122,0.38,0,0,1,1
0.123187,0.411122,0.383,0,0,1,1
0.123187,0.411122,0.386,0,0,1,1
0.123187,0.411122,0.389,0,0,1,1
0.123187,0.411122,0.392,0,0,1,1
0.123187,0.411122,0.395,0,0,1,1
0.123187,0.411122,0.398,0,0,1,1
0.123187,0.411122,0.401,0,0,1,1
0.123187,0.411122,0.404,0,0,1,1
0.123187,0.411122,0.407,0,0,1,1
0.123187,0.411122,0.41,0,0,1,1
0.123187,0.411122,0.413,0,0,1,1
0.123187,0.411122,0.416,0,0,1,1
0.123187,0.411122,0.419,0,0,1,1
0.123187,0.411122,0.422,0,0,1,1
0.123187,0.411122,0.425,0,0,1,1
0.123187,0.411122,0.427999,0,0,1,1
0.123187,0.411122,0.430999,0,0,1,1
0.123187,0.411122,0.433999,0,0,1,1
0.123187,0.411122,0.436999,0,0,1,1
0.123187,0.411122,0.439999,0,0,1,1
0.125785,0.412622,0.26,0,0,1,1
0.125785,0.412622,0.263,0,0,1,1
0.125785,0.412622,0.266,0,0,1,1
0.125785,0.412622,0.269,0,0,1,1
0.125785,0.412622,0.272,0,0,1,1
0.125785,0.412622,0.275,0,0,1,1
0.125785,0.412622,0.278,0,0,1,1
0.125785,0.412622,0.281,0,0,1,1
0.125785,0.412622,0.284,0,0,1,1
0.125785,0.412622,0.287,0,0,1,1
0.125785,0.412622,0.29,0,0,1,1
0.125785,0.412622,0.293,0,0,1,1
0.125785,0.412622,0.296,0,0,1,1
0.125785,0.412622,0.299,0,0,1,1
0.125785,0.412622,0.302,0,0,1,1
0.125785,0.412622,0.305,0,0,1,1
0.125785,0.412622,0.308,0,0,1,1
0.125785,0.412622,0.311,0,0,1,1
0.125785,0.412622,0.314,0,0,1,1
0.125785,0.412622,0.317,0,0,1,1
0.125785,0.412622,0.32,0,0,1,1
0.125785,0.412622,0.323,0,0,1,1
0.125785,0.412622,0.326,0,0,1,1
0.125785,0.412622,0.329,0,0,1,1
0.125785,0.412622,0.332,0,0,1,1
0.125785,0.412622,0.335,0,0,1,1
0.125785,0.412622,0.338,0,0,1,1
0.125785,0.412622,0.341,0,0,1,1
0.125785,0.412622,0.344,0,0,1,1
0.125785,0.412622,0.347,0,0,1,1
0.125785,0.412622,0.35,0,0,1,1
0.125785,0.412622,0.353,0,0,1,1
0.125785,0.412622,0.356,0,0,1,1
0.125785,0.412622,0.359,0,0,1,1
0.125785,0.412622,0.362,0,0,1,1
0.125785,0.412622,0.365,0,0,1,1
0.125785,0.412622,0.368,0,0,1,1
0.125785,0.412622,0.371,0,0,1,1
0.125785,0.412622,0.374,0,0,1,1
0.125785,0.412622,0.377,0,0,1,1
0.125785,0.412622,0.38,0,0,1,1
0.125785,0.412622,0.383,0,0,1,1
0.125785,0.412622,0.386,0,0,1,1
0.125785,0.412622,0.389,0,0,1,1
0.125785,0.412622,0.392,0,0,1,1
0.125785,0.412622,0.395,0,0,1,1
0.125785,0.412622,0.398,0,0,1,1
0.125785,0.412622,0.401,0,0,1,1
0.125785,0.412622,0.404,0,0,1,1
0.125785,0.412622,0.407,0,0,1,1
0.125785,0.412622,0.41,0,0,1,1
0.125785,0.412622,0.413,0,0,1,1
0.125785,0.412622,0.416,0,0,1,1
0.125785,0.412622,0.419,0,0,1,1
0.125785,0.412622,0.422,0,0,1,1
0.125785,0.412622,0.425,0,0,1,1
0.125785,0.412622,0.427999,0,0,1,1
0.125785,0.412622,0.430999,0,0,1,1
0.125785,0.412622,0.433999,0,0,1,1
0.125785,0.412622,0.436999,0,0,1,1
0.125785,0.412622,0.439999,0,0,1,1
0.128383,0.414122,0.26,0,0,1,1
0.128383,0.414122,0.263,0,0,1,1
0.128383,0.414122,0.266,0,0,1,1
0.128383,0.414122,0.269,0,0,1,1
0.128383,0.414122,0.272,0,0,1,1
0.128383,0.414122,0.275,0,0,1,1
0.128383,0.414122,0.278,0,0,1,1
0.128383,0.414122,0.281,0,0,1,1
0.128383,0.414122,0.284,0,0,1,1
0.128383,0.414122,0.287,0,0,1,1
0.128383,0.414122,0.29,0,0,1,1
0.128383,0.414122,0.293,0,0,1,1
0.128383,0.414122,0.296,0,0,1,1
0.128383,0.414122,0.299,0,0,1,1
0.128383,0.414122,0.302,0,0,1,1
0.128383,0.414122,0.305,0,0,1,1
0.128383,0.414122,0.308,0,0,1,1
0.128383,0.414122,0.311,0,0,1,1
0.128383,0.414122,0.314,0,0,1,1
0.128383,0.414122,0.317,0,0,1,1
0.128383,0.414122,0.32,0,0,1,1
0.128383,0.414122,0.323,0,0,1,1
0.128383,0.414122,0.326,0,0,1,1
0.128383,0.414122,0.329,0,0,1,1
0.128383,0.414122,0.332,0,0,1,1
0.128383,0.414122,0.335,0,0,1,1
0.128383,0.414122,0.338,0,0,1,1
0.128383,0.414122,0.341,0,0,1,1
0.128383,0.414122,0.344,0,0,1,1
0.128383,0.414122,0.347,0,0,1,1
0.128383,0.414122,0.35,0,0,1,1
0.128383,0.414122,0.353,0,0,1,1
0.128383,0.414122,0.356,0,0,1,1
0.128383,0.414122,0.359,0,0,1,1
0.128383,0.414122,0.362,0,0,1,1
0.128383,0.414122,0.365,0,0,1,1
0.128383,0.414122,0.368,0,0,1,1
0.128383,0.414122,0.371,0,0,1,1
0.128383,0.414122,0.374,0,0,1,1
0.128383,0.414122,0.377,0,0,1,1
0.128383,0.414122,0.38,0,0,1,1
0.128383,0.414122,0.383,0,0,1,1
0.128383,0.414122,0.386,0,0,1,1
0.128383,0.414122,0.389,0,0,1,1
0.128383,0.414122,0.392,0,0,1,1
0.128383,0.414122,0.395,0,0,1,1
0.128383,0.414122,0.398,0,0,1,1
0.128383,0.414122,0.401,0,0,1,1
0.128383,0.414122,0.404,0,0,1,1
0.128383,0.414122,0.407,0,0,1,1
0.128383,0.414122,0.41,0,0,1,1
0.128383,0.414122,0.413,0,0,1,1
0.128383,0.414122,0.416,0,0,1,1
0.128383,0.414122,0.419,0,0,1,1
0.128383,0.414122,0.422,0,0,1,1
0.128383,0.414122,0.425,0,0,1,1
0.128383,0.414122,0.427999,0,0,1,1
0.128383,0.414122,0.430999,0,0,1,1
0.128383,0.414122,0.433999,0,0,1,1
0.128383,0.414122,0.436999,0,0,1,1
0.128383,0.414122,0.439999,0,0,1,1
0.130981,0.415622,0.26,0,0,1,1
0.130981,0.415622,0.263,0,0,1,1
0.130981,0.415622,0.266,0,0,1,1
0.130981,0.415622,0.269,0,0,1,1
0.130981,0.415622,0.272,0,0,1,1
0.130981,0.415622,0.275,0,0,1,1
0.130981,0.415622,0.278,0,0,1,1
0.130981,0.415622,0.281,0,0,1,1
0.130981,0.415622,0.284,0,0,1,1
0.130981,0.415622,0.287,0,0,1,1
0.130981,0.415622,0.29,0,0,1,1
0.130981,0.415622,0.293,0,0,1,1
0.130981,0.415622,0.296,0,0,1,1
0.130981,0.415622,0.299,0,0,1,1
0.130981,0.415622,0.302,0,0,1,1
0.130981,0.415622,0.305,0,0,1,1
0.130981,0.415622,0.308,0,0,1,1
0.130981,0.415622,0.311,0,0,1,1
0.130981,0.415622,0.314,0,0,1,1
0.130981,0.415622,0.317,0,0,1,1
0.130981,0.415622,0.32,0,0,1,1
0.130981,0.415622,0.323,0,0,1,1
0.130981,0.415622,0.326,0,0,1,1
0.130981,0.415622,0.329,0,0,1,1
0.130981,0.415622,0.332,0,0,1,1
0.130981,0.415622,0.335,0,0,1,1
0.130981,0.415622,0.338,0,0,1,1
0.130981,0.415622,0.341,0,0,1,1
0.130981,0.415622,0.344,0,0,1,1
0.130981,0.415622,0.347,0,0,1,1
0.130981,0.415622,0.35,0,0,1,1
0.130981,0.415622,0.353,0,0,1,1
0.130981,0.415622,0.356,0,0,1,1
0.130981,0.415622,0.359,0,0,1,1
0.130981,0.415622,0.362,0,0,1,1
0.130981,0.415622,0.365,0,0,1,1
0.130981,0.415622,0.368,0,0,1,1
0.130981,0.415622,0.371,0,0,1,1
0.130981,0.415622,0.374,0,0,1,1
0.130981,0.415622,0.377,0,0,1,1
0.130981,0.415622,0.38,0,0,1,1
0.130981,0.415622,0.383,0,0,1,1
0.130981,0.415622,0.386,0,0,1,1
0.130981,0.415622,0.389,0,0,1,1
0.130981,0.415622,0.392,0,0,1,1
0.130981,0.415622,0.395,0,0,1,1
0.130981,0.415622,0.398,0,0,1,1
0.130981,0.415622,0.401,0,0,1,1
0.130981,0.415622,0.404,0,0,1,1
0.130981,0.415622,0.407,0,0,1,1
0.130981,0.415622,0.41,0,0,1,1
0.130981,0.415622,0.413,0,0,1,1
0.130981,0.415622,0.416,0,0,1,1
0.130981,0.415622,0.419,0,0,1,1
0.130981,0.415622,0.422,0,0,1,1
0.130981,0.415622,0.425,0,0,1,1
0.130981,0.415622,0.427999,0,0,1,1
0.130981,0.415622,0.430999,0,0,1,1
0.130981,0.415622,0.433999,0,0,1,1
0.130981,0.415622,0.436999,0,0,1,1
0.130981,0.415622,0.439999,0,0,1,1
0.133579,0.417122,0.26,0,0,1,1
0.133579,0.417122,0.263,0,0,1,1
0.133579,0.417122,0.266,0,0,1,1
0.133579,0.417122,0.269,0,0,1,1
0.133579,0.417122,0.272,0,0,1,1
0.133579,0.417122,0.275,0,0,1,1
0.133579,0.417122,0.278,0,0,1,1
0.133579,0.417122,0.281,0,0,1,1
0.133579,0.417122,0.284,0,0,1,1
0.133579,0.417122,0.287,0,0,1,1
0.133579,0.417122,0.29,0,0,1,1
0.133579,0.417122,0.293,0,0,1,1
0.133579,0.417122,0.296,0,0,1,1
0.133579,0.417122,0.299,0,0,1,1
0.133579,0.417122,0.302,0,0,1,1
0.133579,0.417122,0.305,0,0,1,1
0.133579,0.417122,0.308,0,0,1,1
0.133579,0.417122,0.311,0,0,1,1
0.133579,0.417122,0.314,0,0,1,1
0.133579,0.417122,0.317,0,0,1,1
0.133579,0.417122,0.32,0,0,1,1
0.133579,0.417122,0.323,0,0,1,1
0.133579,0.417122,0.326,0,0,1,1
0.133579,0.417122,0.329,0,0,1,1
0.133579,0.417122,0.332,0,0,1,1
0.133579,0.417122,0.335,0,0,1,1
0.133579,0.417122,0.338,0,0,1,1
0.133579,0.417122,0.341,0,0,1,1
0.133579,0.417122,0.344,0,0,1,1
0.133579,0.417122,0.347,0,0,1,1
0.133579,0.417122,0.35,0,0,1,1
0.133579,0.417122,0.353,0,0,1,1
0.133579,0.417122,0.356,0,0,1,1
0.133579,0.417122,0.359,0,0,1,1
0.133579,0.417122,0.362,0,0,1,1
0.133579,0.417122,0.365,0,0,1,1
0.133579,0.417122,0.368,0,0,1,1
0.133579,0.417122,0.371,0,0,1,1
0.133579,0.417122,0.374,0,0,1,1
0.133579,0.417122,0.377,0,0,1,1
0.133579,0.417122,0.38,0,0,1,1
0.133579,0.417122,0.383,0,0,1,1
0.133579,0.417122,0.386,0,0,1,1
0.133579,0.417122,0.389,0,0,1,1
0.133579,0.417122,0.392,0,0,1,1
0.133579,0.417122,0.395,0,0,1,1
0.133579,0.417122,0.398,0,0,1,1
0.133579,0.417122,0.401,0,0,1,1
0.133579,0.417122,0.404,0,0,1,1
0.133579,0.417122,0.407,0,0,1,1
0.133579,0.417122,0.41,0,0,1,1
0.133579,0.417122,0.413,0,0,1,1
0.133579,0.417122,0.416,0,0,1,1
0.133579,0.417122,0.419,0,0,1,1
0.133579,0.417122,0.422,0,0,1,1
0.133579,0.417122,0.425,0,0,1,1
0.133579,0.417122,0.427999,0,0,1,1
0.133579,0.417122,0.430999,0,0,1,1
0.133579,0.417122,0.433999,0,0,1,1
0.133579,0.417122,0.436999,0,0,1,1
0.133579,0.417122,0.439999,0,0,1,1
0.136177,0.418622,0.26,0,0,1,1
0.136177,0.418622,0.263,0,0,1,1
0.136177,0.418622,0.266,0,0,1,1
0.136177,0.418622,0.269,0,0,1,1
0.136177,0.418622,0.272,0,0,1,1
0.136177,0.418622,0.275,0,0,1,1
0.136177,0.418622,0.278,0,0,1,1
0.136177,0.418622,0.281,0,0,1,1
0.136177,0.418622,0.284,0,0,1,1
0.136177,0.418622,0.287,0,0,1,1
0.136177,0.418622,0.29,0,0,1,1
0.136177,0.418622,0.293,0,0,1,1
0.136177,0.418622,0.296,0,0,1,1
0.136177,0.418622,0.299,0,0,1,1
0.136177,0.418622,0.302,0,0,1,1
0.136177,0.418622,0.305,0,0,1,1
0.136177,0.418622,0.308,0,0,1,1
0.136177,0.418622,0.311,0,0,1,1
0.136177,0.418622,0.314,0,0,1,1
0.136177,0.418622,0.317,0,0,1,1
0.136177,0.418622,0.32,0,0,1,1
0.136177,0.418622,0.323,0,0,1,1
0.136177,0.418622,0.326,0,0,1,1
0.136177,0.418622,0.329,0,0,1,1
0.136177,0.418622,0.332,0,0,1,1
0.136177,0.418622,0.335,0,0,1,1
0.136177,0.418622,0.338,0,0,1,1
0.136177,0.418622,0.341,0,0,1,1
0.136177,0.418622,0.344,0,0,1,1
0.136177,0.418622,0.347,0,0,1,1
0.136177,0.418622,0.35,0,0,1,1
0.136177,0.418622,0.353,0,0,1,1
0.136177,0.418622,0.356,0,0,1,1
0.136177,0.418622,0.359,0,0,1,1
0.136177,0.418622,0.362,0,0,1,1
0.136177,0.418622,0.365,0,0,1,1
0.136177,0.418622,0.368,0,0,1,1
0.136177,0.418622,0.371,0,0,1,1
0.136177,0.418622,0.374,0,0,1,1
0.136177,0.418622,0.377,0,0,1,1
0.136177,0.418622,0.38,0,0,1,1
0.136177,0.418622,0.383,0,0,1,1
0.136177,0.418622,0.386,0,0,1,1
0.136177,0.418622,0.389,0,0,1,1
0.136177,0.418622,0.392,0,0,1,1
0.136177,0.418622,0.395,0,0,1,1
0.136177,0.418622,0.398,0,0,1,1
0.136177,0.418622,0.401,0,0,1,1
0.136177,0.418622,0.404,0,0,1,1
0.136177,0.418622,0.407,0,0,1,1
0.136177,0.418622,0.41,0,0,1,1
0.136177,0.418622,0.413,0,0,1,1
0.136177,0.418622,0.416,0,0,1,1
0.136177,0.418622,0.419,0,0,1,1
0.136177,0.418622,0.422,0,0,1,1
0.136177,0.418622,0.425,0,0,1,1
0.136177,0.418622,0.427999,0,0,1,1
0.136177,0.418622,0.430999,0,0,1,1
0.136177,0.418622,0.433999,0,0,1,1
0.136177,0.418622,0.436999,0,0,1,1
0.136177,0.418622,0.439999,0,0,1,1
0.138775,0.420122,0.26,0,0,1,1
0.138775,0.420122,0.263,0,0,1,1
0.138775,0.420122,0.266,0,0,1,1
0.138775,0.420122,0.269,0,0,1,1
0.138775,0.420122,0.272,0,0,1,1
0.138775,0.420122,0.275,0,0,1,1
0.138775,0.420122,0.278,0,0,1,1
0.138775,0.420122,0.281,0,0,1,1
0.138775,0.420122,0.284,0,0,1,1
0.138775,0.420122,0.287,0,0,1,1
0.138775,0.420122,0.29,0,0,1,1
0.138775,0.420122,0.293,0,0,1,1
0.138775,0.420122,0.296,0,0,1,1
0.138775,0.420122,0.299,0,0,1,1
0.138775,0.420122,0.302,0,0,1,1
0.138775,0.420122,0.305,0,0,1,1
0.138775,0.420122,0.308,0,0,1,1
0.138775,0.420122,0.311,0,0,1,1
0.138775,0.420122,0.314,0,0,1,1
0.138775,0.420122,0.317,0,0,1,1
0.138775,0.420122,0.32,0,0,1,1
0.138775,0.420122,0.323,0,0,1,1
0.138775,0.420122,0.326,0,0,1,1
0.138775,0.420122,0.329,0,0,1,1
0.138775,0.420122,0.332,0,0,1,1
0.138775,0.420122,0.335,0,0,1,1
0.138775,0.420122,0.338,0,0,1,1
0.138775,0.420122,0.341,0,0,1,1
0.138775,0.420122,0.344,0,0,1,1
0.138775,0.420122,0.347,0,0,1,1
0.138775,0.420122,0.35,0,0,1,1
0.138775,0.420122,0.353,0,0,1,1
0.138775,0.420122,0.356,0,0,1,1
0.138775,0.420122,0.359,0,0,1,1
0.138775,0.420122,0.362,0,0,1,1
0.138775,0.420122,0.365,0,0,1,1
0.138775,0.420122,0.368,0,0,1,1
0.138775,0.420122,0.371,0,0,1,1
0.138775,0.420122,0.374,0,0,1,1
0.138775,0.420122,0.377,0,0,1,1
0.138775,0.420122,0.38,0,0,1,1
0.138775,0.420122,0.383,0,0,1,1
0.138775,0.420122,0.386,0,0,1,1
0.138775,0.420122,0.389,0,0,1,1
0.138775,0.420122,0.392,0,0,1,1
0.138775,0.420122,0.395,0,0,1,1
0.138775,0.420122,0.398,0,0,1,1
0.138775,0.420122,0.401,0,0,1,1
0.138775,0.420122,0.404,0,0,1,1
0.138775,0.420122,0.407,0,0,1,1
0.138775,0.420122,0.41,0,0,1,1
0.138775,0.420122,0.413,0,0,1,1
0.138775,0.420122,0.416,0,0,1,1
0.138775,0.420122,0.419,0,0,1,1
0.138775,0.420122,0.422,0,0,1,1
0.138775,0.420122,0.425,0,0,1,1
0.138775,0.420122,0.427999,0,0,1,1
0.138775,0.420122,0.430999,0,0,1,1
0.138775,0.420122,0.433999,0,0,1,1
0.138775,0.420122,0.436999,0,0,1,1
0.138775,0.420122,0.439999,0,0,1,1
0.141373,0.421622,0.26,0,0,1,1
0.141373,0.421622,0.263,0,0,1,1
0.141373,0.421622,0.266,0,0,1,1
0.141373,0.421622,0.269,0,0,1,1
0.141373,0.421622,0.272,0,0,1,1
0.141373,0.421622,0.275,0,0,1,1
0.141373,0.421622,0.278,0,0,1,1
0.141373,0.421622,0.281,0,0,1,1
0.141373,0.421622,0.284,0,0,1,1
0.141373,0.421622,0.287,0,0,1,1
0.141373,0.421622,0.29,0,0,1,1
0.141373,0.421622,0.293,0,0,1,1
0.141373,0.421622,0.296,0,0,1,1
0.141373,0.421622,0.299,0,0,1,1
0.141373,0.421622,0.302,0,0,1,1
0.141373,0.421622,0.305,0,0,1,1
0.141373,0.421622,0.308,0,0,1,1
0.141373,0.421622,0.311,0,0,1,1
0.141373,0.421622,0.314,0,0,1,1
0.141373,0.421622,0.317,0,0,1,1
0.141373,0.421622,0.32,0,0,1,1
0.141373,0.421622,0.323,0,0,1,1
0.141373,0.421622,0.326,0,0,1,1
0.141373,0.421622,0.329,0,0,1,1
0.141373,0.421622,0.332,0,0,1,1
0.141373,0.421622,0.335,0,0,1,1
0.141373,0.421622,0.338,0,0,1,1
0.141373,0.421622,0.341,0,0,1,1
0.141373,0.421622,0.344,0,0,1,1
0.141373,0.421622,0.347,0,0,1,1
0.141373,0.421622,0.35,0,0,1,1
0.141373,0.421622,0.353,0,0,1,1
0.141373,0.421622,0.356,0,0,1,1
0.141373,0.421622,0.359,0,0,1,1
0.141373,0.421622,0.362,0,0,1,1
0.141373,0.421622,0.365,0,0,1,1
0.141373,0.421622,0.368,0,0,1,1
0.141373,0.421622,0.371,0,0,1,1
0.141373,0.421622,0.374,0,0,1,1
0.141373,0.421622,0.377,0,0,1,1
0.141373,0.421622,0.38,0,0,1,1
0.141373,0.421622,0.383,0,0,1,1
0.141373,0.421622,0.386,0,0,1,1
0.141373,0.421622,0.389,0,0,1,1
0.141373,0.421622,0.392,0,0,1,1
0.141373,0.421622,0.395,0,0,1,1
0.141373,0.421622,0.398,0,0,1,1
0.141373,0.421622,0.401,0,0,1,1
0.141373,0.421622,0.404,0,0,1,1
0.141373,0.421622,0.407,0,0,1,1
0.141373,0.421622,0.41,0,0,1,1
0.141373,0.421622,0.413,0,0,1,1
0.141373,0.421622,0.416,0,0,1,1
0.141373,0.421622,0.419,0,0,1,1
0.141373,0.421622,0.422,0,0,1,1
0.141373,0.421622,0.425,0,0,1,1
0.141373,0.421622,0.427999,0,0,1,1
0.141373,0.421622,0.430999,0,0,1,1
0.141373,0.421622,0.433999,0,0,1,1
0.141373,0.421622,0.436999,0,0,1,1
0.141373,0.421622,0.439999,0,0,1,1
0.143971,0.423122,0.26,0,0,1,1
0.143971,0.423122,0.263,0,0,1,1
0.143971,0.423122,0.266,0,0,1,1
0.143971,0.423122,0.269,0,0,1,1
0.143971,0.423122,0.272,0,0,1,1
0.143971,0.423122,0.275,0,0,1,1
0.143971,0.423122,0.278,0,0,1,1
0.143971,0.423122,0.281,0,0,1,1
0.143971,0.423122,0.284,0,0,1,1
0.143971,0.423122,0.287,0,0,1,1
0.143971,0.423122,0.29,0,0,1,1
0.143971,0.423122,0.293,0,0,1,1
0.143971,0.423122,0.296,0,0,1,1
0.143971,0.423122,0.299,0,0,1,1
0.143971,0.423122,0.302,0,0,1,1
0.143971,0.423122,0.305,0,0,1,1
0.143971,0.423122,0.308,0,0,1,1
0.143971,0.423122,0.311,0,0,1,1
0.143971,0.423122,0.314,0,0,1,1
0.143971,0.423122,0.317,0,0,1,1
0.143971,0.423122,0.32,0,0,1,1
0.143971,0.423122,0.323,0,0,1,1
0.143971,0.423122,0.326,0,0,1,1
0.143971,0.423122,0.329,0,0,1,1
0.143971,0.423122,0.332,0,0,1,1
0.143971,0.423122,0.335,0,0,1,1
0.143971,0.423122,0.338,0,0,1,1
0.143971,0.423122,0.341,0,0,1,1
0.143971,0.423122,0.344,0,0,1,1
0.143971,0.423122,0.347,0,0,1,1
0.143971,0.423122,0.35,0,0,1,1
0.143971,0.423122,0.353,0,0,1,1
0.143971,0.423122,0.356,0,0,1,1
0.143971,0.423122,0.359,0,0,1,1
0.143971,0.423122,0.362,0,0,1,1
0.143971,0.423122,0.365,0,0,1,1
0.143971,0.423122,0.368,0,0,1,1
0.143971,0.423122,0.371,0,0,1,1
0.143971,0.423122,0.374,0,0,1,1
0.143971,0.423122,0.377,0,0,1,1
0.143971,0.423122,0.38,0,0,1,1
0.143971,0.423122,0.383,0,0,1,1
0.143971,0.423122,0.386,0,0,1,1
0.143971,0.423122,0.389,0,0,1,1
0.143971,0.423122,0.392,0,0,1,1
0.143971,0.423122,0.395,0,0,1,1
0.143971,0.423122,0.398,0,0,1,1
0.143971,0.423122,0.401,0,0,1,1
0.143971,0.423122,0.404,0,0,1,1
0.143971,0.423122,0.407,0,0,1,1
0.143971,0.423122,0.41,0,0,1,1
0.143971,0.423122,0.413,0,0,1,1
0.143971,0.423122,0.416,0,0,1,1
0.143971,0.423122,0.419,0,0,1,1
0.143971,0.423122,0.422,0,0,1,1
0.143971,0.423122,0.425,0,0,1,1
0.143971,0.423122,0.427999,0,0,1,1
0.143971,0.423122,0.430999,0,0,1,1
0.143971,0.423122,0.433999,0,0,1,1
0.143971,0.423122,0.436999,0,0,1,1
0.143971,0.423122,0.439999,0,0,1,1
0.146569,0.424622,0.26,0,0,1,1
0.146569,0.424622,0.263,0,0,1,1
0.146569,0.424622,0.266,0,0,1,1
0.146569,0.424622,0.269,0,0,1,1
0.146569,0.424622,0.272,0,0,1,1
0.146569,0.424622,0.275,0,0,1,1
0.146569,0.424622,0.278,0,0,1,1
0.146569,0.424622,0.281,0,0,1,1
0.146569,0.424622,0.284,0,0,1,1
0.146569,0.424622,0.287,0,0,1,1
0.146569,0.424622,0.29,0,0,1,1
0.146569,0.424622,0.293,0,0,1,1
0.146569,0.424622,0.296,0,0,1,1
0.146569,0.424622,0.299,0,0,1,1
0.146569,0.424622,0.302,0,0,1,1
0.146569,0.424622,0.305,0,0,1,1
0.146569,0.424622,0.308,0,0,1,1
0.146569,0.424622,0.311,0,0,1,1
0.146569,0.424622,0.314,0,0,1,1
0.146569,0.424622,0.317,0,0,1,1
0.146569,0.424622,0.32,0,0,1,1
0.146569,0.424622,0.323,0,0,1,1
0.146569,0.424622,0.326,0,0,1,1
0.146569,0.424622,0.329,0,0,1,1
0.146569,0.424622,0.332,0,0,1,1
0.146569,0.424622,0.335,0,0,1,1
0.146569,0.424622,0.338,0,0,1,1
0.146569,0.424622,0.341,0,0,1,1
0.146569,0.424622,0.344,0,0,1,1
0.146569,0.424622,0.347,0,0,1,1
0.146569,0.424622,0.35,0,0,1,1
0.146569,0.424622,0.353,0,0,1,1
0.146569,0.424622,0.356,0,0,1,1
0.146569,0.424622,0.359,0,0,1,1
0.146569,0.424622,0.362,0,0,1,1
0.146569,0.424622,0.365,0,0,1,1
0.146569,0.424622,0.368,0,0,1,1
0.146569,0.424622,0.371,0,0,1,1
0.146569,0.424622,0.374,0,0,1,1
0.146569,0.424622,0.377,0,0,1,1
0.146569,0.424622,0.38,0,0,1,1
0.146569,0.424622,0.383,0,0,1,1
0.146569,0.424622,0.386,0,0,1,1
0.146569,0.424622,0.389,0,0,1,1
0.146569,0.424622,0.392,0,0,1,1
0.146569,0.424622,0.395,0,0,1,1
0.146569,0.424622,0.398,0,0,1,1
0.146569,0.424622,0.401,0,0,1,1
0.146569,0.424622,0.404,0,0,1,1
0.146569,0.424622,0.407,0,0,1,1
0.146569,0.424622,0.41,0,0,1,1
0.146569,0.424622,0.413,0,0,1,1
0.146569,0.424622,0.416,0,0,1,1
0.146569,0.424622,0.419,0,0,1,1
0.146569,0.424622,0.422,0,0,1,1
0.146569,0.424622,0.425,0,0,1,1
0.146569,0.424622,0.427999,0,0,1,1
0.146569,0.424622,0.430999,0,0,1,1
0.146569,0.424622,0.433999,0,0,1,1
0.146569,0.424622,0.436999,0,0,1,1
0.146569,0.424622,0.439999,0,0,1,1
0.149167,0.426122,0.26,0,0,1,1
0.149167,0.426122,0.263,0,0,1,1
0.149167,0.426122,0.266,0,0,1,1
0.149167,0.426122,0.269,0,0,1,1
0.149167,0.426122,0.272,0,0,1,1
0.149167,0.426122,0.275,0,0,1,1
0.149167,0.426122,0.278,0,0,1,1
0.149167,0.426122,0.281,0,0,1,1
0.149167,0.426122,0.284,0,0,1,1
0.149167,0.426122,0.287,0,0,1,1
0.149167,0.426122,0.29,0,0,1,1
0.149167,0.426122,0.293,0,0,1,1
0.149167,0.426122,0.296,0,0,1,1
0.149167,0.426122,0.299,0,0,1,1
0.149167,0.426122,0.302,0,0,1,1
0.149167,0.426122,0.305,0,0,1,1
0.149167,0.426122,0.308,0,0,1,1
0.149167,0.426122,0.311,0,0,1,1
0.149167,0.426122,0.314,0,0,1,1
0.149167,0.426122,0.317,0,0,1,1
0.149167,0.426122,0.32,0,0,1,1
0.149167,0.426122,0.323,0,0,1,1
0.149167,0.426122,0.326,0,0,1,1
0.149167,0.426122,0.329,0,0,1,1
0.149167,0.426122,0.332,0,0,1,1
0.149167,0.426122,0.335,0,0,1,1
0.149167,0.426122,0.338,0,0,1,1
0.149167,0.426122,0.341,0,0,1,1
0.149167,0.426122,0.344,0,0,1,1
0.149167,0.426122,0.347,0,0,1,1
0.149167,0.426122,0.35,0,0,1,1
0.149167,0.426122,0.353,0,0,1,1
0.149167,0.426122,0.356,0,0,1,1
0.149167,0.426122,0.359,0,0,1,1
0.149167,0.426122,0.362,0,0,1,1
0.149167,0.426122,0.365,0,0,1,1
0.149167,0.426122,0.368,0,0,1,1
0.149167,0.426122,0.371,0,0,1,1
0.149167,0.426122,0.374,0,0,1,1
0.149167,0.426122,0.377,0,0,1,1
0.149167,0.426122,0.38,0,0,1,1
0.149167,0.426122,0.383,0,0,1,1
0.149167,0.426122,0.386,0,0,1,1
0.149167,0.426122,0.389,0,0,1,1
0.149167,0.426122,0.392,0,0,1,1
0.149167,0.426122,0.395,0,0,1,1
0.149167,0.426122,0.398,0,0,1,1
0.149167,0.426122,0.401,0,0,1,1
0.149167,0.426122,0.404,0,0,1,1
0.149167,0.426122,0.407,0,0,1,1
0.149167,0.426122,0.41,0,0,1,1
0.149167,0.426122,0.413,0,0,1,1
0.149167,0.426122,0.416,0,0,1,1
0.149167,0.426122,0.419,0,0,1,1
0.149167,0.426122,0.422,0,0,1,1
0.149167,0.426122,0.425,0,0,1,1
0.149167,0.426122,0.427999,0,0,1,1
0.149167,0.426122,0.430999,0,0,1,1
0.149167,0.426122,0.433999,0,0,1,1
0.149167,0.426122,0.436999,0,0,1,1
0.149167,0.426122,0.439999,0,0,1,1
0.151765,0.427622,0.26,0,0,1,1
0.151765,0.427622,0.263,0,0,1,1
0.151765,0.427622,0.266,0,0,1,1
0.151765,0.427622,0.269,0,0,1,1
0.151765,0.427622,0.272,0,0,1,1
0.151765,0.427622,0.275,0,0,1,1
0.151765,0.427622,0.278,0,0,1,1
0.151765,0.427622,0.281,0,0,1,1
0.151765,0.427622,0.284,0,0,1,1
0.151765,0.427622,0.287,0,0,1,1
0.151765,0.427622,0.29,0,0,1,1
0.151765,0.427622,0.293,0,0,1,1
0.151765,0.427622,0.296,0,0,1,1
0.151765,0.427622,0.299,0,0,1,1
0.151765,0.427622,0.302,0,0,1,1
0.151765,0.427622,0.305,0,0,1,1
0.151765,0.427622,0.308,0,0,1,1
0.151765,0.427622,0.311,0,0,1,1
0.151765,0.427622,0.314,0,0,1,1
0.151765,0.427622,0.317,0,0,1,1
0.151765,0.427622,0.32,0,0,1,1
0.151765,0.427622,0.323,0,0,1,1
0.151765,0.427622,0.326,0,0,1,1
0.151765,0.427622,0.329,0,0,1,1
0.151765,0.427622,0.332,0,0,1,1
0.151765,0.427622,0.335,0,0,1,1
0.151765,0.427622,0.338,0,0,1,1
0.151765,0.427622,0.341,0,0,1,1
0.151765,0.427622,0.344,0,0,1,1
0.151765,0.427622,0.347,0,0,1,1
0.151765,0.427622,0.35,0,0,1,1
0.151765,0.427622,0.353,0,0,1,1
0.151765,0.427622,0.356,0,0,1,1
0.151765,0.427622,0.359,0,0,1,1
0.151765,0.427622,0.362,0,0,1,1
0.151765,0.427622,0.365,0,0,1,1
0.151765,0.427622,0.368,0,0,1,1
0.151765,0.427622,0.371,0,0,1,1
0.151765,0.427622,0.374,0,0,1,1
0.151765,0.427622,0.377,0,0,1,1
0.151765,0.427622,0.38,0,0,1,1
0.151765,0.427622,0.383,0,0,1,1
0.151765,0.427622,0.386,0,0,1,1
0.151765,0.427622,0.389,0,0,1,1
0.151765,0.427622,0.392,0,0,1,1
0.151765,0.427622,0.395,0,0,1,1
0.151765,0.427622,0.398,0,0,1,1
0.151765,0.427622,0.401,0,0,1,1
0.151765,0.427622,0.404,0,0,1,1
0.151765,0.427622,0.407,0,0,1,1
0.151765,0.427622,0.41,0,0,1,1
0.151765,0.427622,0.413,0,0,1,1
0.151765,0.427622,0.416,0,0,1,1
0.151765,0.427622,0.419,0,0,1,1
0.151765,0.427622,0.422,0,0,1,1
0.151765,0.427622,0.425,0,0,1,1
0.151765,0.427622,0.427999,0,0,1,1
0.151765,0.427622,0.430999,0,0,1,1
0.151765,0.427622,0.433999,0,0,1,1
0.151765,0.427622,0.436999,0,0,1,1
0.151765,0.427622,0.439999,0,0,1,1
0.154363,0.429122,0.26,0,0,1,1
0.154363,0.429122,0.263,0,0,1,1
0.154363,0.429122,0.266,0,0,1,1
0.154363,0.429122,0.269,0,0,1,1
0.154363,0.429122,0.272,0,0,1,1
0.154363,0.429122,0.275,0,0,1,1
0.154363,0.429122,0.278,0,0,1,1
0.154363,0.429122,0.281,0,0,1,1
0.154363,0.429122,0.284,0,0,1,1
0.154363,0.429122,0.287,0,0,1,1
0.154363,0.429122,0.29,0,0,1,1
0.154363,0.429122,0.293,0,0,1,1
0.154363,0.429122,0.296,0,0,1,1
0.154363,0.429122,0.299,0,0,1,1
0.154363,0.429122,0.302,0,0,1,1
0.154363,0.429122,0.305,0,0,1,1
0.154363,0.429122,0.308,0,0,1,1
0.154363,0.429122,0.311,0,0,1,1
0.154363,0.429122,0.314,0,0,1,1
0.154363,0.429122,0.317,0,0,1,1
0.154363,0.429122,0.32,0,0,1,1
0.154363,0.429122,0.323,0,0,1,1
0.154363,0.429122,0.326,0,0,1,1
0.154363,0.429122,0.329,0,0,1,1
0.154363,0.429122,0.332,0,0,1,1
0.154363,0.429122,0.335,0,0,1,1
0.154363,0.429122,0.338,0,0,1,1
0.154363,0.429122,0.341,0,0,1,1
0.154363,0.429122,0.344,0,0,1,1
0.154363,0.429122,0.347,0,0,1,1
0.154363,0.429122,0.35,0,0,1,1
0.154363,0.429122,0.353,0,0,1,1
0.154363,0.429122,0.356,0,0,1,1
0.154363,0.429122,0.359,0,0,1,1
0.154363,0.429122,0.362,0,0,1,1
0.154363,0.429122,0.365,0,0,1,1
0.154363,0.429122,0.368,0,0,1,1
0.154363,0.429122,0.371,0,0,1,1
0.154363,0.429122,0.374,0,0,1,1
0.154363,0.429122,0.377,0,0,1,1
0.154363,0.429122,0.38,0,0,1,1
0.154363,0.429122,0.383,0,0,1,1
0.154363,0.429122,0.386,0,0,1,1
0.154363,0.429122,0.389,0,0,1,1
0.154363,0.429122,0.392,0,0,1,1
0.154363,0.429122,0.395,0,0,1,1
0.154363,0.429122,0.398,0,0,1,1
0.154363,0.429122,0.401,0,0,1,1
0.154363,0.429122,0.404,0,0,1,1
0.154363,0.429122,0.407,0,0,1,1
0.154363,0.429122,0.41,0,0,1,1
0.154363,0.429122,0.413,0,0,1,1
0.154363,0.429122,0.416,0,0,1,1
0.154363,0.429122,0.419,0,0,1,1
0.154363,0.429122,0.422,0,0,1,1
0.154363,0.429122,0.425,0,0,1,1
0.154363,0.429122,0.427999,0,0,1,1
0.154363,0.429122,0.430999,0,0,1,1
0.154363,0.429122,0.433999,0,0,1,1
0.154363,0.429122,0.436999,0,0,1,1
0.154363,0.429122,0.439999,0,0,1,1
0.156962,0.430622,0.26,0,0,1,1
0.156962,0.430622,0.263,0,0,1,1
0.156962,0.430622,0.266,0,0,1,1
0.156962,0.430622,0.269,0,0,1,1
0.156962,0.430622,0.272,0,0,1,1
0.156962,0.430622,0.275,0,0,1,1
0.156962,0.430622,0.278,0,0,1,1
0.156962,0.430622,0.281,0,0,1,1
0.156962,0.430622,0.284,0,0,1,1
0.156962,0.430622,0.287,0,0,1,1
0.156962,0.430622,0.29,0,0,1,1
0.156962,0.430622,0.293,0,0,1,1
0.156962,0.430622,0.296,0,0,1,1
0.156962,0.430622,0.299,0,0,1,1
0.156962,0.430622,0.302,0,0,1,1
0.156962,0.430622,0.305,0,0,1,1
0.156962,0.430622,0.308,0,0,1,1
0.156962,0.430622,0.311,0,0,1,1
0.156962,0.430622,0.314,0,0,1,1
0.156962,0.430622,0.317,0,0,1,1
0.156962,0.430622,0.32,0,0,1,1
0.156962,0.430622,0.323,0,0,1,1
0.156962,0.430622,0.326,0,0,1,1
0.156962,0.430622,0.329,0,0,1,1
0.156962,0.430622,0.332,0,0,1,1
0.156962,0.430622,0.335,0,0,1,1
0.156962,0.430622,0.338,0,0,1,1
0.156962,0.430622,0.341,0,0,1,1
0.156962,0.430622,0.344,0,0,1,1
0.156962,0.430622,0.347,0,0,1,1
0.156962,0.430622,0.35,0,0,1,1
0.156962,0.430622,0.353,0,0,1,1
0.156962,0.430622,0.356,0,0,1,1
0.156962,0.430622,0.359,0,0,1,1
0.156962,0.430622,0.362,0,0,1,1
0.156962,0.430622,0.365,0,0,1,1
0.156962,0.430622,0.368,0,0,1,1
0.156962,0.430622,0.371,0,0,1,1
0.156962,0.430622,0.374,0,0,1,1
0.156962,0.430622,0.377,0,0,1,1
0.156962,0.430622,0.38,0,0,1,1
0.156962,0.430622,0.383,0,0,1,1
0.156962,0.430622,0.386,0,0,1,1
0.156962,0.430622,0.389,0,0,1,1
0.156962,0.430622,0.392,0,0,1,1
0.156962,0.430622,0.395,0,0,1,1
0.156962,0.430622,0.398,0,0,1,1
0.156962,0.430622,0.401,0,0,1,1
0.156962,0.430622,0.404,0,0,1,1
0.156962,0.430622,0.407,0,0,1,1
0.156962,0.430622,0.41,0,0,1,1
0.156962,0.430622,0.413,0,0,1,1
0.156962,0.430622,0.416,0,0,1,1
0.156962,0.430622,0.419,0,0,1,1
0.156962,0.430622,0.422,0,0,1,1
0.156962,0.430622,0.425,0,0,1,1
0.156962,0.430622,0.427999,0,0,1,1
0.156962,0.430622,0.430999,0,0,1,1
0.156962,0.430622,0.433999,0,0,1,1
0.156962,0.430622,0.436999,0,0,1,1
0.156962,0.430622,0.439999,0,0,1,1
0.15956,0.432122,0.26,0,0,1,1
0.15956,0.432122,0.263,0,0,1,1
0.15956,0.432122,0.266,0,0,1,1
0.15956,0.432122,0.269,0,0,1,1
0.15956,0.432122,0.272,0,0,1,1
0.15956,0.432122,0.275,0,0,1,1
0.15956,0.432122,0.278,0,0,1,1
0.15956,0.432122,0.281,0,0,1,1
0.15956,0.432122,0.284,0,0,1,1
0.15956,0.432122,0.287,0,0,1,1
0.15956,0.432122,0.29,0,0,1,1
0.15956,0.432122,0.293,0,0,1,1
0.15956,0.432122,0.296,0,0,1,1
0.15956,0.432122,0.299,0,0,1,1
0.15956,0.432122,0.302,0,0,1,1
0.15956,0.432122,0.305,0,0,1,1
0.15956,0.432122,0.308,0,0,1,1
0.15956,0.432122,0.311,0,0,1,1
0.15956,0.432122,0.314,0,0,1,1
0.15956,0.432122,0.317,0,0,1,1
0.15956,0.432122,0.32,0,0,1,1
0.15956,0.432122,0.323,0,0,1,1
0.15956,0.432122,0.326,0,0,1,1
0.15956,0.432122,0.329,0,0,1,1
0.15956,0.432122,0.332,0,0,1,1
0.15956,0.432122,0.335,0,0,1,1
0.15956,0.432122,0.338,0,0,1,1
0.15956,0.432122,0.341,0,0,1,1
0.15956,0.432122,0.344,0,0,1,1
0.15956,0.432122,0.347,0,0,1,1
0.15956,0.432122,0.35,0,0,1,1
0.15956,0.432122,0.353,0,0,1,1
0.15956,0.432122,0.356,0,0,1,1
0.15956,0.432122,0.359,0,0,1,1
0.15956,0.432122,0.362,0,0,1,1
0.15956,0.432122,0.365,0,0,1,1
0.15956,0.432122,0.368,0,0,1,1
0.15956,0.432122,0.371,0,0,1,1
0.15956,0.432122,0.374,0,0,1,1
0.15956,0.432122,0.377,0,0,1,1
0.15956,0.432122,0.38,0,0,1,1
0.15956,0.432122,0.383,0,0,1,1
0.15956,0.432122,0.386,0,0,1,1
0.15956,0.432122,0.389,0,0,1,1
0.15956,0.432122,0.392,0,0,1,1
0.15956,0.432122,0.395,0,0,1,1
0.15956,0.432122,0.398,0,0,1,1
0.15956,0.432122,0.401,0,0,1,1
0.15956,0.432122,0.404,0,0,1,1
0.15956,0.432122,0.407,0,0,1,1
0.15956,0.432122,0.41,0,0,1,1
0.15956,0.432122,0.413,0,0,1,1
0.15956,0.432122,0.416,0,0,1,1
0.15956,0.432122,0.419,0,0,1,1
0.15956,0.432122,0.422,0,0,1,1
0.15956,0.432122,0.425,0,0,1,1
0.15956,0.432122,0.427999,0,0,1,1
0.15956,0.432122,0.430999,0,0,1,1
0.15956,0.432122,0.433999,0,0,1,1
0.15956,0.432122,0.436999,0,0,1,1
0.15956,0.432122,0.439999,0,0,1,1
0.162158,0.433622,0.26,0,0,1,1
0.162158,0.433622,0.263,0,0,1,1
0.162158,0.433622,0.266,0,0,1,1
0.162158,0.433622,0.269,0,0,1,1
0.162158,0.433622,0.272,0,0,1,1
0.162158,0.433622,0.275,0,0,1,1
0.162158,0.433622,0.278,0,0,1,1
0.162158,0.433622,0.281,0,0,1,1
0.162158,0.433622,0.284,0,0,1,1
0.162158,0.433622,0.287,0,0,1,1
0.162158,0.433622,0.29,0,0,1,1
0.162158,0.433622,0.293,0,0,1,1
0.162158,0.433622,0.296,0,0,1,1
0.162158,0.433622,0.299,0,0,1,1
0.162158,0.433622,0.302,0,0,1,1
0.162158,0.433622,0.305,0,0,1,1
0.162158,0.433622,0.308,0,0,1,1
0.162158,0.433622,0.311,0,0,1,1
0.162158,0.433622,0.314,0,0,1,1
0.162158,0.433622,0.317,0,0,1,1
0.162158,0.433622,0.32,0,0,1,1
0.162158,0.433622,0.323,0,0,1,1
0.162158,0.433622,0.326,0,0,1,1
0.162158,0.433622,0.329,0,0,1,1
0.162158,0.433622,0.332,0,0,1,1
0.162158,0.433622,0.335,0,0,1,1
0.162158,0.433622,0.338,0,0,1,1
0.162158,0.433622,0.341,0,0,1,1
0.162158,0.433622,0.344,0,0,1,1
0.162158,0.433622,0.347,0,0,1,1
0.162158,0.433622,0.35,0,0,1,1
0.162158,0.433622,0.353,0,0,1,1
0.162158,0.433622,0.356,0,0,1,1
0.162158,0.433622,0.359,0,0,1,1
0.162158,0.433622,0.362,0,0,1,1
0.162158,0.433622,0.365,0,0,1,1
0.162158,0.433622,0.368,0,0,1,1
0.162158,0.433622,0.371,0,0,1,1
0.162158,0.433622,0.374,0,0,1,1
0.162158,0.433622,0.377,0,0,1,1
0.162158,0.433622,0.38,0,0,1,1
0.162158,0.433622,0.383,0,0,1,1
0.162158,0.433622,0.386,0,0,1,1
0.162158,0.433622,0.389,0,0,1,1
0.162158,0.433622,0.392,0,0,1,1
0.162158,0.433622,0.395,0,0,1,1
0.162158,0.433622,0.398,0,0,1,1
0.162158,0.433622,0.401,0,0,1,1
0.162158,0.433622,0.404,0,0,1,1
0.162158,0.433622,0.407,0,0,1,1
0.162158,0.433622,0.41,0,0,1,1
0.162158,0.433622,0.413,0,0,1,1
0.162158,0.433622,0.416,0,0,1,1
0.162158,0.433622,0.419,0,0,1,1
0.162158,0.433622,0.422,0,0,1,1
0.162158,0.433622,0.425,0,0,1,1
0.162158,0.433622,0.427999,0,0,1,1
0.162158,0.433622,0.430999,0,0,1,1
0.162158,0.433622,0.433999,0,0,1,1
0.162158,0.433622,0.436999,0,0,1,1
0.162158,0.433622,0.439999,0,0,1,1
0.164756,0.435122,0.26,0,0,1,1
0.164756,0.435122,0.263,0,0,1,1
0.164756,0.435122,0.266,0,0,1,1
0.164756,0.435122,0.269,0,0,1,1
0.164756,0.435122,0.272,0,0,1,1
0.164756,0.435122,0.275,0,0,1,1
0.164756,0.435122,0.278,0,0,1,1
0.164756,0.435122,0.281,0,0,1,1
0.164756,0.435122,0.284,0,0,1,1
0.164756,0.435122,0.287,0,0,1,1
0.164756,0.435122,0.29,0,0,1,1
0.164756,0.435122,0.293,0,0,1,1
0.164756,0.435122,0.296,0,0,1,1
0.164756,0.435122,0.299,0,0,1,1
0.164756,0.435122,0.302,0,0,1,1
0.164756,0.435122,0.305,0,0,1,1
0.164756,0.435122,0.308,0,0,1,1
0.164756,0.435122,0.311,0,0,1,1
0.164756,0.435122,0.314,0,0,1,1
0.164756,0.435122,0.317,0,0,1,1
0.164756,0.435122,0.32,0,0,1,1
0.164756,0.435122,0.323,0,0,1,1
0.164756,0.435122,0.326,0,0,1,1
0.164756,0.435122,0.329,0,0,1,1
0.164756,0.435122,0.332,0,0,1,1
0.164756,0.435122,0.335,0,0,1,1
0.164756,0.435122,0.338,0,0,1,1
0.164756,0.435122,0.341,0,0,1,1
0.164756,0.435122,0.344,0,0,1,1
0.164756,0.435122,0.347,0,0,1,1
0.164756,0.435122,0.35,0,0,1,1
0.164756,0.435122,0.353,0,0,1,1
0.164756,0.435122,0.356,0,0,1,1
0.164756,0.435122,0.359,0,0,1,1
0.164756,0.435122,0.362,0,0,1,1
0.164756,0.435122,0.365,0,0,1,1
0.164756,0.435122,0.368,0,0,1,1
0.164756,0.435122,0.371,0,0,1,1
0.164756,0.435122,0.374,0,0,1,1
0.164756,0.435122,0.377,0,0,1,1
0.164756,0.435122,0.38,0,0,1,1
0.164756,0.435122,0.383,0,0,1,1
0.164756,0.435122,0.386,0,0,1,1
0.164756,0.435122,0.389,0,0,1,1
0.164756,0.435122,0.392,0,0,1,1
0.164756,0.435122,0.395,0,0,1,1
0.164756,0.435122,0.398,0,0,1,1
0.164756,0.435122,0.401,0,0,1,1
0.164756,0.435122,0.404,0,0,1,1
0.164756,0.435122,0.407,0,0,1,1
0.164756,0.435122,0.41,0,0,1,1
0.164756,0.435122,0.413,0,0,1,1
0.164756,0.435122,0.416,0,0,1,1
0.164756,0.435122,0.419,0,0,1,1
0.164756,0.435122,0.422,0,0,1,1
0.164756,0.435122,0.425,0,0,1,1
0.164756,0.435122,0.427999,0,0,1,1
0.164756,0.435122,0.430999,0,0,1,1
0.164756,0.435122,0.433999,0,0,1,1
0.164756,0.435122,0.436999,0,0,1,1
0.164756,0.435122,0.439999,0,0,1,1
0.167354,0.436622,0.26,0,0,1,1
0.167354,0.436622,0.263,0,0,1,1
0.167354,0.436622,0.266,0,0,1,1
0.167354,0.436622,0.269,0,0,1,1
0.167354,0.436622,0.272,0,0,1,1
0.167354,0.436622,0.275,0,0,1,1
0.167354,0.436622,0.278,0,0,1,1
0.167354,0.436622,0.281,0,0,1,1
0.167354,0.436622,0.284,0,0,1,1
0.167354,0.436622,0.287,0,0,1,1
0.167354,0.436622,0.29,0,0,1,1
0.167354,0.436622,0.293,0,0,1,1
0.167354,0.436622,0.296,0,0,1,1
0.167354,0.436622,0.299,0,0,1,1
0.167354,0.436622,0.302,0,0,1,1
0.167354,0.436622,0.305,0,0,1,1
0.167354,0.436622,0.308,0,0,1,1
0.167354,0.436622,0.311,0,0,1,1
0.167354,0.436622,0.314,0,0,1,1
0.167354,0.436622,0.317,0,0,1,1
0.167354,0.436622,0.32,0,0,1,1
0.167354,0.436622,0.323,0,0,1,1
0.167354,0.436622,0.326,0,0,1,1
0.167354,0.436622,0.329,0,0,1,1
0.167354,0.436622,0.332,0,0,1,1
0.167354,0.436622,0.335,0,0,1,1
0.167354,0.436622,0.338,0,0,1,1
0.167354,0.436622,0.341,0,0,1,1
0.167354,0.436622,0.344,0,0,1,1
0.167354,0.436622,0.347,0,0,1,1
0.167354,0.436622,0.35,0,0,1,1
0.167354,0.436622,0.353,0,0,1,1
0.167354,0.436622,0.356,0,0,1,1
0.167354,0.436622,0.359,0,0,1,1
0.167354,0.436622,0.362,0,0,1,1
0.167354,0.436622,0.365,0,0,1,1
0.167354,0.436622,0.368,0,0,1,1
0.167354,0.436622,0.371,0,0,1,1
0.167354,0.436622,0.374,0,0,1,1
0.167354,0.436622,0.377,0,0,1,1
0.167354,0.436622,0.38,0,0,1,1
0.167354,0.436622,0.383,0,0,1,1
0.167354,0.436622,0.386,0,0,1,1
0.167354,0.436622,0.389,0,0,1,1
0.167354,0.436622,0.392,0,0,1,1
0.167354,0.436622,0.395,0,0,1,1
0.167354,0.436622,0.398,0,0,1,1
0.167354,0.436622,0.401,0,0,1,1
0.167354,0.436622,0.404,0,0,1,1
0.167354,0.436622,0.407,0,0,1,1
0.167354,0.436622,0.41,0,0,1,1
0.167354,0.436622,0.413,0,0,1,1
0.167354,0.436622,0.416,0,0,1,1
0.167354,0.436622,0.419,0,0,1,1
0.167354,0.436622,0.422,0,0,1,1
0.167354,0.436622,0.425,0,0,1,1
0.167354,0.436622,0.427999,0,0,1,1
0.167354,0.436622,0.430999,0,0,1,1
0.167354,0.436622,0.433999,0,0,1,1
0.167354,0.436622,0.436999,0,0,1,1
0.167354,0.436622,0.439999,0,0,1,1
0.169952,0.438122,0.26,0,0,1,1
0.169952,0.438122,0.263,0,0,1,1
0.169952,0.438122,0.266,0,0,1,1
0.169952,0.438122,0.269,0,0,1,1
0.169952,0.438122,0.272,0,0,1,1
0.169952,0.438122,0.275,0,0,1,1
0.169952,0.438122,0.278,0,0,1,1
0.169952,0.438122,0.281,0,0,1,1
0.169952,0.438122,0.284,0,0,1,1
0.169952,0.438122,0.287,0,0,1,1
0.169952,0.438122,0.29,0,0,1,1
0.169952,0.438122,0.293,0,0,1,1
0.169952,0.438122,0.296,0,0,1,1
0.169952,0.438122,0.299,0,0,1,1
0.169952,0.438122,0.302,0,0,1,1
0.169952,0.438122,0.305,0,0,1,1
0.169952,0.438122,0.308,0,0,1,1
0.169952,0.438122,0.311,0,0,1,1
0.169952,0.438122,0.314,0,0,1,1
0.169952,0.438122,0.317,0,0,1,1
0.169952,0.438122,0.32,0,0,1,1
0.169952,0.438122,0.323,0,0,1,1
0.169952,0.438122,0.326,0,0,1,1
0.169952,0.438122,0.329,0,0,1,1
0.169952,0.438122,0.332,0,0,1,1
0.169952,0.438122,0.335,0,0,1,1
0.169952,0.438122,0.338,0,0,1,1
0.169952,0.438122,0.341,0,0,1,1
0.169952,0.438122,0.344,0,0,1,1
0.169952,0.438122,0.347,0,0,1,1
0.169952,0.438122,0.35,0,0,1,1
0.169952,0.438122,0.353,0,0,1,1
0.169952,0.438122,0.356,0,0,1,1
0.169952,0.438122,0.359,0,0,1,1
0.169952,0.438122,0.362,0,0,1,1
0.169952,0.438122,0.365,0,0,1,1
0.169952,0.438122,0.368,0,0,1,1
0.169952,0.438122,0.371,0,0,1,1
0.169952,0.438122,0.374,0,0,1,1
0.169952,0.438122,0.377,0,0,1,1
0.169952,0.438122,0.38,0,0,1,1
0.169952,0.438122,0.383,0,0,1,1
0.169952,0.438122,0.386,0,0,1,1
0.169952,0.438122,0.389,0,0,1,1
0.169952,0.438122,0.392,0,0,1,1
0.169952,0.438122,0.395,0,0,1,1
0.169952,0.438122,0.398,0,0,1,1
0.169952,0.438122,0.401,0,0,1,1
0.169952,0.438122,0.404,0,0,1,1
0.169952,0.438122,0.407,0,0,1,1
0.169952,0.438122,0.41,0,0,1,1
0.169952,0.438122,0.413,0,0,1,1
0.169952,0.438122,0.416,0,0,1,1
0.169952,0.438122,0.419,0,0,1,1
0.169952,0.438122,0.422,0,0,1,1
0.169952,0.438122,0.425,0,0,1,1
0.169952,0.438122,0.427999,0,0,1,1
0.169952,0.438122,0.430999,0,0,1,1
0.169952,0.438122,0.433999,0,0,1,1
0.169952,0.438122,0.436999,0,0,1,1
0.169952,0.438122,0.439999,0,0,1,1
0.17255,0.439622,0.26,0,0,1,1
0.17255,0.439622,0.263,0,0,1,1
0.17255,0.439622,0.266,0,0,1,1
0.17255,0.439622,0.269,0,0,1,1
0.17255,0.439622,0.272,0,0,1,1
0.17255,0.439622,0.275,0,0,1,1
0.17255,0.439622,0.278,0,0,1,1
0.17255,0.439622,0.281,0,0,1,1
0.17255,0.439622,0.284,0,0,1,1
0.17255,0.439622,0.287,0,0,1,1
0.17255,0.439622,0.29,0,0,1,1
0.17255,0.439622,0.293,0,0,1,1
0.17255,0.439622,0.296,0,0,1,1
0.17255,0.439622,0.299,0,0,1,1
0.17255,0.439622,0.302,0,0,1,1
0.17255,0.439622,0.305,0,0,1,1
0.17255,0.439622,0.308,0,0,1,1
0.17255,0.439622,0.311,0,0,1,1
0.17255,0.439622,0.314,0,0,1,1
0.17255,0.439622,0.317,0,0,1,1
0.17255,0.439622,0.32,0,0,1,1
0.17255,0.439622,0.323,0,0,1,1
0.17255,0.439622,0.326,0,0,1,1
0.17255,0.439622,0.329,0,0,1,1
0.17255,0.439622,0.332,0,0,1,1
0.17255,0.439622,0.335,0,0,1,1
0.17255,0.439622,0.338,0,0,1,1
0.17255,0.439622,0.341,0,0,1,1
0.17255,0.439622,0.344,0,0,1,1
0.17255,0.439622,0.347,0,0,1,1
0.17255,0.439622,0.35,0,0,1,1
0.17255,0.439622,0.353,0,0,1,1
0.17255,0.439622,0.356,0,0,1,1
0.17255,0.439622,0.359,0,0,1,1
0.17255,0.439622,0.362,0,0,1,1
0.17255,0.439622,0.365,0,0,1,1
0.17255,0.439622,0.368,0,0,1,1
0.17255,0.439622,0.371,0,0,1,1
0.17255,0.439622,0.374,0,0,1,1
0.17255,0.439622,0.377,0,0,1,1
0.17255,0.439622,0.38,0,0,1,1
0.17255,0.439622,0.383,0,0,1,1
0.17255,0.439622,0.386,0,0,1,1
0.17255,0.439622,0.389,0,0,1,1
0.17255,0.439622,0.392,0,0,1,1
0.17255,0.439622,0.395,0,0,1,1
0.17255,0.439622,0.398,0,0,1,1
0.17255,0.439622,0.401,0,0,1,1
0.17255,0.439622,0.404,0,0,1,1
0.17255,0.439622,0.407,0,0,1,1
0.17255,0.439622,0.41,0,0,1,1
0.17255,0.439622,0.413,0,0,1,1
0.17255,0.439622,0.416,0,0,1,1
0.17255,0.439622,0.419,0,0,1,1
0.17255,0.439622,0.422,0,0,1,1
0.17255,0.439622,0.425,0,0,1,1
0.17255,0.439622,0.427999,0,0,1,1
0.17255,0.439622,0.430999,0,0,1,1
0.17255,0.439622,0.433999,0,0,1,1
0.17255,0.439622,0.436999,0,0,1,1
0.17255,0.439622,0.439999,0,0,1,1
0.175148,0.441122,0.26,0,0,1,1
0.175148,0.441122,0.263,0,0,1,1
0.175148,0.441122,0.266,0,0,1,1
0.175148,0.441122,0.269,0,0,1,1
0.175148,0.441122,0.272,0,0,1,1
0.175148,0.441122,0.275,0,0,1,1
0.175148,0.441122,0.278,0,0,1,1
0.175148,0.441122,0.281,0,0,1,1
0.175148,0.441122,0.284,0,0,1,1
0.175148,0.441122,0.287,0,0,1,1
0.175148,0.441122,0.29,0,0,1,1
0.175148,0.441122,0.293,0,0,1,1
0.175148,0.441122,0.296,0,0,1,1
0.175148,0.441122,0.299,0,0,1,1
0.175148,0.441122,0.302,0,0,1,1
0.175148,0.441122,0.305,0,0,1,1
0.175148,0.441122,0.308,0,0,1,1
0.175148,0.441122,0.311,0,0,1,1
0.175148,0.441122,0.314,0,0,1,1
0.175148,0.441122,0.317,0,0,1,1
0.175148,0.441122,0.32,0,0,1,1
0.175148,0.441122,0.323,0,0,1,1
0.175148,0.441122,0.326,0,0,1,1
0.175148,0.441122,0.329,0,0,1,1
0.175148,0.441122,0.332,0,0,1,1
0.175148,0.441122,0.335,0,0,1,1
0.175148,0.441122,0.338,0,0,1,1
0.175148,0.441122,0.341,0,0,1,1
0.175148,0.441122,0.344,0,0,1,1
0.175148,0.441122,0.347,0,0,1,1
0.175148,0.441122,0.35,0,0,1,1
0.175148,0.441122,0.353,0,0,1,1
0.175148,0.441122,0.356,0,0,1,1
0.175148,0.441122,0.359,0,0,1,1
0.175148,0.441122,0.362,0,0,1,1
0.175148,0.441122,0.365,0,0,1,1
0.175148,0.441122,0.368,0,0,1,1
0.175148,0.441122,0.371,0,0,1,1
0.175148,0.441122,0.374,0,0,1,1
0.175148,0.441122,0.377,0,0,1,1
0.175148,0.441122,0.38,0,0,1,1
0.175148,0.441122,0.383,0,0,1,1
0.175148,0.441122,0.386,0,0,1,1
0.175148,0.441122,0.389,0,0,1,1
0.175148,0.441122,0.392,0,0,1,1
0.175148,0.441122,0.395,0,0,1,1
0.175148,0.441122,0.398,0,0,1,1
0.175148,0.441122,0.401,0,0,1,1
0.175148,0.441122,0.404,0,0,1,1
0.175148,0.441122,0.407,0,0,1,1
0.175148,0.441122,0.41,0,0,1,1
0.175148,0.441122,0.413,0,0,1,1
0.175148,0.441122,0.416,0,0,1,1
0.175148,0.441122,0.419,0,0,1,1
0.175148,0.441122,0.422,0,0,1,1
0.175148,0.441122,0.425,0,0,1,1
0.175148,0.441122,0.427999,0,0,1,1
0.175148,0.441122,0.430999,0,0,1,1
0.175148,0.441122,0.433999,0,0,1,1
0.175148,0.441122,0.436999,0,0,1,1
0.175148,0.441122,0.439999,0,0,1,1
0.177746,0.442622,0.26,0,0,1,1
0.177746,0.442622,0.263,0,0,1,1
0.177746,0.442622,0.266,0,0,1,1
0.177746,0.442622,0.269,0,0,1,1
0.177746,0.442622,0.272,0,0,1,1
0.177746,0.442622,0.275,0,0,1,1
0.177746,0.442622,0.278,0,0,1,1
0.177746,0.442622,0.281,0,0,1,1
0.177746,0.442622,0.284,0,0,1,1
0.177746,0.442622,0.287,0,0,1,1
0.177746,0.442622,0.29,0,0,1,1
0.177746,0.442622,0.293,0,0,1,1
0.177746,0.442622,0.296,0,0,1,1
0.177746,0.442622,0.299,0,0,1,1
0.177746,0.442622,0.302,0,0,1,1
0.177746,0.442622,0.305,0,0,1,1
0.177746,0.442622,0.308,0,0,1,1
0.177746,0.442622,0.311,0,0,1,1
0.177746,0.442622,0.314,0,0,1,1
0.177746,0.442622,0.317,0,0,1,1
0.177746,0.442622,0.32,0,0,1,1
0.177746,0.442622,0.323,0,0,1,1
0.177746,0.442622,0.326,0,0,1,1
0.177746,0.442622,0.329,0,0,1,1
0.177746,0.442622,0.332,0,0,1,1
0.177746,0.442622,0.335,0,0,1,1
0.177746,0.442622,0.338,0,0,1,1
0.177746,0.442622,0.341,0,0,1,1
0.177746,0.442622,0.344,0,0,1,1
0.177746,0.442622,0.347,0,0,1,1
0.177746,0.442622,0.35,0,0,1,1
0.177746,0.442622,0.353,0,0,1,1
0.177746,0.442622,0.356,0,0,1,1
0.177746,0.442622,0.359,0,0,1,1
0.177746,0.442622,0.362,0,0,1,1
0.177746,0.442622,0.365,0,0,1,1
0.177746,0.442622,0.368,0,0,1,1
0.177746,0.442622,0.371,0,0,1,1
0.177746,0.442622,0.374,0,0,1,1
0.177746,0.442622,0.377,0,0,1,1
0.177746,0.442622,0.38,0,0,1,1
0.177746,0.442622,0.383,0,0,1,1
0.177746,0.442622,0.386,0,0,1,1
0.177746,0.442622,0.389,0,0,1,1
0.177746,0.442622,0.392,0,0,1,1
0.177746,0.442622,0.395,0,0,1,1
0.177746,0.442622,0.398,0,0,1,1
0.177746,0.442622,0.401,0,0,1,1
0.177746,0.442622,0.404,0,0,1,1
0.177746,0.442622,0.407,0,0,1,1
0.177746,0.442622,0.41,0,0,1,1
0.177746,0.442622,0.413,0,0,1,1
0.177746,0.442622,0.416,0,0,1,1
0.177746,0.442622,0.419,0,0,1,1
0.177746,0.442622,0.422,0,0,1,1
0.177746,0.442622,0.425,0,0,1,1
0.177746,0.442622,0.427999,0,0,1,1
0.177746,0.442622,0.430999,0,0,1,1
0.177746,0.442622,0.433999,0,0,1,1
0.177746,0.442622,0.436999,0,0,1,1
0.177746,0.442622,0.439999,0,0,1,1
0.180344,0.444122,0.26,0,0,1,1
0.180344,0.444122,0.263,0,0,1,1
0.180344,0.444122,0.266,0,0,1,1
0.180344,0.444122,0.269,0,0,1,1
0.180344,0.444122,0.272,0,0,1,1
0.180344,0.444122,0.275,0,0,1,1
0.180344,0.444122,0.278,0,0,1,1
0.180344,0.444122,0.281,0,0,1,1
0.180344,0.444122,0.284,0,0,1,1
0.180344,0.444122,0.287,0,0,1,1
0.180344,0.444122,0.29,0,0,1,1
0.180344,0.444122,0.293,0,0,1,1
0.180344,0.444122,0.296,0,0,1,1
0.180344,0.444122,0.299,0,0,1,1
0.180344,0.444122,0.302,0,0,1,1
0.180344,0.444122,0.305,0,0,1,1
0.180344,0.444122,0.308,0,0,1,1
0.180344,0.444122,0.311,0,0,1,1
0.180344,0.444122,0.314,0,0,1,1
0.180344,0.444122,0.317,0,0,1,1
0.180344,0.444122,0.32,0,0,1,1
0.180344,0.444122,0.323,0,0,1,1
0.180344,0.444122,0.326,0,0,1,1
0.180344,0.444122,0.329,0,0,1,1
0.180344,0.444122,0.332,0,0,1,1
0.180344,0.444122,0.335,0,0,1,1
0.180344,0.444122,0.338,0,0,1,1
0.180344,0.444122,0.341,0,0,1,1
0.180344,0.444122,0.344,0,0,1,1
0.180344,0.444122,0.347,0,0,1,1
0.180344,0.444122,0.35,0,0,1,1
0.180344,0.444122,0.353,0,0,1,1
0.180344,0.444122,0.356,0,0,1,1
0.180344,0.444122,0.359,0,0,1,1
0.180344,0.444122,0.362,0,0,1,1
0.180344,0.444122,0.365,0,0,1,1
0.180344,0.444122,0.368,0,0,1,1
0.180344,0.444122,0.371,0,0,1,1
0.180344,0.444122,0.374,0,0,1,1
0.180344,0.444122,0.377,0,0,1,1
0.180344,0.444122,0.38,0,0,1,1
0.180344,0.444122,0.383,0,0,1,1
0.180344,0.444122,0.386,0,0,1,1
0.180344,0.444122,0.389,0,0,1,1
0.180344,0.444122,0.392,0,0,1,1
0.180344,0.444122,0.395,0,0,1,1
0.180344,0.444122,0.398,0,0,1,1
0.180344,0.444122,0.401,0,0,1,1
0.180344,0.444122,0.404,0,0,1,1
0.180344,0.444122,0.407,0,0,1,1
0.180344,0.444122,0.41,0,0,1,1
0.180344,0.444122,0.413,0,0,1,1
0.180344,0.444122,0.416,0,0,1,1
0.180344,0.444122,0.419,0,0,1,1
0.180344,0.444122,0.422,0,0,1,1
0.180344,0.444122,0.425,0,0,1,1
0.180344,0.444122,0.427999,0,0,1,1
0.180344,0.444122,0.430999,0,0,1,1
0.180344,0.444122,0.433999,0,0,1,1
0.180344,0.444122,0.436999,0,0,1,1
0.180344,0.444122,0.439999,0,0,1,1
0.182942,0.445622,0.26,0,0,1,1
0.182942,0.445622,0.263,0,0,1,1
0.182942,0.445622,0.266,0,0,1,1
0.182942,0.445622,0.269,0,0,1,1
0.182942,0.445622,0.272,0,0,1,1
0.182942,0.445622,0.275,0,0,1,1
0.182942,0.445622,0.278,0,0,1,1
0.182942,0.445622,0.281,0,0,1,1
0.182942,0.445622,0.284,0,0,1,1
0.182942,0.445622,0.287,0,0,1,1
0.182942,0.445622,0.29,0,0,1,1
0.182942,0.445622,0.293,0,0,1,1
0.182942,0.445622,0.296,0,0,1,1
0.182942,0.445622,0.299,0,0,1,1
0.182942,0.445622,0.302,0,0,1,1
0.182942,0.445622,0.305,0,0,1,1
0.182942,0.445622,0.308,0,0,1,1
0.182942,0.445622,0.311,0,0,1,1
0.182942,0.445622,0.314,0,0,1,1
0.182942,0.445622,0.317,0,0,1,1
0.182942,0.445622,0.32,0,0,1,1
0.182942,0.445622,0.323,0,0,1,1
0.182942,0.445622,0.326,0,0,1,1
0.182942,0.445622,0.329,0,0,1,1
0.182942,0.445622,0.332,0,0,1,1
0.182942,0.445622,0.335,0,0,1,1
0.182942,0.445622,0.338,0,0,1,1
0.182942,0.445622,0.341,0,0,1,1
0.182942,0.445622,0.344,0,0,1,1
0.182942,0.445622,0.347,0,0,1,1
0.182942,0.445622,0.35,0,0,1,1
0.182942,0.445622,0.353,0,0,1,1
0.182942,0.445622,0.356,0,0,1,1
0.182942,0.445622,0.359,0,0,1,1
0.182942,0.445622,0.362,0,0,1,1
0.182942,0.445622,0.365,0,0,1,1
0.182942,0.445622,0.368,0,0,1,1
0.182942,0.445622,0.371,0,0,1,1
0.182942,0.445622,0.374,0,0,1,1
0.182942,0.445622,0.377,0,0,1,1
0.182942,0.445622,0.38,0,0,1,1
0.182942,0.445622,0.383,0,0,1,1
0.182942,0.445622,0.386,0,0,1,1
0.182942,0.445622,0.389,0,0,1,1
0.182942,0.445622,0.392,0,0,1,1
0.182942,0.445622,0.395,0,0,1,1
0.182942,0.445622,0.398,0,0,1,1
0.182942,0.445622,0.401,0,0,1,1
0.182942,0.445622,0.404,0,0,1,1
0.182942,0.445622,0.407,0,0,1,1
0.182942,0.445622,0.41,0,0,1,1
0.182942,0.445622,0.413,0,0,1,1
0.182942,0.445622,0.416,0,0,1,1
0.182942,0.445622,0.419,0,0,1,1
0.182942,0.445622,0.422,0,0,1,1
0.182942,0.445622,0.425,0,0,1,1
0.182942,0.445622,0.427999,0,0,1,1
0.182942,0.445622,0.430999,0,0,1,1
0.182942,0.445622,0.433999,0,0,1,1
0.182942,0.445622,0.436999,0,0,1,1
0.182942,0.445622,0.439999,0,0,1,1
0.18554,0.447122,0.26,0,0,1,1
0.18554,0.447122,0.263,0,0,1,1
0.18554,0.447122,0.266,0,0,1,1
0.18554,0.447122,0.269,0,0,1,1
0.18554,0.447122,0.272,0,0,1,1
0.18554,0.447122,0.275,0,0,1,1
0.18554,0.447122,0.278,0,0,1,1
0.18554,0.447122,0.281,0,0,1,1
0.18554,0.447122,0.284,0,0,1,1
0.18554,0.447122,0.287,0,0,1,1
0.18554,0.447122,0.29,0,0,1,1
0.18554,0.447122,0.293,0,0,1,1
0.18554,0.447122,0.296,0,0,1,1
0.18554,0.447122,0.299,0,0,1,1
0.18554,0.447122,0.302,0,0,1,1
0.18554,0.447122,0.305,0,0,1,1
0.18554,0.447122,0.308,0,0,1,1
0.18554,0.447122,0.311,0,0,1,1
0.18554,0.447122,0.314,0,0,1,1
0.18554,0.447122,0.317,0,0,1,1
0.18554,0.447122,0.32,0,0,1,1
0.18554,0.447122,0.323,0,0,1,1
0.18554,0.447122,0.326,0,0,1,1
0.18554,0.447122,0.329,0,0,1,1
0.18554,0.447122,0.332,0,0,1,1
0.18554,0.447122,0.335,0,0,1,1
0.18554,0.447122,0.338,0,0,1,1
0.18554,0.447122,0.341,0,0,1,1
0.18554,0.447122,0.344,0,0,1,1
0.18554,0.447122,0.347,0,0,1,1
0.18554,0.447122,0.35,0,0,1,1
0.18554,0.447122,0.353,0,0,1,1
0.18554,0.447122,0.356,0,0,1,1
0.18554,0.447122,0.359,0,0,1,1
0.18554,0.447122,0.362,0,0,1,1
0.18554,0.447122,0.365,0,0,1,1
0.18554,0.447122,0.368,0,0,1,1
0.18554,0.447122,0.371,0,0,1,1
0.18554,0.447122,0.374,0,0,1,1
0.18554,0.447122,0.377,0,0,1,1
0.18554,0.447122,0.38,0,0,1,1
0.18554,0.447122,0.383,0,0,1,1
0.18554,0.447122,0.386,0,0,1,1
0.18554,0.447122,0.389,0,0,1,1
0.18554,0.447122,0.392,0,0,1,1
0.18554,0.447122,0.395,0,0,1,1
0.18554,0.447122,0.398,0,0,1,1
0.18554,0.447122,0.401,0,0,1,1
0.18554,0.447122,0.404,0,0,1,1
0.18554,0.447122,0.407,0,0,1,1
0.18554,0.447122,0.41,0,0,1,1
0.18554,0.447122,0.413,0,0,1,1
0.18554,0.447122,0.416,0,0,1,1
0.18554,0.447122,0.419,0,0,1,1
0.18554,0.447122,0.422,0,0,1,1
0.18554,0.447122,0.425,0,0,1,1
0.18554,0.447122,0.427999,0,0,1,1
0.18554,0.447122,0.430999,0,0,1,1
0.18554,0.447122,0.433999,0,0,1,1
0.18554,0.447122,0.436999,0,0,1,1
0.18554,0.447122,0.439999,0,0,1,1
0.188138,0.448622,0.26,0,0,1,1
0.188138,0.448622,0.263,0,0,1,1
0.188138,0.448622,0.266,0,0,1,1
0.188138,0.448622,0.269,0,0,1,1
0.188138,0.448622,0.272,0,0,1,1
0.188138,0.448622,0.275,0,0,1,1
0.188138,0.448622,0.278,0,0,1,1
0.188138,0.448622,0.281,0,0,1,1
0.188138,0.448622,0.284,0,0,1,1
0.188138,0.448622,0.287,0,0,1,1
0.188138,0.448622,0.29,0,0,1,1
0.188138,0.448622,0.293,0,0,1,1
0.188138,0.448622,0.296,0,0,1,1
0.188138,0.448622,0.299,0,0,1,1
0.188138,0.448622,0.302,0,0,1,1
0.188138,0.448622,0.305,0,0,1,1
0.188138,0.448622,0.308,0,0,1,1
0.188138,0.448622,0.311,0,0,1,1
0.188138,0.448622,0.314,0,0,1,1
0.188138,0.448622,0.317,0,0,1,1
0.188138,0.448622,0.32,0,0,1,1
0.188138,0.448622,0.323,0,0,1,1
0.188138,0.448622,0.326,0,0,1,1
0.188138,0.448622,0.329,0,0,1,1
0.188138,0.448622,0.332,0,0,1,1
0.188138,0.448622,0.335,0,0,1,1
0.188138,0.448622,0.338,0,0,1,1
0.188138,0.448622,0.341,0,0,1,1
0.188138,0.448622,0.344,0,0,1,1
0.188138,0.448622,0.347,0,0,1,1
0.188138,0.448622,0.35,0,0,1,1
0.188138,0.448622,0.353,0,0,1,1
0.188138,0.448622,0.356,0,0,1,1
0.188138,0.448622,0.359,0,0,1,1
0.188138,0.448622,0.362,0,0,1,1
0.188138,0.448622,0.365,0,0,1,1
0.188138,0.448622,0.368,0,0,1,1
0.188138,0.448622,0.371,0,0,1,1
0.188138,0.448622,0.374,0,0,1,1
0.188138,0.448622,0.377,0,0,1,1
0.188138,0.448622,0.38,0,0,1,1
0.188138,0.448622,0.383,0,0,1,1
0.188138,0.448622,0.386,0,0,1,1
0.188138,0.448622,0.389,0,0,1,1
0.188138,0.448622,0.392,0,0,1,1
0.188138,0.448622,0.395,0,0,1,1
0.188138,0.448622,0.398,0,0,1,1
0.188138,0.448622,0.401,0,0,1,1
0.188138,0.448622,0.404,0,0,1,1
0.188138,0.448622,0.407,0,0,1,1
0.188138,0.448622,0.41,0,0,1,1
0.188138,0.448622,0.413,0,0,1,1
0.188138,0.448622,0.416,0,0,1,1
0.188138,0.448622,0.419,0,0,1,1
0.188138,0.448622,0.422,0,0,1,1
0.188138,0.448622,0.425,0,0,1,1
0.188138,0.448622,0.427999,0,0,1,1
0.188138,0.448622,0.430999,0,0,1,1
0.188138,0.448622,0.433999,0,0,1,1
0.188138,0.448622,0.436999,0,0,1,1
0.188138,0.448622,0.439999,0,0,1,1
0.190737,0.450122,0.26,0,0,1,1
0.190737,0.450122,0.263,0,0,1,1
0.190737,0.450122,0.266,0,0,1,1
0.190737,0.450122,0.269,0,0,1,1
0.190737,0.450122,0.272,0,0,1,1
0.190737,0.450122,0.275,0,0,1,1
0.190737,0.450122,0.278,0,0,1,1
0.190737,0.450122,0.281,0,0,1,1
0.190737,0.450122,0.284,0,0,1,1
0.190737,0.450122,0.287,0,0,1,1
0.190737,0.450122,0.29,0,0,1,1
0.190737,0.450122,0.293,0,0,1,1
0.190737,0.450122,0.296,0,0,1,1
0.190737,0.450122,0.299,0,0,1,1
0.190737,0.450122,0.302,0,0,1,1
0.190737,0.450122,0.305,0,0,1,1
0.190737,0.450122,0.308,0,0,1,1
0.190737,0.450122,0.311,0,0,1,1
0.190737,0.450122,0.314,0,0,1,1
0.190737,0.450122,0.317,0,0,1,1
0.190737,0.450122,0.32,0,0,1,1
0.190737,0.450122,0.323,0,0,1,1
0.190737,0.450122,0.326,0,0,1,1
0.190737,0.450122,0.329,0,0,1,1
0.190737,0.450122,0.332,0,0,1,1
0.190737,0.450122,0.335,0,0,1,1
0.190737,0.450122,0.338,0,0,1,1
0.190737,0.450122,0.341,0,0,1,1
0.190737,0.450122,0.344,0,0,1,1
0.190737,0.450122,0.347,0,0,1,1
0.190737,0.450122,0.35,0,0,1,1
0.190737,0.450122,0.353,0,0,1,1
0.190737,0.450122,0.356,0,0,1,1
0.190737,0.450122,0.359,0,0,1,1
0.190737,0.450122,0.362,0,0,1,1
0.190737,0.450122,0.365,0,0,1,1
0.190737,0.450122,0.368,0,0,1,1
0.190737,0.450122,0.371,0,0,1,1
0.190737,0.450122,0.374,0,0,1,1
0.190737,0.450122,0.377,0,0,1,1
0.190737,0.450122,0.38,0,0,1,1
0.190737,0.450122,0.383,0,0,1,1
0.190737,0.450122,0.386,0,0,1,1
0.190737,0.450122,0.389,0,0,1,1
0.190737,0.450122,0.392,0,0,1,1
0.190737,0.450122,0.395,0,0,1,1
0.190737,0.450122,0.398,0,0,1,1
0.190737,0.450122,0.401,0,0,1,1
0.190737,0.450122,0.404,0,0,1,1
0.190737,0.450122,0.407,0,0,1,1
0.190737,0.450122,0.41,0,0,1,1
0.190737,0.450122,0.413,0,0,1,1
0.190737,0.450122,0.416,0,0,1,1
0.190737,0.450122,0.419,0,0,1,1
0.190737,0.450122,0.422,0,0,1,1
0.190737,0.450122,0.425,0,0,1,1
0.190737,0.450122,0.427999,0,0,1,1
0.190737,0.450122,0.430999,0,0,1,1
0.190737,0.450122,0.433999,0,0,1,1
0.190737,0.450122,0.436999,0,0,1,1
0.190737,0.450122,0.439999,0,0,1,1
0.193335,0.451622,0.26,0,0,1,1
0.193335,0.451622,0.263,0,0,1,1
0.193335,0.451622,0.266,0,0,1,1
0.193335,0.451622,0.269,0,0,1,1
0.193335,0.451622,0.272,0,0,1,1
0.193335,0.451622,0.275,0,0,1,1
0.193335,0.451622,0.278,0,0,1,1
0.193335,0.451622,0.281,0,0,1,1
0.193335,0.451622,0.284,0,0,1,1
0.193335,0.451622,0.287,0,0,1,1
0.193335,0.451622,0.29,0,0,1,1
0.193335,0.451622,0.293,0,0,1,1
0.193335,0.451622,0.296,0,0,1,1
0.193335,0.451622,0.299,0,0,1,1
0.193335,0.451622,0.302,0,0,1,1
0.193335,0.451622,0.305,0,0,1,1
0.193335,0.451622,0.308,0,0,1,1
0.193335,0.451622,0.311,0,0,1,1
0.193335,0.451622,0.314,0,0,1,1
0.193335,0.451622,0.317,0,0,1,1
0.193335,0.451622,0.32,0,0,1,1
0.193335,0.451622,0.323,0,0,1,1
0.193335,0.451622,0.326,0,0,1,1
0.193335,0.451622,0.329,0,0,1,1
0.193335,0.451622,0.332,0,0,1,1
0.193335,0.451622,0.335,0,0,1,1
0.193335,0.451622,0.338,0,0,1,1
0.193335,0.451622,0.341,0,0,1,1
0.193335,0.451622,0.344,0,0,1,1
0.193335,0.451622,0.347,0,0,1,1
0.193335,0.451622,0.35,0,0,1,1
0.193335,0.451622,0.353,0,0,1,1
0.193335,0.451622,0.356,0,0,1,1
0.193335,0.451622,0.359,0,0,1,1
0.193335,0.451622,0.362,0,0,1,1
0.193335,0.451622,0.365,0,0,1,1
0.193335,0.451622,0.368,0,0,1,1
0.193335,0.451622,0.371,0,0,1,1
0.193335,0.451622,0.374,0,0,1,1
0.193335,0.451622,0.377,0,0,1,1
0.193335,0.451622,0.38,0,0,1,1
0.193335,0.451622,0.383,0,0,1,1
0.193335,0.451622,0.386,0,0,1,1
0.193335,0.451622,0.389,0,0,1,1
0.193335,0.451622,0.392,0,0,1,1
0.193335,0.451622,0.395,0,0,1,1
0.193335,0.451622,0.398,0,0,1,1
0.193335,0.451622,0.401,0,0,1,1
0.193335,0.451622,0.404,0,0,1,1
0.193335,0.451622,0.407,0,0,1,1
0.193335,0.451622,0.41,0,0,1,1
0.193335,0.451622,0.413,0,0,1,1
0.193335,0.451622,0.416,0,0,1,1
0.193335,0.451622,0.419,0,0,1,1
0.193335,0.451622,0.422,0,0,1,1
0.193335,0.451622,0.425,0,0,1,1
0.193335,0.451622,0.427999,0,0,1,1
0.193335,0.451622,0.430999,0,0,1,1
0.193335,0.451622,0.433999,0,0,1,1
0.193335,0.451622,0.436999,0,0,1,1
0.193335,0.451622,0.439999,0,0,1,1
0.195933,0.453122,0.26,0,0,1,1
0.195933,0.453122,0.263,0,0,1,1
0.195933,0.453122,0.266,0,0,1,1
0.195933,0.453122,0.269,0,0,1,1
0.195933,0.453122,0.272,0,0,1,1
0.195933,0.453122,0.275,0,0,1,1
0.195933,0.453122,0.278,0,0,1,1
0.195933,0.453122,0.281,0,0,1,1
0.195933,0.453122,0.284,0,0,1,1
0.195933,0.453122,0.287,0,0,1,1
0.195933,0.453122,0.29,0,0,1,1
0.195933,0.453122,0.293,0,0,1,1
0.195933,0.453122,0.296,0,0,1,1
0.195933,0.453122,0.299,0,0,1,1
0.195933,0.453122,0.302,0,0,1,1
0.195933,0.453122,0.305,0,0,1,1
0.195933,0.453122,0.308,0,0,1,1
0.195933,0.453122,0.311,0,0,1,1
0.195933,0.453122,0.314,0,0,1,1
0.195933,0.453122,0.317,0,0,1,1
0.195933,0.453122,0.32,0,0,1,1
0.195933,0.453122,0.323,0,0,1,1
0.195933,0.453122,0.326,0,0,1,1
0.195933,0.453122,0.329,0,0,1,1
0.195933,0.453122,0.332,0,0,1,1
0.195933,0.453122,0.335,0,0,1,1
0.195933,0.453122,0.338,0,0,1,1
0.195933,0.453122,0.341,0,0,1,1
0.195933,0.453122,0.344,0,0,1,1
0.195933,0.453122,0.347,0,0,1,1
0.195933,0.453122,0.35,0,0,1,1
0.195933,0.453122,0.353,0,0,1,1
0.195933,0.453122,0.356,0,0,1,1
0.195933,0.453122,0.359,0,0,1,1
0.195933,0.453122,0.362,0,0,1,1
0.195933,0.453122,0.365,0,0,1,1
0.195933,0.453122,0.368,0,0,1,1
0.195933,0.453122,0.371,0,0,1,1
0.195933,0.453122,0.374,0,0,1,1
0.195933,0.453122,0.377,0,0,1,1
0.195933,0.453122,0.38,0,0,1,1
0.195933,0.453122,0.383,0,0,1,1
0.195933,0.453122,0.386,0,0,1,1
0.195933,0.453122,0.389,0,0,1,1
0.195933,0.453122,0.392,0,0,1,1
0.195933,0.453122,0.395,0,0,1,1
0.195933,0.453122,0.398,0,0,1,1
0.195933,0.453122,0.401,0,0,1,1
0.195933,0.453122,0.404,0,0,1,1
0.195933,0.453122,0.407,0,0,1,1
0.195933,0.453122,0.41,0,0,1,1
0.195933,0.453122,0.413,0,0,1,1
0.195933,0.453122,0.416,0,0,1,1
0.195933,0.453122,0.419,0,0,1,1
0.195933,0.453122,0.422,0,0,1,1
0.195933,0.453122,0.425,0,0,1,1
0.195933,0.453122,0.427999,0,0,1,1
0.195933,0.453122,0.430999,0,0,1,1
0.195933,0.453122,0.433999,0,0,1,1
0.195933,0.453122,0.436999,0,0,1,1
0.195933,0.453122,0.439999,0,0,1,1
0.198531,0.454622,0.26,0,0,1,1
0.198531,0.454622,0.263,0,0,1,1
0.198531,0.454622,0.266,0,0,1,1
0.198531,0.454622,0.269,0,0,1,1
0.198531,0.454622,0.272,0,0,1,1
0.198531,0.454622,0.275,0,0,1,1
0.198531,0.454622,0.278,0,0,1,1
0.198531,0.454622,0.281,0,0,1,1
0.198531,0.454622,0.284,0,0,1,1
0.198531,0.454622,0.287,0,0,1,1
0.198531,0.454622,0.29,0,0,1,1
0.198531,0.454622,0.293,0,0,1,1
0.198531,0.454622,0.296,0,0,1,1
0.198531,0.454622,0.299,0,0,1,1
0.198531,0.454622,0.302,0,0,1,1
0.198531,0.454622,0.305,0,0,1,1
0.198531,0.454622,0.308,0,0,1,1
0.198531,0.454622,0.311,0,0,1,1
0.198531,0.454622,0.314,0,0,1,1
0.198531,0.454622,0.317,0,0,1,1
0.198531,0.454622,0.32,0,0,1,1
0.198531,0.454622,0.323,0,0,1,1
0.198531,0.454622,0.326,0,0,1,1
0.198531,0.454622,0.329,0,0,1,1
0.198531,0.454622,0.332,0,0,1,1
0.198531,0.454622,0.335,0,0,1,1
0.198531,0.454622,0.338,0,0,1,1
0.198531,0.454622,0.341,0,0,1,1
0.198531,0.454622,0.344,0,0,1,1
0.198531,0.454622,0.347,0,0,1,1
0.198531,0.454622,0.35,0,0,1,1
0.198531,0.454622,0.353,0,0,1,1
0.198531,0.454622,0.356,0,0,1,1
0.198531,0.454622,0.359,0,0,1,1
0.198531,0.454622,0.362,0,0,1,1
0.198531,0.454622,0.365,0,0,1,1
0.198531,0.454622,0.368,0,0,1,1
0.198531,0.454622,0.371,0,0,1,1
0.198531,0.454622,0.374,0,0,1,1
0.198531,0.454622,0.377,0,0,1,1
0.198531,0.454622,0.38,0,0,1,1
0.198531,0.454622,0.383,0,0,1,1
0.198531,0.454622,0.386,0,0,1,1
0.198531,0.454622,0.389,0,0,1,1
0.198531,0.454622,0.392,0,0,1,1
0.198531,0.454622,0.395,0,0,1,1
0.198531,0.454622,0.398,0,0,1,1
0.198531,0.454622,0.401,0,0,1,1
0.198531,0.454622,0.404,0,0,1,1
0.198531,0.454622,0.407,0,0,1,1
0.198531,0.454622,0.41,0,0,1,1
0.198531,0.454622,0.413,0,0,1,1
0.198531,0.454622,0.416,0,0,1,1
0.198531,0.454622,0.419,0,0,1,1
0.198531,0.454622,0.422,0,0,1,1
0.198531,0.454622,0.425,0,0,1,1
0.198531,0.454622,0.427999,0,0,1,1
0.198531,0.454622,0.430999,0,0,1,1
0.198531,0.454622,0.433999,0,0,1,1
0.198531,0.454622,0.436999,0,0,1,1
0.198531,0.454622,0.439999,0,0,1,1
0.201129,0.456122,0.26,0,0,1,1
0.201129,0.456122,0.263,0,0,1,1
0.201129,0.456122,0.266,0,0,1,1
0.201129,0.456122,0.269,0,0,1,1
0.201129,0.456122,0.272,0,0,1,1
0.201129,0.456122,0.275,0,0,1,1
0.201129,0.456122,0.278,0,0,1,1
0.201129,0.456122,0.281,0,0,1,1
0.201129,0.456122,0.284,0,0,1,1
0.201129,0.456122,0.287,0,0,1,1
0.201129,0.456122,0.29,0,0,1,1
0.201129,0.456122,0.293,0,0,1,1
0.201129,0.456122,0.296,0,0,1,1
0.201129,0.456122,0.299,0,0,1,1
0.201129,0.456122,0.302,0,0,1,1
0.201129,0.456122,0.305,0,0,1,1
0.201129,0.456122,0.308,0,0,1,1
0.201129,0.456122,0.311,0,0,1,1
0.201129,0.456122,0.314,0,0,1,1
0.201129,0.456122,0.317,0,0,1,1
0.201129,0.456122,0.32,0,0,1,1
0.201129,0.456122,0.323,0,0,1,1
0.201129,0.456122,0.326,0,0,1,1
0.201129,0.456122,0.329,0,0,1,1
0.201129,0.456122,0.332,0,0,1,1
0.201129,0.456122,0.335,0,0,1,1
0.201129,0.456122,0.338,0,0,1,1
0.201129,0.456122,0.341,0,0,1,1
0.201129,0.456122,0.344,0,0,1,1
0.201129,0.456122,0.347,0,0,1,1
0.201129,0.456122,0.35,0,0,1,1
0.201129,0.456122,0.353,0,0,1,1
0.201129,0.456122,0.356,0,0,1,1
0.201129,0.456122,0.359,0,0,1,1
0.201129,0.456122,0.362,0,0,1,1
0.201129,0.456122,0.365,0,0,1,1
0.201129,0.456122,0.368,0,0,1,1
0.201129,0.456122,0.371,0,0,1,1
0.201129,0.456122,0.374,0,0,1,1
0.201129,0.456122,0.377,0,0,1,1
0.201129,0.456122,0.38,0,0,1,1
0.201129,0.456122,0.383,0,0,1,1
0.201129,0.456122,0.386,0,0,1,1
0.201129,0.456122,0.389,0,0,1,1
0.201129,0.456122,0.392,0,0,1,1
0.201129,0.456122,0.395,0,0,1,1
0.201129,0.456122,0.398,0,0,1,1
0.201129,0.456122,0.401,0,0,1,1
0.201129,0.456122,0.404,0,0,1,1
0.201129,0.456122,0.407,0,0,1,1
0.201129,0.456122,0.41,0,0,1,1
0.201129,0.456122,0.413,0,0,1,1
0.201129,0.456122,0.416,0,0,1,1
0.201129,0.456122,0.419,0,0,1,1
0.201129,0.456122,0.422,0,0,1,1
0.201129,0.456122,0.425,0,0,1,1
0.201129,0.456122,0.427999,0,0,1,1
0.201129,0.456122,0.430999,0,0,1,1
0.201129,0.456122,0.433999,0,0,1,1
0.201129,0.456122,0.436999,0,0,1,1
0.201129,0.456122,0.439999,0,0,1,1
0.203727,0.457622,0.26,0,0,1,1
0.203727,0.457622,0.263,0,0,1,1
0.203727,0.457622,0.266,0,0,1,1
0.203727,0.457622,0.269,0,0,1,1
0.203727,0.457622,0.272,0,0,1,1
0.203727,0.457622,0.275,0,0,1,1
0.203727,0.457622,0.278,0,0,1,1
0.203727,0.457622,0.281,0,0,1,1
0.203727,0.457622,0.284,0,0,1,1
0.203727,0.457622,0.287,0,0,1,1
0.203727,0.457622,0.29,0,0,1,1
0.203727,0.457622,0.293,0,0,1,1
0.203727,0.457622,0.296,0,0,1,1
0.203727,0.457622,0.299,0,0,1,1
0.203727,0.457622,0.302,0,0,1,1
0.203727,0.457622,0.305,0,0,1,1
0.203727,0.457622,0.308,0,0,1,1
0.203727,0.457622,0.311,0,0,1,1
0.203727,0.457622,0.314,0,0,1,1
0.203727,0.457622,0.317,0,0,1,1
0.203727,0.457622,0.32,0,0,1,1
0.203727,0.457622,0.323,0,0,1,1
0.203727,0.457622,0.326,0,0,1,1
0.203727,0.457622,0.329,0,0,1,1
0.203727,0.457622,0.332,0,0,1,1
0.203727,0.457622,0.335,0,0,1,1
0.203727,0.457622,0.338,0,0,1,1
0.203727,0.457622,0.341,0,0,1,1
0.203727,0.457622,0.344,0,0,1,1
0.203727,0.457622,0.347,0,0,1,1
0.203727,0.457622,0.35,0,0,1,1
0.203727,0.457622,0.353,0,0,1,1
0.203727,0.457622,0.356,0,0,1,1
0.203727,0.457622,0.359,0,0,1,1
0.203727,0.457622,0.362,0,0,1,1
0.203727,0.457622,0.365,0,0,1,1
0.203727,0.457622,0.368,0,0,1,1
0.203727,0.457622,0.371,0,0,1,1
0.203727,0.457622,0.374,0,0,1,1
0.203727,0.457622,0.377,0,0,1,1
0.203727,0.457622,0.38,0,0,1,1
0.203727,0.457622,0.383,0,0,1,1
0.203727,0.457622,0.386,0,0,1,1
0.203727,0.457622,0.389,0,0,1,1
0.203727,0.457622,0.392,0,0,1,1
0.203727,0.457622,0.395,0,0,1,1
0.203727,0.457622,0.398,0,0,1,1
0.203727,0.457622,0.401,0,0,1,1
0.203727,0.457622,0.404,0,0,1,1
0.203727,0.457622,0.407,0,0,1,1
0.203727,0.457622,0.41,0,0,1,1
0.203727,0.457622,0.413,0,0,1,1
0.203727,0.457622,0.416,0,0,1,1
0.203727,0.457622,0.419,0,0,1,1
0.203727,0.457622,0.422,0,0,1,1
0.203727,0.457622,0.425,0,0,1,1
0.203727,0.457622,0.427999,0,0,1,1
0.203727,0.457622,0.430999,0,0,1,1
0.203727,0.457622,0.433999,0,0,1,1
0.203727,0.457622,0.436999,0,0,1,1
0.203727,0.457622,0.439999,0,0,1,1
0.206325,0.459122,0.26,0,0,1,1
0.206325,0.459122,0.263,0,0,1,1
0.206325,0.459122,0.266,0,0,1,1
0.206325,0.459122,0.269,0,0,1,1
0.206325,0.459122,0.272,0,0,1,1
0.206325,0.459122,0.275,0,0,1,1
0.206325,0.459122,0.278,0,0,1,1
0.206325,0.459122,0.281,0,0,1,1
0.206325,0.459122,0.284,0,0,1,1
0.206325,0.459122,0.287,0,0,1,1
0.206325,0.459122,0.29,0,0,1,1
0.206325,0.459122,0.293,0,0,1,1
0.206325,0.459122,0.296,0,0,1,1
0.206325,0.459122,0.299,0,0,1,1
0.206325,0.459122,0.302,0,0,1,1
0.206325,0.459122,0.305,0,0,1,1
0.206325,0.459122,0.308,0,0,1,1
0.206325,0.459122,0.311,0,0,1,1
0.206325,0.459122,0.314,0,0,1,1
0.206325,0.459122,0.317,0,0,1,1
0.206325,0.459122,0.32,0,0,1,1
0.206325,0.459122,0.323,0,0,1,1
0.206325,0.459122,0.326,0,0,1,1
0.206325,0.459122,0.329,0,0,1,1
0.206325,0.459122,0.332,0,0,1,1
0.206325,0.459122,0.335,0,0,1,1
0.206325,0.459122,0.338,0,0,1,1
0.206325,0.459122,0.341,0,0,1,1
0.206325,0.459122,0.344,0,0,1,1
0.206325,0.459122,0.347,0,0,1,1
0.206325,0.459122,0.35,0,0,1,1
0.206325,0.459122,0.353,0,0,1,1
0.206325,0.459122,0.356,0,0,1,1
0.206325,0.459122,0.359,0,0,1,1
0.206325,0.459122,0.362,0,0,1,1
0.206325,0.459122,0.365,0,0,1,1
0.206325,0.459122,0.368,0,0,1,1
0.206325,0.459122,0.371,0,0,1,1
0.206325,0.459122,0.374,0,0,1,1
0.206325,0.459122,0.377,0,0,1,1
0.206325,0.459122,0.38,0,0,1,1
0.206325,0.459122,0.383,0,0,1,1
0.206325,0.459122,0.386,0,0,1,1
0.206325,0.459122,0.389,0,0,1,1
0.206325,0.459122,0.392,0,0,1,1
0.206325,0.459122,0.395,0,0,1,1
0.206325,0.459122,0.398,0,0,1,1
0.206325,0.459122,0.401,0,0,1,1
0.206325,0.459122,0.404,0,0,1,1
0.206325,0.459122,0.407,0,0,1,1
0.206325,0.459122,0.41,0,0,1,1
0.206325,0.459122,0.413,0,0,1,1
0.206325,0.459122,0.416,0,0,1,1
0.206325,0.459122,0.419,0,0,1,1
0.206325,0.459122,0.422,0,0,1,1
0.206325,0.459122,0.425,0,0,1,1
0.206325,0.459122,0.427999,0,0,1,1
0.206325,0.459122,0.430999,0,0,1,1
0.206325,0.459122,0.433999,0,0,1,1
0.206325,0.459122,0.436999,0,0,1,1
0.206325,0.459122,0.439999,0,0,1,1
0.208923,0.460622,0.26,0,0,1,1
0.208923,0.460622,0.263,0,0,1,1
0.208923,0.460622,0.266,0,0,1,1
0.208923,0.460622,0.269,0,0,1,1
0.208923,0.460622,0.272,0,0,1,1
0.208923,0.460622,0.275,0,0,1,1
0.208923,0.460622,0.278,0,0,1,1
0.208923,0.460622,0.281,0,0,1,1
0.208923,0.460622,0.284,0,0,1,1
0.208923,0.460622,0.287,0,0,1,1
0.208923,0.460622,0.29,0,0,1,1
0.208923,0.460622,0.293,0,0,1,1
0.208923,0.460622,0.296,0,0,1,1
0.208923,0.460622,0.299,0,0,1,1
0.208923,0.460622,0.302,0,0,1,1
0.208923,0.460622,0.305,0,0,1,1
0.208923,0.460622,0.308,0,0,1,1
0.208923,0.460622,0.311,0,0,1,1
0.208923,0.460622,0.314,0,0,1,1
0.208923,0.460622,0.317,0,0,1,1
0.208923,0.460622,0.32,0,0,1,1
0.208923,0.460622,0.323,0,0,1,1
0.208923,0.460622,0.326,0,0,1,1
0.208923,0.460622,0.329,0,0,1,1
0.208923,0.460622,0.332,0,0,1,1
0.208923,0.460622,0.335,0,0,1,1
0.208923,0.460622,0.338,0,0,1,1
0.208923,0.460622,0.341,0,0,1,1
0.208923,0.460622,0.344,0,0,1,1
0.208923,0.460622,0.347,0,0,1,1
0.208923,0.460622,0.35,0,0,1,1
0.208923,0.460622,0.353,0,0,1,1
0.208923,0.460622,0.356,0,0,1,1
0.208923,0.460622,0.359,0,0,1,1
0.208923,0.460622,0.362,0,0,1,1
0.208923,0.460622,0.365,0,0,1,1
0.208923,0.460622,0.368,0,0,1,1
0.208923,0.460622,0.371,0,0,1,1
0.208923,0.460622,0.374,0,0,1,1
0.208923,0.460622,0.377,0,0,1,1
0.208923,0.460622,0.38,0,0,1,1
0.208923,0.460622,0.383,0,0,1,1
0.208923,0.460622,0.386,0,0,1,1
0.208923,0.460622,0.389,0,0,1,1
0.208923,0.460622,0.392,0,0,1,1
0.208923,0.460622,0.395,0,0,1,1
0.208923,0.460622,0.398,0,0,1,1
0.208923,0.460622,0.401,0,0,1,1
0.208923,0.460622,0.404,0,0,1,1
0.208923,0.460622,0.407,0,0,1,1
0.208923,0.460622,0.41,0,0,1,1
0.208923,0.460622,0.413,0,0,1,1
0.208923,0.460622,0.416,0,0,1,1
0.208923,0.460622,0.419,0,0,1,1
0.208923,0.460622,0.422,0,0,1,1
0.208923,0.460622,0.425,0,0,1,1
0.208923,0.460622,0.427999,0,0,1,1
0.208923,0.460622,0.430999,0,0,1,1
0.208923,0.460622,0.433999,0,0,1,1
0.208923,0.460622,0.436999,0,0,1,1
0.208923,0.460622,0.439999,0,0,1,1
0.211521,0.462122,0.26,0,0,1,1
0.211521,0.462122,0.263,0,0,1,1
0.211521,0.462122,0.266,0,0,1,1
0.211521,0.462122,0.269,0,0,1,1
0.211521,0.462122,0.272,0,0,1,1
0.211521,0.462122,0.275,0,0,1,1
0.211521,0.462122,0.278,0,0,1,1
0.211521,0.462122,0.281,0,0,1,1
0.211521,0.462122,0.284,0,0,1,1
0.211521,0.462122,0.287,0,0,1,1
0.211521,0.462122,0.29,0,0,1,1
0.211521,0.462122,0.293,0,0,1,1
0.211521,0.462122,0.296,0,0,1,1
0.211521,0.462122,0.299,0,0,1,1
0.211521,0.462122,0.302,0,0,1,1
0.211521,0.462122,0.305,0,0,1,1
0.211521,0.462122,0.308,0,0,1,1
0.211521,0.462122,0.311,0,0,1,1
0.211521,0.462122,0.314,0,0,1,1
0.211521,0.462122,0.317,0,0,1,1
0.211521,0.462122,0.32,0,0,1,1
0.211521,0.462122,0.323,0,0,1,1
0.211521,0.462122,0.326,0,0,1,1
0.211521,0.462122,0.329,0,0,1,1
0.211521,0.462122,0.332,0,0,1,1
0.211521,0.462122,0.335,0,0,1,1
0.211521,0.462122,0.338,0,0,1,1
0.211521,0.462122,0.341,0,0,1,1
0.211521,0.462122,0.344,0,0,1,1
0.211521,0.462122,0.347,0,0,1,1
0.211521,0.462122,0.35,0,0,1,1
0.211521,0.462122,0.353,0,0,1,1
0.211521,0.462122,0.356,0,0,1,1
0.211521,0.462122,0.359,0,0,1,1
0.211521,0.462122,0.362,0,0,1,1
0.211521,0.462122,0.365,0,0,1,1
0.211521,0.462122,0.368,0,0,1,1
0.211521,0.462122,0.371,0,0,1,1
0.211521,0.462122,0.374,0,0,1,1
0.211521,0.462122,0.377,0,0,1,1
0.211521,0.462122,0.38,0,0,1,1
0.211521,0.462122,0.383,0,0,1,1
0.211521,0.462122,0.386,0,0,1,1
0.211521,0.462122,0.389,0,0,1,1
0.211521,0.462122,0.392,0,0,1,1
0.211521,0.462122,0.395,0,0,1,1
0.211521,0.462122,0.398,0,0,1,1
0.211521,0.462122,0.401,0,0,1,1
0.211521,0.462122,0.404,0,0,1,1
0.211521,0.462122,0.407,0,0,1,1
0.211521,0.462122,0.41,0,0,1,1
0.211521,0.462122,0.413,0,0,1,1
0.211521,0.462122,0.416,0,0,1,1
0.211521,0.462122,0.419,0,0,1,1
0.211521,0.462122,0.422,0,0,1,1
0.211521,0.462122,0.425,0,0,1,1
0.211521,0.462122,0.427999,0,0,1,1
0.211521,0.462122,0.430999,0,0,1,1
0.211521,0.462122,0.433999,0,0,1,1
0.211521,0.462122,0.436999,0,0,1,1
0.211521,0.462122,0.439999,0,0,1,1
0.214119,0.463622,0.26,0,0,1,1
0.214119,0.463622,0.263,0,0,1,1
0.214119,0.463622,0.266,0,0,1,1
0.214119,0.463622,0.269,0,0,1,1
0.214119,0.463622,0.272,0,0,1,1
0.214119,0.463622,0.275,0,0,1,1
0.214119,0.463622,0.278,0,0,1,1
0.214119,0.463622,0.281,0,0,1,1
0.214119,0.463622,0.284,0,0,1,1
0.214119,0.463622,0.287,0,0,1,1
0.214119,0.463622,0.29,0,0,1,1
0.214119,0.463622,0.293,0,0,1,1
0.214119,0.463622,0.296,0,0,1,1
0.214119,0.463622,0.299,0,0,1,1
0.214119,0.463622,0.302,0,0,1,1
0.214119,0.463622,0.305,0,0,1,1
0.214119,0.463622,0.308,0,0,1,1
0.214119,0.463622,0.311,0,0,1,1
0.214119,0.463622,0.314,0,0,1,1
0.214119,0.463622,0.317,0,0,1,1
0.214119,0.463622,0.32,0,0,1,1
0.214119,0.463622,0.323,0,0,1,1
0.214119,0.463622,0.326,0,0,1,1
0.214119,0.463622,0.329,0,0,1,1
0.214119,0.463622,0.332,0,0,1,1
0.214119,0.463622,0.335,0,0,1,1
0.214119,0.463622,0.338,0,0,1,1
0.214119,0.463622,0.341,0,0,1,1
0.214119,0.463622,0.344,0,0,1,1
0.214119,0.463622,0.347,0,0,1,1
0.214119,0.463622,0.35,0,0,1,1
0.214119,0.463622,0.353,0,0,1,1
0.214119,0.463622,0.356,0,0,1,1
0.214119,0.463622,0.359,0,0,1,1
0.214119,0.463622,0.362,0,0,1,1
0.214119,0.463622,0.365,0,0,1,1
0.214119,0.463622,0.368,0,0,1,1
0.214119,0.463622,0.371,0,0,1,1
0.214119,0.463622,0.374,0,0,1,1
0.214119,0.463622,0.377,0,0,1,1
0.214119,0.463622,0.38,0,0,1,1
0.214119,0.463622,0.383,0,0,1,1
0.214119,0.463622,0.386,0,0,1,1
0.214119,0.463622,0.389,0,0,1,1
0.214119,0.463622,0.392,0,0,1,1
0.214119,0.463622,0.395,0,0,1,1
0.214119,0.463622,0.398,0,0,1,1
0.214119,0.463622,0.401,0,0,1,1
0.214119,0.463622,0.404,0,0,1,1
0.214119,0.463622,0.407,0,0,1,1
0.214119,0.463622,0.41,0,0,1,1
0.214119,0.463622,0.413,0,0,1,1
0.214119,0.463622,0.416,0,0,1,1
0.214119,0.463622,0.419,0,0,1,1
0.214119,0.463622,0.422,0,0,1,1
0.214119,0.463622,0.425,0,0,1,1
0.214119,0.463622,0.427999,0,0,1,1
0.214119,0.463622,0.430999,0,0,1,1
0.214119,0.463622,0.433999,0,0,1,1
0.214119,0.463622,0.436999,0,0,1,1
0.214119,0.463622,0.439999,0,0,1,1
0.216717,0.465122,0.26,0,0,1,1
0.216717,0.465122,0.263,0,0,1,1
0.216717,0.465122,0.266,0,0,1,1
0.216717,0.465122,0.269,0,0,1,1
0.216717,0.465122,0.272,0,0,1,1
0.216717,0.465122,0.275,0,0,1,1
0.216717,0.465122,0.278,0,0,1,1
0.216717,0.465122,0.281,0,0,1,1
0.216717,0.465122,0.284,0,0,1,1
0.216717,0.465122,0.287,0,0,1,1
0.216717,0.465122,0.29,0,0,1,1
0.216717,0.465122,0.293,0,0,1,1
0.216717,0.465122,0.296,0,0,1,1
0.216717,0.465122,0.299,0,0,1,1
0.216717,0.465122,0.302,0,0,1,1
0.216717,0.465122,0.305,0,0,1,1
0.216717,0.465122,0.308,0,0,1,1
0.216717,0.465122,0.311,0,0,1,1
0.216717,0.465122,0.314,0,0,1,1
0.216717,0.465122,0.317,0,0,1,1
0.216717,0.465122,0.32,0,0,1,1
0.216717,0.465122,0.323,0,0,1,1
0.216717,0.465122,0.326,0,0,1,1
0.216717,0.465122,0.329,0,0,1,1
0.216717,0.465122,0.332,0,0,1,1
0.216717,0.465122,0.335,0,0,1,1
0.216717,0.465122,0.338,0,0,1,1
0.216717,0.465122,0.341,0,0,1,1
0.216717,0.465122,0.344,0,0,1,1
0.216717,0.465122,0.347,0,0,1,1
0.216717,0.465122,0.35,0,0,1,1
0.216717,0.465122,0.353,0,0,1,1
0.216717,0.465122,0.356,0,0,1,1
0.216717,0.465122,0.359,0,0,1,1
0.216717,0.465122,0.362,0,0,1,1
0.216717,0.465122,0.365,0,0,1,1
0.216717,0.465122,0.368,0,0,1,1
0.216717,0.465122,0.371,0,0,1,1
0.216717,0.465122,0.374,0,0,1,1
0.216717,0.465122,0.377,0,0,1,1
0.216717,0.465122,0.38,0,0,1,1
0.216717,0.465122,0.383,0,0,1,1
0.216717,0.465122,0.386,0,0,1,1
0.216717,0.465122,0.389,0,0,1,1
0.216717,0.465122,0.392,0,0,1,1
0.216717,0.465122,0.395,0,0,1,1
0.216717,0.465122,0.398,0,0,1,1
0.216717,0.465122,0.401,0,0,1,1
0.216717,0.465122,0.404,0,0,1,1
0.216717,0.465122,0.407,0,0,1,1
0.216717,0.465122,0.41,0,0,1,1
0.216717,0.465122,0.413,0,0,1,1
0.216717,0.465122,0.416,0,0,1,1
0.216717,0.465122,0.419,0,0,1,1
0.216717,0.465122,0.422,0,0,1,1
0.216717,0.465122,0.425,0,0,1,1
0.216717,0.465122,0.427999,0,0,1,1
0.216717,0.465122,0.430999,0,0,1,1
0.216717,0.465122,0.433999,0,0,1,1
0.216717,0.465122,0.436999,0,0,1,1
0.216717,0.465122,0.439999,0,0,1,1
0.219315,0.466622,0.26,0,0,1,1
0.219315,0.466622,0.263,0,0,1,1
0.219315,0.466622,0.266,0,0,1,1
0.219315,0.466622,0.269,0,0,1,1
0.219315,0.466622,0.272,0,0,1,1
0.219315,0.466622,0.275,0,0,1,1
0.219315,0.466622,0.278,0,0,1,1
0.219315,0.466622,0.281,0,0,1,1
0.219315,0.466622,0.284,0,0,1,1
0.219315,0.466622,0.287,0,0,1,1
0.219315,0.466622,0.29,0,0,1,1
0.219315,0.466622,0.293,0,0,1,1
0.219315,0.466622,0.296,0,0,1,1
0.219315,0.466622,0.299,0,0,1,1
0.219315,0.466622,0.302,0,0,1,1
0.219315,0.466622,0.305,0,0,1,1
0.219315,0.466622,0.308,0,0,1,1
0.219315,0.466622,0.311,0,0,1,1
0.219315,0.466622,0.314,0,0,1,1
0.219315,0.466622,0.317,0,0,1,1
0.219315,0.466622,0.32,0,0,1,1
0.219315,0.466622,0.323,0,0,1,1
0.219315,0.466622,0.326,0,0,1,1
0.219315,0.466622,0.329,0,0,1,1
0.219315,0.466622,0.332,0,0,1,1
0.219315,0.466622,0.335,0,0,1,1
0.219315,0.466622,0.338,0,0,1,1
0.219315,0.466622,0.341,0,0,1,1
0.219315,0.466622,0.344,0,0,1,1
0.219315,0.466622,0.347,0,0,1,1
0.219315,0.466622,0.35,0,0,1,1
0.219315,0.466622,0.353,0,0,1,1
0.219315,0.466622,0.356,0,0,1,1
0.219315,0.466622,0.359,0,0,1,1
0.219315,0.466622,0.362,0,0,1,1
0.219315,0.466622,0.365,0,0,1,1
0.219315,0.466622,0.368,0,0,1,1
0.219315,0.466622,0.371,0,0,1,1
0.219315,0.466622,0.374,0,0,1,1
0.219315,0.466622,0.377,0,0,1,1
0.219315,0.466622,0.38,0,0,1,1
0.219315,0.466622,0.383,0,0,1,1
0.219315,0.466622,0.386,0,0,1,1
0.219315,0.466622,0.389,0,0,1,1
0.219315,0.466622,0.392,0,0,1,1
0.219315,0.466622,0.395,0,0,1,1
0.219315,0.466622,0.398,0,0,1,1
0.219315,0.466622,0.401,0,0,1,1
0.219315,0.466622,0.404,0,0,1,1
0.219315,0.466622,0.407,0,0,1,1
0.219315,0.466622,0.41,0,0,1,1
0.219315,0.466622,0.413,0,0,1,1
0.219315,0.466622,0.416,0,0,1,1
0.219315,0.466622,0.419,0,0,1,1
0.219315,0.466622,0.422,0,0,1,1
0.219315,0.466622,0.425,0,0,1,1
0.219315,0.466622,0.427999,0,0,1,1
0.219315,0.466622,0.430999,0,0,1,1
0.219315,0.466622,0.433999,0,0,1,1
0.219315,0.466622,0.436999,0,0,1,1
0.219315,0.466622,0.439999,0,0,1,1
0.221913,0.468122,0.26,0,0,1,1
0.221913,0.468122,0.263,0,0,1,1
0.221913,0.468122,0.266,0,0,1,1
0.221913,0.468122,0.269,0,0,1,1
0.221913,0.468122,0.272,0,0,1,1
0.221913,0.468122,0.275,0,0,1,1
0.221913,0.468122,0.278,0,0,1,1
0.221913,0.468122,0.281,0,0,1,1
0.221913,0.468122,0.284,0,0,1,1
0.221913,0.468122,0.287,0,0,1,1
0.221913,0.468122,0.29,0,0,1,1
0.221913,0.468122,0.293,0,0,1,1
0.221913,0.468122,0.296,0,0,1,1
0.221913,0.468122,0.299,0,0,1,1
0.221913,0.468122,0.302,0,0,1,1
0.221913,0.468122,0.305,0,0,1,1
0.221913,0.468122,0.308,0,0,1,1
0.221913,0.468122,0.311,0,0,1,1
0.221913,0.468122,0.314,0,0,1,1
0.221913,0.468122,0.317,0,0,1,1
0.221913,0.468122,0.32,0,0,1,1
0.221913,0.468122,0.323,0,0,1,1
0.221913,0.468122,0.326,0,0,1,1
0.221913,0.468122,0.329,0,0,1,1
0.221913,0.468122,0.332,0,0,1,1
0.221913,0.468122,0.335,0,0,1,1
0.221913,0.468122,0.338,0,0,1,1
0.221913,0.468122,0.341,0,0,1,1
0.221913,0.468122,0.344,0,0,1,1
0.221913,0.468122,0.347,0,0,1,1
0.221913,0.468122,0.35,0,0,1,1
0.221913,0.468122,0.353,0,0,1,1
0.221913,0.468122,0.356,0,0,1,1
0.221913,0.468122,0.359,0,0,1,1
0.221913,0.468122,0.362,0,0,1,1
0.221913,0.468122,0.365,0,0,1,1
0.221913,0.468122,0.368,0,0,1,1
0.221913,0.468122,0.371,0,0,1,1
0.221913,0.468122,0.374,0,0,1,1
0.221913,0.468122,0.377,0,0,1,1
0.221913,0.468122,0.38,0,0,1,1
0.221913,0.468122,0.383,0,0,1,1
0.221913,0.468122,0.386,0,0,1,1
0.221913,0.468122,0.389,0,0,1,1
0.221913,0.468122,0.392,0,0,1,1
0.221913,0.468122,0.395,0,0,1,1
0.221913,0.468122,0.398,0,0,1,1
0.221913,0.468122,0.401,0,0,1,1
0.221913,0.468122,0.404,0,0,1,1
0.221913,0.468122,0.407,0,0,1,1
0.221913,0.468122,0.41,0,0,1,1
0.221913,0.468122,0.413,0,0,1,1
0.221913,0.468122,0.416,0,0,1,1
0.221913,0.468122,0.419,0,0,1,1
0.221913,0.468122,0.422,0,0,1,1
0.221913,0.468122,0.425,0,0,1,1
0.221913,0.468122,0.427999,0,0,1,1
0.221913,0.468122,0.430999,0,0,1,1
0.221913,0.468122,0.433999,0,0,1,1
0.221913,0.468122,0.436999,0,0,1,1
0.221913,0.468122,0.439999,0,0,1,1
0.224512,0.469622,0.26,0,0,1,1
0.224512,0.469622,0.263,0,0,1,1
0.224512,0.469622,0.266,0,0,1,1
0.224512,0.469622,0.269,0,0,1,1
0.224512,0.469622,0.272,0,0,1,1
0.224512,0.469622,0.275,0,0,1,1
0.224512,0.469622,0.278,0,0,1,1
0.224512,0.469622,0.281,0,0,1,1
0.224512,0.469622,0.284,0,0,1,1
0.224512,0.469622,0.287,0,0,1,1
0.224512,0.469622,0.29,0,0,1,1
0.224512,0.469622,0.293,0,0,1,1
0.224512,0.469622,0.296,0,0,1,1
0.224512,0.469622,0.299,0,0,1,1
0.224512,0.469622,0.302,0,0,1,1
0.224512,0.469622,0.305,0,0,1,1
0.224512,0.469622,0.308,0,0,1,1
0.224512,0.469622,0.311,0,0,1,1
0.224512,0.469622,0.314,0,0,1,1
0.224512,0.469622,0.317,0,0,1,1
0.224512,0.469622,0.32,0,0,1,1
0.224512,0.469622,0.323,0,0,1,1
0.224512,0.469622,0.326,0,0,1,1
0.224512,0.469622,0.329,0,0,1,1
0.224512,0.469622,0.332,0,0,1,1
0.224512,0.469622,0.335,0,0,1,1
0.224512,0.469622,0.338,0,0,1,1
0.224512,0.469622,0.341,0,0,1,1
0.224512,0.469622,0.344,0,0,1,1
0.224512,0.469622,0.347,0,0,1,1
0.224512,0.469622,0.35,0,0,1,1
0.224512,0.469622,0.353,0,0,1,1
0.224512,0.469622,0.356,0,0,1,1
0.224512,0.469622,0.359,0,0,1,1
0.224512,0.469622,0.362,0,0,1,1
0.224512,0.469622,0.365,0,0,1,1
0.224512,0.469622,0.368,0,0,1,1
0.224512,0.469622,0.371,0,0,1,1
0.224512,0.469622,0.374,0,0,1,1
0.224512,0.469622,0.377,0,0,1,1
0.224512,0.469622,0.38,0,0,1,1
0.224512,0.469622,0.383,0,0,1,1
0.224512,0.469622,0.386,0,0,1,1
0.224512,0.469622,0.389,0,0,1,1
0.224512,0.469622,0.392,0,0,1,1
0.224512,0.469622,0.395,0,0,1,1
0.224512,0.469622,0.398,0,0,1,1
0.224512,0.469622,0.401,0,0,1,1
0.224512,0.469622,0.404,0,0,1,1
0.224512,0.469622,0.407,0,0,1,1
0.224512,0.469622,0.41,0,0,1,1
0.224512,0.469622,0.413,0,0,1,1
0.224512,0.469622,0.416,0,0,1,1
0.224512,0.469622,0.419,0,0,1,1
0.224512,0.469622,0.422,0,0,1,1
0.224512,0.469622,0.425,0,0,1,1
0.224512,0.469622,0.427999,0,0,1,1
0.224512,0.469622,0.430999,0,0,1,1
0.224512,0.469622,0.433999,0,0,1,1
0.224512,0.469622,0.436999,0,0,1,1
0.224512,0.469622,0.439999,0,0,1,1
0.22711,0.471122,0.26,0,0,1,1
0.22711,0.471122,0.263,0,0,1,1
0.22711,0.471122,0.266,0,0,1,1
0.22711,0.471122,0.269,0,0,1,1
0.22711,0.471122,0.272,0,0,1,1
0.22711,0.471122,0.275,0,0,1,1
0.22711,0.471122,0.278,0,0,1,1
0.22711,0.471122,0.281,0,0,1,1
0.22711,0.471122,0.284,0,0,1,1
0.22711,0.471122,0.287,0,0,1,1
0.22711,0.471122,0.29,0,0,1,1
0.22711,0.471122,0.293,0,0,1,1
0.22711,0.471122,0.296,0,0,1,1
0.22711,0.471122,0.299,0,0,1,1
0.22711,0.471122,0.302,0,0,1,1
0.22711,0.471122,0.305,0,0,1,1
0.22711,0.471122,0.308,0,0,1,1
0.22711,0.471122,0.311,0,0,1,1
0.22711,0.471122,0.314,0,0,1,1
0.22711,0.471122,0.317,0,0,1,1
0.22711,0.471122,0.32,0,0,1,1
0.22711,0.471122,0.323,0,0,1,1
0.22711,0.471122,0.326,0,0,1,1
0.22711,0.471122,0.329,0,0,1,1
0.22711,0.471122,0.332,0,0,1,1
0.22711,0.471122,0.335,0,0,1,1
0.22711,0.471122,0.338,0,0,1,1
0.22711,0.471122,0.341,0,0,1,1
0.22711,0.471122,0.344,0,0,1,1
0.22711,0.471122,0.347,0,0,1,1
0.22711,0.471122,0.35,0,0,1,1
0.22711,0.471122,0.353,0,0,1,1
0.22711,0.471122,0.356,0,0,1,1
0.22711,0.471122,0.359,0,0,1,1
0.22711,0.471122,0.362,0,0,1,1
0.22711,0.471122,0.365,0,0,1,1
0.22711,0.471122,0.368,0,0,1,1
0.22711,0.471122,0.371,0,0,1,1
0.22711,0.471122,0.374,0,0,1,1
0.22711,0.471122,0.377,0,0,1,1
0.22711,0.471122,0.38,0,0,1,1
0.22711,0.471122,0.383,0,0,1,1
0.22711,0.471122,0.386,0,0,1,1
0.22711,0.471122,0.389,0,0,1,1
0.22711,0.471122,0.392,0,0,1,1
0.22711,0.471122,0.395,0,0,1,1
0.22711,0.471122,0.398,0,0,1,1
0.22711,0.471122,0.401,0,0,1,1
0.22711,0.471122,0.404,0,0,1,1
0.22711,0.471122,0.407,0,0,1,1
0.22711,0.471122,0.41,0,0,1,1
0.22711,0.471122,0.413,0,0,1,1
0.22711,0.471122,0.416,0,0,1,1
0.22711,0.471122,0.419,0,0,1,1
0.22711,0.471122,0.422,0,0,1,1
0.22711,0.471122,0.425,0,0,1,1
0.22711,0.471122,0.427999,0,0,1,1
0.22711,0.471122,0.430999,0,0,1,1
0.22711,0.471122,0.433999,0,0,1,1
0.22711,0.471122,0.436999,0,0,1,1
0.22711,0.471122,0.439999,0,0,1,1
0.229708,0.472622,0.26,0,0,1,1
0.229708,0.472622,0.263,0,0,1,1
0.229708,0.472622,0.266,0,0,1,1
0.229708,0.472622,0.269,0,0,1,1
0.229708,0.472622,0.272,0,0,1,1
0.229708,0.472622,0.275,0,0,1,1
0.229708,0.472622,0.278,0,0,1,1
0.229708,0.472622,0.281,0,0,1,1
0.229708,0.472622,0.284,0,0,1,1
0.229708,0.472622,0.287,0,0,1,1
0.229708,0.472622,0.29,0,0,1,1
0.229708,0.472622,0.293,0,0,1,1
0.229708,0.472622,0.296,0,0,1,1
0.229708,0.472622,0.299,0,0,1,1
0.229708,0.472622,0.302,0,0,1,1
0.229708,0.472622,0.305,0,0,1,1
0.229708,0.472622,0.308,0,0,1,1
0.229708,0.472622,0.311,0,0,1,1
0.229708,0.472622,0.314,0,0,1,1
0.229708,0.472622,0.317,0,0,1,1
0.229708,0.472622,0.32,0,0,1,1
0.229708,0.472622,0.323,0,0,1,1
0.229708,0.472622,0.326,0,0,1,1
0.229708,0.472622,0.329,0,0,1,1
0.229708,0.472622,0.332,0,0,1,1
0.229708,0.472622,0.335,0,0,1,1
0.229708,0.472622,0.338,0,0,1,1
0.229708,0.472622,0.341,0,0,1,1
0.229708,0.472622,0.344,0,0,1,1
0.229708,0.472622,0.347,0,0,1,1
0.229708,0.472622,0.35,0,0,1,1
0.229708,0.472622,0.353,0,0,1,1
0.229708,0.472622,0.356,0,0,1,1
0.229708,0.472622,0.359,0,0,1,1
0.229708,0.472622,0.362,0,0,1,1
0.229708,0.472622,0.365,0,0,1,1
0.229708,0.472622,0.368,0,0,1,1
0.229708,0.472622,0.371,0,0,1,1
0.229708,0.472622,0.374,0,0,1,1
0.229708,0.472622,0.377,0,0,1,1
0.229708,0.472622,0.38,0,0,1,1
0.229708,0.472622,0.383,0,0,1,1
0.229708,0.472622,0.386,0,0,1,1
0.229708,0.472622,0.389,0,0,1,1
0.229708,0.472622,0.392,0,0,1,1
0.229708,0.472622,0.395,0,0,1,1
0.229708,0.472622,0.398,0,0,1,1
0.229708,0.472622,0.401,0,0,1,1
0.229708,0.472622,0.404,0,0,1,1
0.229708,0.472622,0.407,0,0,1,1
0.229708,0.472622,0.41,0,0,1,1
0.229708,0.472622,0.413,0,0,1,1
0.229708,0.472622,0.416,0,0,1,1
0.229708,0.472622,0.419,0,0,1,1
0.229708,0.472622,0.422,0,0,1,1
0.229708,0.472622,0.425,0,0,1,1
0.229708,0.472622,0.427999,0,0,1,1
0.229708,0.472622,0.430999,0,0,1,1
0.229708,0.472622,0.433999,0,0,1,1
0.229708,0.472622,0.436999,0,0,1,1
0.229708,0.472622,0.439999,0,0,1,1
0.232306,0.474122,0.26,0,0,1,1
0.232306,0.474122,0.263,0,0,1,1
0.232306,0.474122,0.266,0,0,1,1
0.232306,0.474122,0.269,0,0,1,1
0.232306,0.474122,0.272,0,0,1,1
0.232306,0.474122,0.275,0,0,1,1
0.232306,0.474122,0.278,0,0,1,1
0.232306,0.474122,0.281,0,0,1,1
0.232306,0.474122,0.284,0,0,1,1
0.232306,0.474122,0.287,0,0,1,1
0.232306,0.474122,0.29,0,0,1,1
0.232306,0.474122,0.293,0,0,1,1
0.232306,0.474122,0.296,0,0,1,1
0.232306,0.474122,0.299,0,0,1,1
0.232306,0.474122,0.302,0,0,1,1
0.232306,0.474122,0.305,0,0,1,1
0.232306,0.474122,0.308,0,0,1,1
0.232306,0.474122,0.311,0,0,1,1
0.232306,0.474122,0.314,0,0,1,1
0.232306,0.474122,0.317,0,0,1,1
0.232306,0.474122,0.32,0,0,1,1
0.232306,0.474122,0.323,0,0,1,1
0.232306,0.474122,0.326,0,0,1,1
0.232306,0.474122,0.329,0,0,1,1
0.232306,0.474122,0.332,0,0,1,1
0.232306,0.474122,0.335,0,0,1,1
0.232306,0.474122,0.338,0,0,1,1
0.232306,0.474122,0.341,0,0,1,1
0.232306,0.474122,0.344,0,0,1,1
0.232306,0.474122,0.347,0,0,1,1
0.232306,0.474122,0.35,0,0,1,1
0.232306,0.474122,0.353,0,0,1,1
0.232306,0.474122,0.356,0,0,1,1
0.232306,0.474122,0.359,0,0,1,1
0.232306,0.474122,0.362,0,0,1,1
0.232306,0.474122,0.365,0,0,1,1
0.232306,0.474122,0.368,0,0,1,1
0.232306,0.474122,0.371,0,0,1,1
0.232306,0.474122,0.374,0,0,1,1
0.232306,0.474122,0.377,0,0,1,1
0.232306,0.474122,0.38,0,0,1,1
0.232306,0.474122,0.383,0,0,1,1
0.232306,0.474122,0.386,0,0,1,1
0.232306,0.474122,0.389,0,0,1,1
0.232306,0.474122,0.392,0,0,1,1
0.232306,0.474122,0.395,0,0,1,1
0.232306,0.474122,0.398,0,0,1,1
0.232306,0.474122,0.401,0,0,1,1
0.232306,0.474122,0.404,0,0,1,1
0.232306,0.474122,0.407,0,0,1,1
0.232306,0.474122,0.41,0,0,1,1
0.232306,0.474122,0.413,0,0,1,1
0.232306,0.474122,0.416,0,0,1,1
0.232306,0.474122,0.419,0,0,1,1
0.232306,0.474122,0.422,0,0,1,1
0.232306,0.474122,0.425,0,0,1,1
0.232306,0.474122,0.427999,0,0,1,1
0.232306,0.474122,0.430999,0,0,1,1
0.232306,0.474122,0.433999,0,0,1,1
0.232306,0.474122,0.436999,0,0,1,1
0.232306,0.474122,0.439999,0,0,1,1
0.234904,0.475622,0.26,0,0,1,1
0.234904,0.475622,0.263,0,0,1,1
0.234904,0.475622,0.266,0,0,1,1
0.234904,0.475622,0.269,0,0,1,1
0.234904,0.475622,0.272,0,0,1,1
0.234904,0.475622,0.275,0,0,1,1
0.234904,0.475622,0.278,0,0,1,1
0.234904,0.475622,0.281,0,0,1,1
0.234904,0.475622,0.284,0,0,1,1
0.234904,0.475622,0.287,0,0,1,1
0.234904,0.475622,0.29,0,0,1,1
0.234904,0.475622,0.293,0,0,1,1
0.234904,0.475622,0.296,0,0,1,1
0.234904,0.475622,0.299,0,0,1,1
0.234904,0.475622,0.302,0,0,1,1
0.234904,0.475622,0.305,0,0,1,1
0.234904,0.475622,0.308,0,0,1,1
0.234904,0.475622,0.311,0,0,1,1
0.234904,0.475622,0.314,0,0,1,1
0.234904,0.475622,0.317,0,0,1,1
0.234904,0.475622,0.32,0,0,1,1
0.234904,0.475622,0.323,0,0,1,1
0.234904,0.475622,0.326,0,0,1,1
0.234904,0.475622,0.329,0,0,1,1
0.234904,0.475622,0.332,0,0,1,1
0.234904,0.475622,0.335,0,0,1,1
0.234904,0.475622,0.338,0,0,1,1
0.234904,0.475622,0.341,0,0,1,1
0.234904,0.475622,0.344,0,0,1,1
0.234904,0.475622,0.347,0,0,1,1
0.234904,0.475622,0.35,0,0,1,1
0.234904,0.475622,0.353,0,0,1,1
0.234904,0.475622,0.356,0,0,1,1
0.234904,0.475622,0.359,0,0,1,1
0.234904,0.475622,0.362,0,0,1,1
0.234904,0.475622,0.365,0,0,1,1
0.234904,0.475622,0.368,0,0,1,1
0.234904,0.475622,0.371,0,0,1,1
0.234904,0.475622,0.374,0,0,1,1
0.234904,0.475622,0.377,0,0,1,1
0.234904,0.475622,0.38,0,0,1,1
0.234904,0.475622,0.383,0,0,1,1
0.234904,0.475622,0.386,0,0,1,1
0.234904,0.475622,0.389,0,0,1,1
0.234904,0.475622,0.392,0,0,1,1
0.234904,0.475622,0.395,0,0,1,1
0.234904,0.475622,0.398,0,0,1,1
0.234904,0.475622,0.401,0,0,1,1
0.234904,0.475622,0.404,0,0,1,1
0.234904,0.475622,0.407,0,0,1,1
0.234904,0.475622,0.41,0,0,1,1
0.234904,0.475622,0.413,0,0,1,1
0.234904,0.475622,0.416,0,0,1,1
0.234904,0.475622,0.419,0,0,1,1
0.234904,0.475622,0.422,0,0,1,1
0.234904,0.475622,0.425,0,0,1,1
0.234904,0.475622,0.427999,0,0,1,1
0.234904,0.475622,0.430999,0,0,1,1
0.234904,0.475622,0.433999,0,0,1,1
0.234904,0.475622,0.436999,0,0,1,1
0.234904,0.475622,0.439999,0,0,1,1
0.237502,0.477122,0.26,0,0,1,1
0.237502,0.477122,0.263,0,0,1,1
0.237502,0.477122,0.266,0,0,1,1
0.237502,0.477122,0.269,0,0,1,1
0.237502,0.477122,0.272,0,0,1,1
0.237502,0.477122,0.275,0,0,1,1
0.237502,0.477122,0.278,0,0,1,1
0.237502,0.477122,0.281,0,0,1,1
0.237502,0.477122,0.284,0,0,1,1
0.237502,0.477122,0.287,0,0,1,1
0.237502,0.477122,0.29,0,0,1,1
0.237502,0.477122,0.293,0,0,1,1
0.237502,0.477122,0.296,0,0,1,1
0.237502,0.477122,0.299,0,0,1,1
0.237502,0.477122,0.302,0,0,1,1
0.237502,0.477122,0.305,0,0,1,1
0.237502,0.477122,0.308,0,0,1,1
0.237502,0.477122,0.311,0,0,1,1
0.237502,0.477122,0.314,0,0,1,1
0.237502,0.477122,0.317,0,0,1,1
0.237502,0.477122,0.32,0,0,1,1
0.237502,0.477122,0.323,0,0,1,1
0.237502,0.477122,0.326,0,0,1,1
0.237502,0.477122,0.329,0,0,1,1
0.237502,0.477122,0.332,0,0,1,1
0.237502,0.477122,0.335,0,0,1,1
0.237502,0.477122,0.338,0,0,1,1
0.237502,0.477122,0.341,0,0,1,1
0.237502,0.477122,0.344,0,0,1,1
0.237502,0.477122,0.347,0,0,1,1
0.237502,0.477122,0.35,0,0,1,1
0.237502,0.477122,0.353,0,0,1,1
0.237502,0.477122,0.356,0,0,1,1
0.237502,0.477122,0.359,0,0,1,1
0.237502,0.477122,0.362,0,0,1,1
0.237502,0.477122,0.365,0,0,1,1
0.237502,0.477122,0.368,0,0,1,1
0.237502,0.477122,0.371,0,0,1,1
0.237502,0.477122,0.374,0,0,1,1
0.237502,0.477122,0.377,0,0,1,1
0.237502,0.477122,0.38,0,0,1,1
0.237502,0.477122,0.383,0,0,1,1
0.237502,0.477122,0.386,0,0,1,1
0.237502,0.477122,0.389,0,0,1,1
0.237502,0.477122,0.392,0,0,1,1
0.237502,0.477122,0.395,0,0,1,1
0.237502,0.477122,0.398,0,0,1,1
0.237502,0.477122,0.401,0,0,1,1
0.237502,0.477122,0.404,0,0,1,1
0.237502,0.477122,0.407,0,0,1,1
0.237502,0.477122,0.41,0,0,1,1
0.237502,0.477122,0.413,0,0,1,1
0.237502,0.477122,0.416,0,0,1,1
0.237502,0.477122,0.419,0,0,1,1
0.237502,0.477122,0.422,0,0,1,1
0.237502,0.477122,0.425,0,0,1,1
0.237502,0.477122,0.427999,0,0,1,1
0.237502,0.477122,0.430999,0,0,1,1
0.237502,0.477122,0.433999,0,0,1,1
0.237502,0.477122,0.436999,0,0,1,1
0.237502,0.477122,0.439999,0,0,1,1
0.2401,0.478622,0.26,0,0,1,1
0.2401,0.478622,0.263,0,0,1,1
0.2401,0.478622,0.266,0,0,1,1
0.2401,0.478622,0.269,0,0,1,1
0.2401,0.478622,0.272,0,0,1,1
0.2401,0.478622,0.275,0,0,1,1
0.2401,0.478622,0.278,0,0,1,1
0.2401,0.478622,0.281,0,0,1,1
0.2401,0.478622,0.284,0,0,1,1
0.2401,0.478622,0.287,0,0,1,1
0.2401,0.478622,0.29,0,0,1,1
0.2401,0.478622,0.293,0,0,1,1
0.2401,0.478622,0.296,0,0,1,1
0.2401,0.478622,0.299,0,0,1,1
0.2401,0.478622,0.302,0,0,1,1
0.2401,0.478622,0.305,0,0,1,1
0.2401,0.478622,0.308,0,0,1,1
0.2401,0.478622,0.311,0,0,1,1
0.2401,0.478622,0.314,0,0,1,1
0.2401,0.478622,0.317,0,0,1,1
0.2401,0.478622,0.32,0,0,1,1
0.2401,0.478622,0.323,0,0,1,1
0.2401,0.478622,0.326,0,0,1,1
0.2401,0.478622,0.329,0,0,1,1
0.2401,0.478622,0.332,0,0,1,1
0.2401,0.478622,0.335,0,0,1,1
0.2401,0.478622,0.338,0,0,1,1
0.2401,0.478622,0.341,0,0,1,1
0.2401,0.478622,0.344,0,0,1,1
0.2401,0.478622,0.347,0,0,1,1
0.2401,0.478622,0.35,0,0,1,1
0.2401,0.478622,0.353,0,0,1,1
0.2401,0.478622,0.356,0,0,1,1
0.2401,0.478622,0.359,0,0,1,1
0.2401,0.478622,0.362,0,0,1,1
0.2401,0.478622,0.365,0,0,1,1
0.2401,0.478622,0.368,0,0,1,1
0.2401,0.478622,0.371,0,0,1,1
0.2401,0.478622,0.374,0,0,1,1
0.2401,0.478622,0.377,0,0,1,1
0.2401,0.478622,0.38,0,0,1,1
0.2401,0.478622,0.383,0,0,1,1
0.2401,0.478622,0.386,0,0,1,1
0.2401,0.478622,0.389,0,0,1,1
0.2401,0.478622,0.392,0,0,1,1
0.2401,0.478622,0.395,0,0,1,1
0.2401,0.478622,0.398,0,0,1,1
0.2401,0.478622,0.401,0,0,1,1
0.2401,0.478622,0.404,0,0,1,1
0.2401,0.478622,0.407,0,0,1,1
0.2401,0.478622,0.41,0,0,1,1
0.2401,0.478622,0.413,0,0,1,1
0.2401,0.478622,0.416,0,0,1,1
0.2401,0.478622,0.419,0,0,1,1
0.2401,0.478622,0.422,0,0,1,1
0.2401,0.478622,0.425,0,0,1,1
0.2401,0.478622,0.427999,0,0,1,1
0.2401,0.478622,0.430999,0,0,1,1
0.2401,0.478622,0.433999,0,0,1,1
0.2401,0.478622,0.436999,0,0,1,1
0.2401,0.478622,0.439999,0,0,1,1
0.242698,0.480122,0.26,0,0,1,1
0.242698,0.480122,0.263,0,0,1,1
0.242698,0.480122,0.266,0,0,1,1
0.242698,0.480122,0.269,0,0,1,1
0.242698,0.480122,0.272,0,0,1,1
0.242698,0.480122,0.275,0,0,1,1
0.242698,0.480122,0.278,0,0,1,1
0.242698,0.480122,0.281,0,0,1,1
0.242698,0.480122,0.284,0,0,1,1
0.242698,0.480122,0.287,0,0,1,1
0.242698,0.480122,0.29,0,0,1,1
0.242698,0.480122,0.293,0,0,1,1
0.242698,0.480122,0.296,0,0,1,1
0.242698,0.480122,0.299,0,0,1,1
0.242698,0.480122,0.302,0,0,1,1
0.242698,0.480122,0.305,0,0,1,1
0.242698,0.480122,0.308,0,0,1,1
0.242698,0.480122,0.311,0,0,1,1
0.242698,0.480122,0.314,0,0,1,1
0.242698,0.480122,0.317,0,0,1,1
0.242698,0.480122,0.32,0,0,1,1
0.242698,0.480122,0.323,0,0,1,1
0.242698,0.480122,0.326,0,0,1,1
0.242698,0.480122,0.329,0,0,1,1
0.242698,0.480122,0.332,0,0,1,1
0.242698,0.480122,0.335,0,0,1,1
0.242698,0.480122,0.338,0,0,1,1
0.242698,0.480122,0.341,0,0,1,1
0.242698,0.480122,0.344,0,0,1,1
0.242698,0.480122,0.347,0,0,1,1
0.242698,0.480122,0.35,0,0,1,1
0.242698,0.480122,0.353,0,0,1,1
0.242698,0.480122,0.356,0,0,1,1
0.242698,0.480122,0.359,0,0,1,1
0.242698,0.480122,0.362,0,0,1,1
0.242698,0.480122,0.365,0,0,1,1
0.242698,0.480122,0.368,0,0,1,1
0.242698,0.480122,0.371,0,0,1,1
0.242698,0.480122,0.374,0,0,1,1
0.242698,0.480122,0.377,0,0,1,1
0.242698,0.480122,0.38,0,0,1,1
0.242698,0.480122,0.383,0,0,1,1
0.242698,0.480122,0.386,0,0,1,1
0.242698,0.480122,0.389,0,0,1,1
0.242698,0.480122,0.392,0,0,1,1
0.242698,0.480122,0.395,0,0,1,1
0.242698,0.480122,0.398,0,0,1,1
0.242698,0.480122,0.401,0,0,1,1
0.242698,0.480122,0.404,0,0,1,1
0.242698,0.480122,0.407,0,0,1,1
0.242698,0.480122,0.41,0,0,1,1
0.242698,0.480122,0.413,0,0,1,1
0.242698,0.480122,0.416,0,0,1,1
0.242698,0.480122,0.419,0,0,1,1
0.242698,0.480122,0.422,0,0,1,1
0.242698,0.480122,0.425,0,0,1,1
0.242698,0.480122,0.427999,0,0,1,1
0.242698,0.480122,0.430999,0,0,1,1
0.242698,0.480122,0.433999,0,0,1,1
0.242698,0.480122,0.436999,0,0,1,1
0.242698,0.480122,0.439999,0,0,1,1
0.245296,0.481622,0.26,0,0,1,1
0.245296,0.481622,0.263,0,0,1,1
0.245296,0.481622,0.266,0,0,1,1
0.245296,0.481622,0.269,0,0,1,1
0.245296,0.481622,0.272,0,0,1,1
0.245296,0.481622,0.275,0,0,1,1
0.245296,0.481622,0.278,0,0,1,1
0.245296,0.481622,0.281,0,0,1,1
0.245296,0.481622,0.284,0,0,1,1
0.245296,0.481622,0.287,0,0,1,1
0.245296,0.481622,0.29,0,0,1,1
0.245296,0.481622,0.293,0,0,1,1
0.245296,0.481622,0.296,0,0,1,1
0.245296,0.481622,0.299,0,0,1,1
0.245296,0.481622,0.302,0,0,1,1
0.245296,0.481622,0.305,0,0,1,1
0.245296,0.481622,0.308,0,0,1,1
0.245296,0.481622,0.311,0,0,1,1
0.245296,0.481622,0.314,0,0,1,1
0.245296,0.481622,0.317,0,0,1,1
0.245296,0.481622,0.32,0,0,1,1
0.245296,0.481622,0.323,0,0,1,1
0.245296,0.481622,0.326,0,0,1,1
0.245296,0.481622,0.329,0,0,1,1
0.245296,0.481622,0.332,0,0,1,1
0.245296,0.481622,0.335,0,0,1,1
0.245296,0.481622,0.338,0,0,1,1
0.245296,0.481622,0.341,0,0,1,1
0.245296,0.481622,0.344,0,0,1,1
0.245296,0.481622,0.347,0,0,1,1
0.245296,0.481622,0.35,0,0,1,1
0.245296,0.481622,0.353,0,0,1,1
0.245296,0.481622,0.356,0,0,1,1
0.245296,0.481622,0.359,0,0,1,1
0.245296,0.481622,0.362,0,0,1,1
0.245296,0.481622,0.365,0,0,1,1
0.245296,0.481622,0.368,0,0,1,1
0.245296,0.481622,0.371,0,0,1,1
0.245296,0.481622,0.374,0,0,1,1
0.245296,0.481622,0.377,0,0,1,1
0.245296,0.481622,0.38,0,0,1,1
0.245296,0.481622,0.383,0,0,1,1
0.245296,0.481622,0.386,0,0,1,1
0.245296,0.481622,0.389,0,0,1,1
0.245296,0.481622,0.392,0,0,1,1
0.245296,0.481622,0.395,0,0,1,1
0.245296,0.481622,0.398,0,0,1,1
0.245296,0.481622,0.401,0,0,1,1
0.245296,0.481622,0.404,0,0,1,1
0.245296,0.481622,0.407,0,0,1,1
0.245296,0.481622,0.41,0,0,1,1
0.245296,0.481622,0.413,0,0,1,1
0.245296,0.481622,0.416,0,0,1,1
0.245296,0.481622,0.419,0,0,1,1
0.245296,0.481622,0.422,0,0,1,1
0.245296,0.481622,0.425,0,0,1,1
0.245296,0.481622,0.427999,0,0,1,1
0.245296,0.481622,0.430999,0,0,1,1
0.245296,0.481622,0.433999,0,0,1,1
0.245296,0.481622,0.436999,0,0,1,1
0.245296,0.481622,0.439999,0,0,1,1
0.247894,0.483122,0.26,0,0,1,1
0.247894,0.483122,0.263,0,0,1,1
0.247894,0.483122,0.266,0,0,1,1
0.247894,0.483122,0.269,0,0,1,1
0.247894,0.483122,0.272,0,0,1,1
0.247894,0.483122,0.275,0,0,1,1
0.247894,0.483122,0.278,0,0,1,1
0.247894,0.483122,0.281,0,0,1,1
0.247894,0.483122,0.284,0,0,1,1
0.247894,0.483122,0.287,0,0,1,1
0.247894,0.483122,0.29,0,0,1,1
0.247894,0.483122,0.293,0,0,1,1
0.247894,0.483122,0.296,0,0,1,1
0.247894,0.483122,0.299,0,0,1,1
0.247894,0.483122,0.302,0,0,1,1
0.247894,0.483122,0.305,0,0,1,1
0.247894,0.483122,0.308,0,0,1,1
0.247894,0.483122,0.311,0,0,1,1
0.247894,0.483122,0.314,0,0,1,1
0.247894,0.483122,0.317,0,0,1,1
0.247894,0.483122,0.32,0,0,1,1
0.247894,0.483122,0.323,0,0,1,1
0.247894,0.483122,0.326,0,0,1,1
0.247894,0.483122,0.329,0,0,1,1
0.247894,0.483122,0.332,0,0,1,1
0.247894,0.483122,0.335,0,0,1,1
0.247894,0.483122,0.338,0,0,1,1
0.247894,0.483122,0.341,0,0,1,1
0.247894,0.483122,0.344,0,0,1,1
0.247894,0.483122,0.347,0,0,1,1
0.247894,0.483122,0.35,0,0,1,1
0.247894,0.483122,0.353,0,0,1,1
0.247894,0.483122,0.356,0,0,1,1
0.247894,0.483122,0.359,0,0,1,1
0.247894,0.483122,0.362,0,0,1,1
0.247894,0.483122,0.365,0,0,1,1
0.247894,0.483122,0.368,0,0,1,1
0.247894,0.483122,0.371,0,0,1,1
0.247894,0.483122,0.374,0,0,1,1
0.247894,0.483122,0.377,0,0,1,1
0.247894,0.483122,0.38,0,0,1,1
0.247894,0.483122,0.383,0,0,1,1
0.247894,0.483122,0.386,0,0,1,1
0.247894,0.483122,0.389,0,0,1,1
0.247894,0.483122,0.392,0,0,1,1
0.247894,0.483122,0.395,0,0,1,1
0.247894,0.483122,0.398,0,0,1,1
0.247894,0.483122,0.401,0,0,1,1
0.247894,0.483122,0.404,0,0,1,1
0.247894,0.483122,0.407,0,0,1,1
0.247894,0.483122,0.41,0,0,1,1
0.247894,0.483122,0.413,0,0,1,1
0.247894,0.483122,0.416,0,0,1,1
0.247894,0.483122,0.419,0,0,1,1
0.247894,0.483122,0.422,0,0,1,1
0.247894,0.483122,0.425,0,0,1,1
0.247894,0.483122,0.427999,0,0,1,1
0.247894,0.483122,0.430999,0,0,1,1
0.247894,0.483122,0.433999,0,0,1,1
0.247894,0.483122,0.436999,0,0,1,1
0.247894,0.483122,0.439999,0,0,1,1
0.250492,0.484622,0.26,0,0,1,1
0.250492,0.484622,0.263,0,0,1,1
0.250492,0.484622,0.266,0,0,1,1
0.250492,0.484622,0.269,0,0,1,1
0.250492,0.484622,0.272,0,0,1,1
0.250492,0.484622,0.275,0,0,1,1
0.250492,0.484622,0.278,0,0,1,1
0.250492,0.484622,0.281,0,0,1,1
0.250492,0.484622,0.284,0,0,1,1
0.250492,0.484622,0.287,0,0,1,1
0.250492,0.484622,0.29,0,0,1,1
0.250492,0.484622,0.293,0,0,1,1
0.250492,0.484622,0.296,0,0,1,1
0.250492,0.484622,0.299,0,0,1,1
0.250492,0.484622,0.302,0,0,1,1
0.250492,0.484622,0.305,0,0,1,1
0.250492,0.484622,0.308,0,0,1,1
0.250492,0.484622,0.311,0,0,1,1
0.250492,0.484622,0.314,0,0,1,1
0.250492,0.484622,0.317,0,0,1,1
0.250492,0.484622,0.32,0,0,1,1
0.250492,0.484622,0.323,0,0,1,1
0.250492,0.484622,0.326,0,0,1,1
0.250492,0.484622,0.329,0,0,1,1
0.250492,0.484622,0.332,0,0,1,1
0.250492,0.484622,0.335,0,0,1,1
0.250492,0.484622,0.338,0,0,1,1
0.250492,0.484622,0.341,0,0,1,1
0.250492,0.484622,0.344,0,0,1,1
0.250492,0.484622,0.347,0,0,1,1
0.250492,0.484622,0.35,0,0,1,1
0.250492,0.484622,0.353,0,0,1,1
0.250492,0.484622,0.356,0,0,1,1
0.250492,0.484622,0.359,0,0,1,1
0.250492,0.484622,0.362,0,0,1,1
0.250492,0.484622,0.365,0,0,1,1
0.250492,0.484622,0.368,0,0,1,1
0.250492,0.484622,0.371,0,0,1,1
0.250492,0.484622,0.374,0,0,1,1
0.250492,0.484622,0.377,0,0,1,1
0.250492,0.484622,0.38,0,0,1,1
0.250492,0.484622,0.383,0,0,1,1
0.250492,0.484622,0.386,0,0,1,1
0.250492,0.484622,0.389,0,0,1,1
0.250492,0.484622,0.392,0,0,1,1
0.250492,0.484622,0.395,0,0,1,1
0.250492,0.484622,0.398,0,0,1,1
0.250492,0.484622,0.401,0,0,1,1
0.250492,0.484622,0.404,0,0,1,1
0.250492,0.484622,0.407,0,0,1,1
0.250492,0.484622,0.41,0,0,1,1
0.250492,0.484622,0.413,0,0,1,1
0.250492,0.484622,0.416,0,0,1,1
0.250492,0.484622,0.419,0,0,1,1
0.250492,0.484622,0.422,0,0,1,1
0.250492,0.484622,0.425,0,0,1,1
0.250492,0.484622,0.427999,0,0,1,1
0.250492,0.484622,0.430999,0,0,1,1
0.250492,0.484622,0.433999,0,0,1,1
0.250492,0.484622,0.436999,0,0,1,1
0.250492,0.484622,0.439999,0,0,1,1
0.25309,0.486122,0.26,0,0,1,1
0.25309,0.486122,0.263,0,0,1,1
0.25309,0.486122,0.266,0,0,1,1
0.25309,0.486122,0.269,0,0,1,1
0.25309,0.486122,0.272,0,0,1,1
0.25309,0.486122,0.275,0,0,1,1
0.25309,0.486122,0.278,0,0,1,1
0.25309,0.486122,0.281,0,0,1,1
0.25309,0.486122,0.284,0,0,1,1
0.25309,0.486122,0.287,0,0,1,1
0.25309,0.486122,0.29,0,0,1,1
0.25309,0.486122,0.293,0,0,1,1
0.25309,0.486122,0.296,0,0,1,1
0.25309,0.486122,0.299,0,0,1,1
0.25309,0.486122,0.302,0,0,1,1
0.25309,0.486122,0.305,0,0,1,1
0.25309,0.486122,0.308,0,0,1,1
0.25309,0.486122,0.311,0,0,1,1
0.25309,0.486122,0.314,0,0,1,1
0.25309,0.486122,0.317,0,0,1,1
0.25309,0.486122,0.32,0,0,1,1
0.25309,0.486122,0.323,0,0,1,1
0.25309,0.486122,0.326,0,0,1,1
0.25309,0.486122,0.329,0,0,1,1
0.25309,0.486122,0.332,0,0,1,1
0.25309,0.486122,0.335,0,0,1,1
0.25309,0.486122,0.338,0,0,1,1
0.25309,0.486122,0.341,0,0,1,1
0.25309,0.486122,0.344,0,0,1,1
0.25309,0.486122,0.347,0,0,1,1
0.25309,0.486122,0.35,0,0,1,1
0.25309,0.486122,0.353,0,0,1,1
0.25309,0.486122,0.356,0,0,1,1
0.25309,0.486122,0.359,0,0,1,1
0.25309,0.486122,0.362,0,0,1,1
0.25309,0.486122,0.365,0,0,1,1
0.25309,0.486122,0.368,0,0,1,1
0.25309,0.486122,0.371,0,0,1,1
0.25309,0.486122,0.374,0,0,1,1
0.25309,0.486122,0.377,0,0,1,1
0.25309,0.486122,0.38,0,0,1,1
0.25309,0.486122,0.383,0,0,1,1
0.25309,0.486122,0.386,0,0,1,1
0.25309,0.486122,0.389,0,0,1,1
0.25309,0.486122,0.392,0,0,1,1
0.25309,0.486122,0.395,0,0,1,1
0.25309,0.486122,0.398,0,0,1,1
0.25309,0.486122,0.401,0,0,1,1
0.25309,0.486122,0.404,0,0,1,1
0.25309,0.486122,0.407,0,0,1,1
0.25309,0.486122,0.41,0,0,1,1
0.25309,0.486122,0.413,0,0,1,1
0.25309,0.486122,0.416,0,0,1,1
0.25309,0.486122,0.419,0,0,1,1
0.25309,0.486122,0.422,0,0,1,1
0.25309,0.486122,0.425,0,0,1,1
0.25309,0.486122,0.427999,0,0,1,1
0.25309,0.486122,0.430999,0,0,1,1
0.25309,0.486122,0.433999,0,0,1,1
0.25309,0.486122,0.436999,0,0,1,1
0.25309,0.486122,0.439999,0,0,1,1
0.255688,0.487622,0.26,0,0,1,1
0.255688,0.487622,0.263,0,0,1,1
0.255688,0.487622,0.266,0,0,1,1
0.255688,0.487622,0.269,0,0,1,1
0.255688,0.487622,0.272,0,0,1,1
0.255688,0.487622,0.275,0,0,1,1
0.255688,0.487622,0.278,0,0,1,1
0.255688,0.487622,0.281,0,0,1,1
0.255688,0.487622,0.284,0,0,1,1
0.255688,0.487622,0.287,0,0,1,1
0.255688,0.487622,0.29,0,0,1,1
0.255688,0.487622,0.293,0,0,1,1
0.255688,0.487622,0.296,0,0,1,1
0.255688,0.487622,0.299,0,0,1,1
0.255688,0.487622,0.302,0,0,1,1
0.255688,0.487622,0.305,0,0,1,1
0.255688,0.487622,0.308,0,0,1,1
0.255688,0.487622,0.311,0,0,1,1
0.255688,0.487622,0.314,0,0,1,1
0.255688,0.487622,0.317,0,0,1,1
0.255688,0.487622,0.32,0,0,1,1
0.255688,0.487622,0.323,0,0,1,1
0.255688,0.487622,0.326,0,0,1,1
0.255688,0.487622,0.329,0,0,1,1
0.255688,0.487622,0.332,0,0,1,1
0.255688,0.487622,0.335,0,0,1,1
0.255688,0.487622,0.338,0,0,1,1
0.255688,0.487622,0.341,0,0,1,1
0.255688,0.487622,0.344,0,0,1,1
0.255688,0.487622,0.347,0,0,1,1
0.255688,0.487622,0.35,0,0,1,1
0.255688,0.487622,0.353,0,0,1,1
0.255688,0.487622,0.356,0,0,1,1
0.255688,0.487622,0.359,0,0,1,1
0.255688,0.487622,0.362,0,0,1,1
0.255688,0.487622,0.365,0,0,1,1
0.255688,0.487622,0.368,0,0,1,1
0.255688,0.487622,0.371,0,0,1,1
0.255688,0.487622,0.374,0,0,1,1
0.255688,0.487622,0.377,0,0,1,1
0.255688,0.487622,0.38,0,0,1,1
0.255688,0.487622,0.383,0,0,1,1
0.255688,0.487622,0.386,0,0,1,1
0.255688,0.487622,0.389,0,0,1,1
0.255688,0.487622,0.392,0,0,1,1
0.255688,0.487622,0.395,0,0,1,1
0.255688,0.487622,0.398,0,0,1,1
0.255688,0.487622,0.401,0,0,1,1
0.255688,0.487622,0.404,0,0,1,1
0.255688,0.487622,0.407,0,0,1,1
0.255688,0.487622,0.41,0,0,1,1
0.255688,0.487622,0.413,0,0,1,1
0.255688,0.487622,0.416,0,0,1,1
0.255688,0.487622,0.419,0,0,1,1
0.255688,0.487622,0.422,0,0,1,1
0.255688,0.487622,0.425,0,0,1,1
0.255688,0.487622,0.427999,0,0,1,1
0.255688,0.487622,0.430999,0,0,1,1
0.255688,0.487622,0.433999,0,0,1,1
0.255688,0.487622,0.436999,0,0,1,1
0.255688,0.487622,0.439999,0,0,1,1
0.258287,0.489122,0.26,0,0,1,1
0.258287,0.489122,0.263,0,0,1,1
0.258287,0.489122,0.266,0,0,1,1
0.258287,0.489122,0.269,0,0,1,1
0.258287,0.489122,0.272,0,0,1,1
0.258287,0.489122,0.275,0,0,1,1
0.258287,0.489122,0.278,0,0,1,1
0.258287,0.489122,0.281,0,0,1,1
0.258287,0.489122,0.284,0,0,1,1
0.258287,0.489122,0.287,0,0,1,1
0.258287,0.489122,0.29,0,0,1,1
0.258287,0.489122,0.293,0,0,1,1
0.258287,0.489122,0.296,0,0,1,1
0.258287,0.489122,0.299,0,0,1,1
0.258287,0.489122,0.302,0,0,1,1
0.258287,0.489122,0.305,0,0,1,1
0.258287,0.489122,0.308,0,0,1,1
0.258287,0.489122,0.311,0,0,1,1
0.258287,0.489122,0.314,0,0,1,1
0.258287,0.489122,0.317,0,0,1,1
0.258287,0.489122,0.32,0,0,1,1
0.258287,0.489122,0.323,0,0,1,1
0.258287,0.489122,0.326,0,0,1,1
0.258287,0.489122,0.329,0,0,1,1
0.258287,0.489122,0.332,0,0,1,1
0.258287,0.489122,0.335,0,0,1,1
0.258287,0.489122,0.338,0,0,1,1
0.258287,0.489122,0.341,0,0,1,1
0.258287,0.489122,0.344,0,0,1,1
0.258287,0.489122,0.347,0,0,1,1
0.258287,0.489122,0.35,0,0,1,1
0.258287,0.489122,0.353,0,0,1,1
0.258287,0.489122,0.356,0,0,1,1
0.258287,0.489122,0.359,0,0,1,1
0.258287,0.489122,0.362,0,0,1,1
0.258287,0.489122,0.365,0,0,1,1
0.258287,0.489122,0.368,0,0,1,1
0.258287,0.489122,0.371,0,0,1,1
0.258287,0.489122,0.374,0,0,1,1
0.258287,0.489122,0.377,0,0,1,1
0.258287,0.489122,0.38,0,0,1,1
0.258287,0.489122,0.383,0,0,1,1
0.258287,0.489122,0.386,0,0,1,1
0.258287,0.489122,0.389,0,0,1,1
0.258287,0.489122,0.392,0,0,1,1
0.258287,0.489122,0.395,0,0,1,1
0.258287,0.489122,0.398,0,0,1,1
0.258287,0.489122,0.401,0,0,1,1
0.258287,0.489122,0.404,0,0,1,1
0.258287,0.489122,0.407,0,0,1,1
0.258287,0.489122,0.41,0,0,1,1
0.258287,0.489122,0.413,0,0,1,1
0.258287,0.489122,0.416,0,0,1,1
0.258287,0.489122,0.419,0,0,1,1
0.258287,0.489122,0.422,0,0,1,1
0.258287,0.489122,0.425,0,0,1,1
0.258287,0.489122,0.427999,0,0,1,1
0.258287,0.489122,0.430999,0,0,1,1
0.258287,0.489122,0.433999,0,0,1,1
0.258287,0.489122,0.436999,0,0,1,1
0.258287,0.489122,0.439999,0,0,1,1
0.260885,0.490622,0.26,0,0,1,1
0.260885,0.490622,0.263,0,0,1,1
0.260885,0.490622,0.266,0,0,1,1
0.260885,0.490622,0.269,0,0,1,1
0.260885,0.490622,0.272,0,0,1,1
0.260885,0.490622,0.275,0,0,1,1
0.260885,0.490622,0.278,0,0,1,1
0.260885,0.490622,0.281,0,0,1,1
0.260885,0.490622,0.284,0,0,1,1
0.260885,0.490622,0.287,0,0,1,1
0.260885,0.490622,0.29,0,0,1,1
0.260885,0.490622,0.293,0,0,1,1
0.260885,0.490622,0.296,0,0,1,1
0.260885,0.490622,0.299,0,0,1,1
0.260885,0.490622,0.302,0,0,1,1
0.260885,0.490622,0.305,0,0,1,1
0.260885,0.490622,0.308,0,0,1,1
0.260885,0.490622,0.311,0,0,1,1
0.260885,0.490622,0.314,0,0,1,1
0.260885,0.490622,0.317,0,0,1,1
0.260885,0.490622,0.32,0,0,1,1
0.260885,0.490622,0.323,0,0,1,1
0.260885,0.490622,0.326,0,0,1,1
0.260885,0.490622,0.329,0,0,1,1
0.260885,0.490622,0.332,0,0,1,1
0.260885,0.490622,0.335,0,0,1,1
0.260885,0.490622,0.338,0,0,1,1
0.260885,0.490622,0.341,0,0,1,1
0.260885,0.490622,0.344,0,0,1,1
0.260885,0.490622,0.347,0,0,1,1
0.260885,0.490622,0.35,0,0,1,1
0.260885,0.490622,0.353,0,0,1,1
0.260885,0.490622,0.356,0,0,1,1
0.260885,0.490622,0.359,0,0,1,1
0.260885,0.490622,0.362,0,0,1,1
0.260885,0.490622,0.365,0,0,1,1
0.260885,0.490622,0.368,0,0,1,1
0.260885,0.490622,0.371,0,0,1,1
0.260885,0.490622,0.374,0,0,1,1
0.260885,0.490622,0.377,0,0,1,1
0.260885,0.490622,0.38,0,0,1,1
0.260885,0.490622,0.383,0,0,1,1
0.260885,0.490622,0.386,0,0,1,1
0.260885,0.490622,0.389,0,0,1,1
0.260885,0.490622,0.392,0,0,1,1
0.260885,0.490622,0.395,0,0,1,1
0.260885,0.490622,0.398,0,0,1,1
0.260885,0.490622,0.401,0,0,1,1
0.260885,0.490622,0.404,0,0,1,1
0.260885,0.490622,0.407,0,0,1,1
0.260885,0.490622,0.41,0,0,1,1
0.260885,0.490622,0.413,0,0,1,1
0.260885,0.490622,0.416,0,0,1,1
0.260885,0.490622,0.419,0,0,1,1
0.260885,0.490622,0.422,0,0,1,1
0.260885,0.490622,0.425,0,0,1,1
0.260885,0.490622,0.427999,0,0,1,1
0.260885,0.490622,0.430999,0,0,1,1
0.260885,0.490622,0.433999,0,0,1,1
0.260885,0.490622,0.436999,0,0,1,1
0.260885,0.490622,0.439999,0,0,1,1
0.263483,0.492122,0.26,0,0,1,1
0.263483,0.492122,0.263,0,0,1,1
0.263483,0.492122,0.266,0,0,1,1
0.263483,0.492122,0.269,0,0,1,1
0.263483,0.492122,0.272,0,0,1,1
0.263483,0.492122,0.275,0,0,1,1
0.263483,0.492122,0.278,0,0,1,1
0.263483,0.492122,0.281,0,0,1,1
0.263483,0.492122,0.284,0,0,1,1
0.263483,0.492122,0.287,0,0,1,1
0.263483,0.492122,0.29,0,0,1,1
0.263483,0.492122,0.293,0,0,1,1
0.263483,0.492122,0.296,0,0,1,1
0.263483,0.492122,0.299,0,0,1,1
0.263483,0.492122,0.302,0,0,1,1
0.263483,0.492122,0.305,0,0,1,1
0.263483,0.492122,0.308,0,0,1,1
0.263483,0.492122,0.311,0,0,1,1
0.263483,0.492122,0.314,0,0,1,1
0.263483,0.492122,0.317,0,0,1,1
0.263483,0.492122,0.32,0,0,1,1
0.263483,0.492122,0.323,0,0,1,1
0.263483,0.492122,0.326,0,0,1,1
0.263483,0.492122,0.329,0,0,1,1
0.263483,0.492122,0.332,0,0,1,1
0.263483,0.492122,0.335,0,0,1,1
0.263483,0.492122,0.338,0,0,1,1
0.263483,0.492122,0.341,0,0,1,1
0.263483,0.492122,0.344,0,0,1,1
0.263483,0.492122,0.347,0,0,1,1
0.263483,0.492122,0.35,0,0,1,1
0.263483,0.492122,0.353,0,0,1,1
0.263483,0.492122,0.356,0,0,1,1
0.263483,0.492122,0.359,0,0,1,1
0.263483,0.492122,0.362,0,0,1,1
0.263483,0.492122,0.365,0,0,1,1
0.263483,0.492122,0.368,0,0,1,1
0.263483,0.492122,0.371,0,0,1,1
0.263483,0.492122,0.374,0,0,1,1
0.263483,0.492122,0.377,0,0,1,1
0.263483,0.492122,0.38,0,0,1,1
0.263483,0.492122,0.383,0,0,1,1
0.263483,0.492122,0.386,0,0,1,1
0.263483,0.492122,0.389,0,0,1,1
0.263483,0.492122,0.392,0,0,1,1
0.263483,0.492122,0.395,0,0,1,1
0.263483,0.492122,0.398,0,0,1,1
0.263483,0.492122,0.401,0,0,1,1
0.263483,0.492122,0.404,0,0,1,1
0.263483,0.492122,0.407,0,0,1,1
0.263483,0.492122,0.41,0,0,1,1
0.263483,0.492122,0.413,0,0,1,1
0.263483,0.492122,0.416,0,0,1,1
0.263483,0.492122,0.419,0,0,1,1
0.263483,0.492122,0.422,0,0,1,1
0.263483,0.492122,0.425,0,0,1,1
0.263483,0.492122,0.427999,0,0,1,1
0.263483,0.492122,0.430999,0,0,1,1
0.263483,0.492122,0.433999,0,0,1,1
0.263483,0.492122,0.436999,0,0,1,1
0.263483,0.492122,0.439999,0,0,1,1
0.266081,0.493622,0.26,0,0,1,1
0.266081,0.493622,0.263,0,0,1,1
0.266081,0.493622,0.266,0,0,1,1
0.266081,0.493622,0.269,0,0,1,1
0.266081,0.493622,0.272,0,0,1,1
0.266081,0.493622,0.275,0,0,1,1
0.266081,0.493622,0.278,0,0,1,1
0.266081,0.493622,0.281,0,0,1,1
0.266081,0.493622,0.284,0,0,1,1
0.266081,0.493622,0.287,0,0,1,1
0.266081,0.493622,0.29,0,0,1,1
0.266081,0.493622,0.293,0,0,1,1
0.266081,0.493622,0.296,0,0,1,1
0.266081,0.493622,0.299,0,0,1,1
0.266081,0.493622,0.302,0,0,1,1
0.266081,0.493622,0.305,0,0,1,1
0.266081,0.493622,0.308,0,0,1,1
0.266081,0.493622,0.311,0,0,1,1
0.266081,0.493622,0.314,0,0,1,1
0.266081,0.493622,0.317,0,0,1,1
0.266081,0.493622,0.32,0,0,1,1
0.266081,0.493622,0.323,0,0,1,1
0.266081,0.493622,0.326,0,0,1,1
0.266081,0.493622,0.329,0,0,1,1
0.266081,0.493622,0.332,0,0,1,1
0.266081,0.493622,0.335,0,0,1,1
0.266081,0.493622,0.338,0,0,1,1
0.266081,0.493622,0.341,0,0,1,1
0.266081,0.493622,0.344,0,0,1,1
0.266081,0.493622,0.347,0,0,1,1
0.266081,0.493622,0.35,0,0,1,1
0.266081,0.493622,0.353,0,0,1,1
0.266081,0.493622,0.356,0,0,1,1
0.266081,0.493622,0.359,0,0,1,1
0.266081,0.493622,0.362,0,0,1,1
0.266081,0.493622,0.365,0,0,1,1
0.266081,0.493622,0.368,0,0,1,1
0.266081,0.493622,0.371,0,0,1,1
0.266081,0.493622,0.374,0,0,1,1
0.266081,0.493622,0.377,0,0,1,1
0.266081,0.493622,0.38,0,0,1,1
0.266081,0.493622,0.383,0,0,1,1
0.266081,0.493622,0.386,0,0,1,1
0.266081,0.493622,0.389,0,0,1,1
0.266081,0.493622,0.392,0,0,1,1
0.266081,0.493622,0.395,0,0,1,1
0.266081,0.493622,0.398,0,0,1,1
0.266081,0.493622,0.401,0,0,1,1
0.266081,0.493622,0.404,0,0,1,1
0.266081,0.493622,0.407,0,0,1,1
0.266081,0.493622,0.41,0,0,1,1
0.266081,0.493622,0.413,0,0,1,1
0.266081,0.493622,0.416,0,0,1,1
0.266081,0.493622,0.419,0,0,1,1
0.266081,0.493622,0.422,0,0,1,1
0.266081,0.493622,0.425,0,0,1,1
0.266081,0.493622,0.427999,0,0,1,1
0.266081,0.493622,0.430999,0,0,1,1
0.266081,0.493622,0.433999,0,0,1,1
0.266081,0.493622,0.436999,0,0,1,1
0.266081,0.493622,0.439999,0,0,1,1
0.268679,0.495122,0.26,0,0,1,1
0.268679,0.495122,0.263,0,0,1,1
0.268679,0.495122,0.266,0,0,1,1
0.268679,0.495122,0.269,0,0,1,1
0.268679,0.495122,0.272,0,0,1,1
0.268679,0.495122,0.275,0,0,1,1
0.268679,0.495122,0.278,0,0,1,1
0.268679,0.495122,0.281,0,0,1,1
0.268679,0.495122,0.284,0,0,1,1
0.268679,0.495122,0.287,0,0,1,1
0.268679,0.495122,0.29,0,0,1,1
0.268679,0.495122,0.293,0,0,1,1
0.268679,0.495122,0.296,0,0,1,1
0.268679,0.495122,0.299,0,0,1,1
0.268679,0.495122,0.302,0,0,1,1
0.268679,0.495122,0.305,0,0,1,1
0.268679,0.495122,0.308,0,0,1,1
0.268679,0.495122,0.311,0,0,1,1
0.268679,0.495122,0.314,0,0,1,1
0.268679,0.495122,0.317,0,0,1,1
0.268679,0.495122,0.32,0,0,1,1
0.268679,0.495122,0.323,0,0,1,1
0.268679,0.495122,0.326,0,0,1,1
0.268679,0.495122,0.329,0,0,1,1
0.268679,0.495122,0.332,0,0,1,1
0.268679,0.495122,0.335,0,0,1,1
0.268679,0.495122,0.338,0,0,1,1
0.268679,0.495122,0.341,0,0,1,1
0.268679,0.495122,0.344,0,0,1,1
0.268679,0.495122,0.347,0,0,1,1
0.268679,0.495122,0.35,0,0,1,1
0.268679,0.495122,0.353,0,0,1,1
0.268679,0.495122,0.356,0,0,1,1
0.268679,0.495122,0.359,0,0,1,1
0.268679,0.495122,0.362,0,0,1,1
0.268679,0.495122,0.365,0,0,1,1
0.268679,0.495122,0.368,0,0,1,1
0.268679,0.495122,0.371,0,0,1,1
0.268679,0.495122,0.374,0,0,1,1
0.268679,0.495122,0.377,0,0,1,1
0.268679,0.495122,0.38,0,0,1,1
0.268679,0.495122,0.383,0,0,1,1
0.268679,0.495122,0.386,0,0,1,1
0.268679,0.495122,0.389,0,0,1,1
0.268679,0.495122,0.392,0,0,1,1
0.268679,0.495122,0.395,0,0,1,1
0.268679,0.495122,0.398,0,0,1,1
0.268679,0.495122,0.401,0,0,1,1
0.268679,0.495122,0.404,0,0,1,1
0.268679,0.495122,0.407,0,0,1,1
0.268679,0.495122,0.41,0,0,1,1
0.268679,0.495122,0.413,0,0,1,1
0.268679,0.495122,0.416,0,0,1,1
0.268679,0.495122,0.419,0,0,1,1
0.268679,0.495122,0.422,0,0,1,1
0.268679,0.495122,0.425,0,0,1,1
0.268679,0.495122,0.427999,0,0,1,1
0.268679,0.495122,0.430999,0,0,1,1
0.268679,0.495122,0.433999,0,0,1,1
0.268679,0.495122,0.436999,0,0,1,1
0.268679,0.495122,0.439999,0,0,1,1
0.271277,0.496622,0.26,0,0,1,1
0.271277,0.496622,0.263,0,0,1,1
0.271277,0.496622,0.266,0,0,1,1
0.271277,0.496622,0.269,0,0,1,1
0.271277,0.496622,0.272,0,0,1,1
0.271277,0.496622,0.275,0,0,1,1
0.271277,0.496622,0.278,0,0,1,1
0.271277,0.496622,0.281,0,0,1,1
0.271277,0.496622,0.284,0,0,1,1
0.271277,0.496622,0.287,0,0,1,1
0.271277,0.496622,0.29,0,0,1,1
0.271277,0.496622,0.293,0,0,1,1
0.271277,0.496622,0.296,0,0,1,1
0.271277,0.496622,0.299,0,0,1,1
0.271277,0.496622,0.302,0,0,1,1
0.271277,0.496622,0.305,0,0,1,1
0.271277,0.496622,0.308,0,0,1,1
0.271277,0.496622,0.311,0,0,1,1
0.271277,0.496622,0.314,0,0,1,1
0.271277,0.496622,0.317,0,0,1,1
0.271277,0.496622,0.32,0,0,1,1
0.271277,0.496622,0.323,0,0,1,1
0.271277,0.496622,0.326,0,0,1,1
0.271277,0.496622,0.329,0,0,1,1
0.271277,0.496622,0.332,0,0,1,1
0.271277,0.496622,0.335,0,0,1,1
0.271277,0.496622,0.338,0,0,1,1
0.271277,0.496622,0.341,0,0,1,1
0.271277,0.496622,0.344,0,0,1,1
0.271277,0.496622,0.347,0,0,1,1
0.271277,0.496622,0.35,0,0,1,1
0.271277,0.496622,0.353,0,0,1,1
0.271277,0.496622,0.356,0,0,1,1
0.271277,0.496622,0.359,0,0,1,1
0.271277,0.496622,0.362,0,0,1,1
0.271277,0.496622,0.365,0,0,1,1
0.271277,0.496622,0.368,0,0,1,1
0.271277,0.496622,0.371,0,0,1,1
0.271277,0.496622,0.374,0,0,1,1
0.271277,0.496622,0.377,0,0,1,1
0.271277,0.496622,0.38,0,0,1,1
0.271277,0.496622,0.383,0,0,1,1
0.271277,0.496622,0.386,0,0,1,1
0.271277,0.496622,0.389,0,0,1,1
0.271277,0.496622,0.392,0,0,1,1
0.271277,0.496622,0.395,0,0,1,1
0.271277,0.496622,0.398,0,0,1,1
0.271277,0.496622,0.401,0,0,1,1
0.271277,0.496622,0.404,0,0,1,1
0.271277,0.496622,0.407,0,0,1,1
0.271277,0.496622,0.41,0,0,1,1
0.271277,0.496622,0.413,0,0,1,1
0.271277,0.496622,0.416,0,0,1,1
0.271277,0.496622,0.419,0,0,1,1
0.271277,0.496622,0.422,0,0,1,1
0.271277,0.496622,0.425,0,0,1,1
0.271277,0.496622,0.427999,0,0,1,1
0.271277,0.496622,0.430999,0,0,1,1
0.271277,0.496622,0.433999,0,0,1,1
0.271277,0.496622,0.436999,0,0,1,1
0.271277,0.496622,0.439999,0,0,1,1
0.273875,0.498122,0.26,0,0,1,1
0.273875,0.498122,0.263,0,0,1,1
0.273875,0.498122,0.266,0,0,1,1
0.273875,0.498122,0.269,0,0,1,1
0.273875,0.498122,0.272,0,0,1,1
0.273875,0.498122,0.275,0,0,1,1
0.273875,0.498122,0.278,0,0,1,1
0.273875,0.498122,0.281,0,0,1,1
0.273875,0.498122,0.284,0,0,1,1
0.273875,0.498122,0.287,0,0,1,1
0.273875,0.498122,0.29,0,0,1,1
0.273875,0.498122,0.293,0,0,1,1
0.273875,0.498122,0.296,0,0,1,1
0.273875,0.498122,0.299,0,0,1,1
0.273875,0.498122,0.302,0,0,1,1
0.273875,0.498122,0.305,0,0,1,1
0.273875,0.498122,0.308,0,0,1,1
0.273875,0.498122,0.311,0,0,1,1
0.273875,0.498122,0.314,0,0,1,1
0.273875,0.498122,0.317,0,0,1,1
0.273875,0.498122,0.32,0,0,1,1
0.273875,0.498122,0.323,0,0,1,1
0.273875,0.498122,0.326,0,0,1,1
0.273875,0.498122,0.329,0,0,1,1
0.273875,0.498122,0.332,0,0,1,1
0.273875,0.498122,0.335,0,0,1,1
0.273875,0.498122,0.338,0,0,1,1
0.273875,0.498122,0.341,0,0,1,1
0.273875,0.498122,0.344,0,0,1,1
0.273875,0.498122,0.347,0,0,1,1
0.273875,0.498122,0.35,0,0,1,1
0.273875,0.498122,0.353,0,0,1,1
0.273875,0.498122,0.356,0,0,1,1
0.273875,0.498122,0.359,0,0,1,1
0.273875,0.498122,0.362,0,0,1,1
0.273875,0.498122,0.365,0,0,1,1
0.273875,0.498122,0.368,0,0,1,1
0.273875,0.498122,0.371,0,0,1,1
0.273875,0.498122,0.374,0,0,1,1
0.273875,0.498122,0.377,0,0,1,1
0.273875,0.498122,0.38,0,0,1,1
0.273875,0.498122,0.383,0,0,1,1
0.273875,0.498122,0.386,0,0,1,1
0.273875,0.498122,0.389,0,0,1,1
0.273875,0.498122,0.392,0,0,1,1
0.273875,0.498122,0.395,0,0,1,1
0.273875,0.498122,0.398,0,0,1,1
0.273875,0.498122,0.401,0,0,1,1
0.273875,0.498122,0.404,0,0,1,1
0.273875,0.498122,0.407,0,0,1,1
0.273875,0.498122,0.41,0,0,1,1
0.273875,0.498122,0.413,0,0,1,1
0.273875,0.498122,0.416,0,0,1,1
0.273875,0.498122,0.419,0,0,1,1
0.273875,0.498122,0.422,0,0,1,1
0.273875,0.498122,0.425,0,0,1,1
0.273875,0.498122,0.427999,0,0,1,1
0.273875,0.498122,0.430999,0,0,1,1
0.273875,0.498122,0.433999,0,0,1,1
0.273875,0.498122,0.436999,0,0,1,1
0.273875,0.498122,0.439999,0,0,1,1
0.276473,0.499622,0.26,0,0,1,1
0.276473,0.499622,0.263,0,0,1,1
0.276473,0.499622,0.266,0,0,1,1
0.276473,0.499622,0.269,0,0,1,1
0.276473,0.499622,0.272,0,0,1,1
0.276473,0.499622,0.275,0,0,1,1
0.276473,0.499622,0.278,0,0,1,1
0.276473,0.499622,0.281,0,0,1,1
0.276473,0.499622,0.284,0,0,1,1
0.276473,0.499622,0.287,0,0,1,1
0.276473,0.499622,0.29,0,0,1,1
0.276473,0.499622,0.293,0,0,1,1
0.276473,0.499622,0.296,0,0,1,1
0.276473,0.499622,0.299,0,0,1,1
0.276473,0.499622,0.302,0,0,1,1
0.276473,0.499622,0.305,0,0,1,1
0.276473,0.499622,0.308,0,0,1,1
0.276473,0.499622,0.311,0,0,1,1
0.276473,0.499622,0.314,0,0,1,1
0.276473,0.499622,0.317,0,0,1,1
0.276473,0.499622,0.32,0,0,1,1
0.276473,0.499622,0.323,0,0,1,1
0.276473,0.499622,0.326,0,0,1,1
0.276473,0.499622,0.329,0,0,1,1
0.276473,0.499622,0.332,0,0,1,1
0.276473,0.499622,0.335,0,0,1,1
0.276473,0.499622,0.338,0,0,1,1
0.276473,0.499622,0.341,0,0,1,1
0.276473,0.499622,0.344,0,0,1,1
0.276473,0.499622,0.347,0,0,1,1
0.276473,0.499622,0.35,0,0,1,1
0.276473,0.499622,0.353,0,0,1,1
0.276473,0.499622,0.356,0,0,1,1
0.276473,0.499622,0.359,0,0,1,1
0.276473,0.499622,0.362,0,0,1,1
0.276473,0.499622,0.365,0,0,1,1
0.276473,0.499622,0.368,0,0,1,1
0.276473,0.499622,0.371,0,0,1,1
0.276473,0.499622,0.374,0,0,1,1
0.276473,0.499622,0.377,0,0,1,1
0.276473,0.499622,0.38,0,0,1,1
0.276473,0.499622,0.383,0,0,1,1
0.276473,0.499622,0.386,0,0,1,1
0.276473,0.499622,0.389,0,0,1,1
0.276473,0.499622,0.392,0,0,1,1
0.276473,0.499622,0.395,0,0,1,1
0.276473,0.499622,0.398,0,0,1,1
0.276473,0.499622,0.401,0,0,1,1
0.276473,0.499622,0.404,0,0,1,1
0.276473,0.499622,0.407,0,0,1,1
0.276473,0.499622,0.41,0,0,1,1
0.276473,0.499622,0.413,0,0,1,1
0.276473,0.499622,0.416,0,0,1,1
0.276473,0.499622,0.419,0,0,1,1
0.276473,0.499622,0.422,0,0,1,1
0.276473,0.499622,0.425,0,0,1,1
0.276473,0.499622,0.427999,0,0,1,1
0.276473,0.499622,0.430999,0,0,1,1
0.276473,0.499622,0.433999,0,0,1,1
0.276473,0.499622,0.436999,0,0,1,1
0.276473,0.499622,0.439999,0,0,1,1
0.279071,0.501122,0.26,0,0,1,1
0.279071,0.501122,0.263,0,0,1,1
0.279071,0.501122,0.266,0,0,1,1
0.279071,0.501122,0.269,0,0,1,1
0.279071,0.501122,0.272,0,0,1,1
0.279071,0.501122,0.275,0,0,1,1
0.279071,0.501122,0.278,0,0,1,1
0.279071,0.501122,0.281,0,0,1,1
0.279071,0.501122,0.284,0,0,1,1
0.279071,0.501122,0.287,0,0,1,1
0.279071,0.501122,0.29,0,0,1,1
0.279071,0.501122,0.293,0,0,1,1
0.279071,0.501122,0.296,0,0,1,1
0.279071,0.501122,0.299,0,0,1,1
0.279071,0.501122,0.302,0,0,1,1
0.279071,0.501122,0.305,0,0,1,1
0.279071,0.501122,0.308,0,0,1,1
0.279071,0.501122,0.311,0,0,1,1
0.279071,0.501122,0.314,0,0,1,1
0.279071,0.501122,0.317,0,0,1,1
0.279071,0.501122,0.32,0,0,1,1
0.279071,0.501122,0.323,0,0,1,1
0.279071,0.501122,0.326,0,0,1,1
0.279071,0.501122,0.329,0,0,1,1
0.279071,0.501122,0.332,0,0,1,1
0.279071,0.501122,0.335,0,0,1,1
0.279071,0.501122,0.338,0,0,1,1
0.279071,0.501122,0.341,0,0,1,1
0.279071,0.501122,0.344,0,0,1,1
0.279071,0.501122,0.347,0,0,1,1
0.279071,0.501122,0.35,0,0,1,1
0.279071,0.501122,0.353,0,0,1,1
0.279071,0.501122,0.356,0,0,1,1
0.279071,0.501122,0.359,0,0,1,1
0.279071,0.501122,0.362,0,0,1,1
0.279071,0.501122,0.365,0,0,1,1
0.279071,0.501122,0.368,0,0,1,1
0.279071,0.501122,0.371,0,0,1,1
0.279071,0.501122,0.374,0,0,1,1
0.279071,0.501122,0.377,0,0,1,1
0.279071,0.501122,0.38,0,0,1,1
0.279071,0.501122,0.383,0,0,1,1
0.279071,0.501122,0.386,0,0,1,1
0.279071,0.501122,0.389,0,0,1,1
0.279071,0.501122,0.392,0,0,1,1
0.279071,0.501122,0.395,0,0,1,1
0.279071,0.501122,0.398,0,0,1,1
0.279071,0.501122,0.401,0,0,1,1
0.279071,0.501122,0.404,0,0,1,1
0.279071,0.501122,0.407,0,0,1,1
0.279071,0.501122,0.41,0,0,1,1
0.279071,0.501122,0.413,0,0,1,1
0.279071,0.501122,0.416,0,0,1,1
0.279071,0.501122,0.419,0,0,1,1
0.279071,0.501122,0.422,0,0,1,1
0.279071,0.501122,0.425,0,0,1,1
0.279071,0.501122,0.427999,0,0,1,1
0.279071,0.501122,0.430999,0,0,1,1
0.279071,0.501122,0.433999,0,0,1,1
0.279071,0.501122,0.436999,0,0,1,1
0.279071,0.501122,0.439999,0,0,1,1
0.175,0.279378,0.26,0,0,1,1
0.175,0.279378,0.263,0,0,1,1
0.175,0.279378,0.266,0,0,1,1
0.175,0.279378,0.269,0,0,1,1
0.175,0.279378,0.272,0,0,1,1
0.175,0.279378,0.275,0,0,1,1
0.175,0.279378,0.278,0,0,1,1
0.175,0.279378,0.281,0,0,1,1
0.175,0.279378,0.284,0,0,1,1
0.175,0.279378,0.287,0,0,1,1
0.175,0.279378,0.29,0,0,1,1
0.175,0.279378,0.293,0,0,1,1
0.175,0.279378,0.296,0,0,1,1
0.175,0.279378,0.299,0,0,1,1
0.175,0.279378,0.302,0,0,1,1
0.175,0.279378,0.305,0,0,1,1
0.175,0.279378,0.308,0,0,1,1
0.175,0.279378,0.311,0,0,1,1
0.175,0.279378,0.314,0,0,1,1
0.175,0.279378,0.317,0,0,1,1
0.175,0.279378,0.32,0,0,1,1
0.175,0.279378,0.323,0,0,1,1
0.175,0.279378,0.326,0,0,1,1
0.175,0.279378,0.329,0,0,1,1
0.175,0.279378,0.332,0,0,1,1
0.175,0.279378,0.335,0,0,1,1
0.175,0.279378,0.338,0,0,1,1
0.175,0.279378,0.341,0,0,1,1
0.175,0.279378,0.344,0,0,1,1
0.175,0.279378,0.347,0,0,1,1
0.175,0.279378,0.35,0,0,1,1
0.175,0.279378,0.353,0,0,1,1
0.175,0.279378,0.356,0,0,1,1
0.175,0.279378,0.359,0,0,1,1
0.175,0.279378,0.362,0,0,1,1
0.175,0.279378,0.365,0,0,1,1
0.175,0.279378,0.368,0,0,1,1
0.175,0.279378,0.371,0,0,1,1
0.175,0.279378,0.374,0,0,1,1
0.175,0.279378,0.377,0,0,1,1
0.175,0.279378,0.38,0,0,1,1
0.175,0.279378,0.383,0,0,1,1
0.175,0.279378,0.386,0,0,1,1
0.175,0.279378,0.389,0,0,1,1
0.175,0.279378,0.392,0,0,1,1
0.175,0.279378,0.395,0,0,1,1
0.175,0.279378,0.398,0,0,1,1
0.175,0.279378,0.401,0,0,1,1
0.175,0.279378,0.404,0,0,1,1
0.175,0.279378,0.407,0,0,1,1
0.175,0.279378,0.41,0,0,1,1
0.175,0.279378,0.413,0,0,1,1
0.175,0.279378,0.416,0,0,1,1
0.175,0.279378,0.419,0,0,1,1
0.175,0.279378,0.422,0,0,1,1
0.175,0.279378,0.425,0,0,1,1
0.175,0.279378,0.427999,0,0,1,1
0.175,0.279378,0.430999,0,0,1,1
0.175,0.279378,0.433999,0,0,1,1
0.175,0.279378,0.436999,0,0,1,1
0.175,0.279378,0.439999,0,0,1,1
0.177598,0.280878,0.26,0,0,1,1
0.177598,0.280878,0.263,0,0,1,1
0.177598,0.280878,0.266,0,0,1,1
0.177598,0.280878,0.269,0,0,1,1
0.177598,0.280878,0.272,0,0,1,1
0.177598,0.280878,0.275,0,0,1,1
0.177598,0.280878,0.278,0,0,1,1
0.177598,0.280878,0.281,0,0,1,1
0.177598,0.280878,0.284,0,0,1,1
0.177598,0.280878,0.287,0,0,1,1
0.177598,0.280878,0.29,0,0,1,1
0.177598,0.280878,0.293,0,0,1,1
0.177598,0.280878,0.296,0,0,1,1
0.177598,0.280878,0.299,0,0,1,1
0.177598,0.280878,0.302,0,0,1,1
0.177598,0.280878,0.305,0,0,1,1
0.177598,0.280878,0.308,0,0,1,1
0.177598,0.280878,0.311,0,0,1,1
0.177598,0.280878,0.314,0,0,1,1
0.177598,0.280878,0.317,0,0,1,1
0.177598,0.280878,0.32,0,0,1,1
0.177598,0.280878,0.323,0,0,1,1
0.177598,0.280878,0.326,0,0,1,1
0.177598,0.280878,0.329,0,0,1,1
0.177598,0.280878,0.332,0,0,1,1
0.177598,0.280878,0.335,0,0,1,1
0.177598,0.280878,0.338,0,0,1,1
0.177598,0.280878,0.341,0,0,1,1
0.177598,0.280878,0.344,0,0,1,1
0.177598,0.280878,0.347,0,0,1,1
0.177598,0.280878,0.35,0,0,1,1
0.177598,0.280878,0.353,0,0,1,1
0.177598,0.280878,0.356,0,0,1,1
0.177598,0.280878,0.359,0,0,1,1
0.177598,0.280878,0.362,0,0,1,1
0.177598,0.280878,0.365,0,0,1,1
0.177598,0.280878,0.368,0,0,1,1
0.177598,0.280878,0.371,0,0,1,1
0.177598,0.280878,0.374,0,0,1,1
0.177598,0.280878,0.377,0,0,1,1
0.177598,0.280878,0.38,0,0,1,1
0.177598,0.280878,0.383,0,0,1,1
0.177598,0.280878,0.386,0,0,1,1
0.177598,0.280878,0.389,0,0,1,1
0.177598,0.280878,0.392,0,0,1,1
0.177598,0.280878,0.395,0,0,1,1
0.177598,0.280878,0.398,0,0,1,1
0.177598,0.280878,0.401,0,0,1,1
0.177598,0.280878,0.404,0,0,1,1
0.177598,0.280878,0.407,0,0,1,1
0.177598,0.280878,0.41,0,0,1,1
0.177598,0.280878,0.413,0,0,1,1
0.177598,0.280878,0.416,0,0,1,1
0.177598,0.280878,0.419,0,0,1,1
0.177598,0.280878,0.422,0,0,1,1
0.177598,0.280878,0.425,0,0,1,1
0.177598,0.280878,0.427999,0,0,1,1
0.177598,0.280878,0.430999,0,0,1,1
0.177598,0.280878,0.433999,0,0,1,1
0.177598,0.280878,0.436999,0,0,1,1
0.177598,0.280878,0.439999,0,0,1,1
0.180196,0.282378,0.26,0,0,1,1
0.180196,0.282378,0.263,0,0,1,1
0.180196,0.282378,0.266,0,0,1,1
0.180196,0.282378,0.269,0,0,1,1
0.180196,0.282378,0.272,0,0,1,1
0.180196,0.282378,0.275,0,0,1,1
0.180196,0.282378,0.278,0,0,1,1
0.180196,0.282378,0.281,0,0,1,1
0.180196,0.282378,0.284,0,0,1,1
0.180196,0.282378,0.287,0,0,1,1
0.180196,0.282378,0.29,0,0,1,1
0.180196,0.282378,0.293,0,0,1,1
0.180196,0.282378,0.296,0,0,1,1
0.180196,0.282378,0.299,0,0,1,1
0.180196,0.282378,0.302,0,0,1,1
0.180196,0.282378,0.305,0,0,1,1
0.180196,0.282378,0.308,0,0,1,1
0.180196,0.282378,0.311,0,0,1,1
0.180196,0.282378,0.314,0,0,1,1
0.180196,0.282378,0.317,0,0,1,1
0.180196,0.282378,0.32,0,0,1,1
0.180196,0.282378,0.323,0,0,1,1
0.180196,0.282378,0.326,0,0,1,1
0.180196,0.282378,0.329,0,0,1,1
0.180196,0.282378,0.332,0,0,1,1
0.180196,0.282378,0.335,0,0,1,1
0.180196,0.282378,0.338,0,0,1,1
0.180196,0.282378,0.341,0,0,1,1
0.180196,0.282378,0.344,0,0,1,1
0.180196,0.282378,0.347,0,0,1,1
0.180196,0.282378,0.35,0,0,1,1
0.180196,0.282378,0.353,0,0,1,1
0.180196,0.282378,0.356,0,0,1,1
0.180196,0.282378,0.359,0,0,1,1
0.180196,0.282378,0.362,0,0,1,1
0.180196,0.282378,0.365,0,0,1,1
0.180196,0.282378,0.368,0,0,1,1
0.180196,0.282378,0.371,0,0,1,1
0.180196,0.282378,0.374,0,0,1,1
0.180196,0.282378,0.377,0,0,1,1
0.180196,0.282378,0.38,0,0,1,1
0.180196,0.282378,0.383,0,0,1,1
0.180196,0.282378,0.386,0,0,1,1
0.180196,0.282378,0.389,0,0,1,1
0.180196,0.282378,0.392,0,0,1,1
0.180196,0.282378,0.395,0,0,1,1
0.180196,0.282378,0.398,0,0,1,1
0.180196,0.282378,0.401,0,0,1,1
0.180196,0.282378,0.404,0,0,1,1
0.180196,0.282378,0.407,0,0,1,1
0.180196,0.282378,0.41,0,0,1,1
0.180196,0.282378,0.413,0,0,1,1
0.180196,0.282378,0.416,0,0,1,1
0.180196,0.282378,0.419,0,0,1,1
0.180196,0.282378,0.422,0,0,1,1
0.180196,0.282378,0.425,0,0,1,1
0.180196,0.282378,0.427999,0,0,1,1
0.180196,0.282378,0.430999,0,0,1,1
0.180196,0.282378,0.433999,0,0,1,1
0.180196,0.282378,0.436999,0,0,1,1
0.180196,0.282378,0.439999,0,0,1,1
0.182794,0.283878,0.26,0,0,1,1
0.182794,0.283878,0.263,0,0,1,1
0.182794,0.283878,0.266,0,0,1,1
0.182794,0.283878,0.269,0,0,1,1
0.182794,0.283878,0.272,0,0,1,1
0.182794,0.283878,0.275,0,0,1,1
0.182794,0.283878,0.278,0,0,1,1
0.182794,0.283878,0.281,0,0,1,1
0.182794,0.283878,0.284,0,0,1,1
0.182794,0.283878,0.287,0,0,1,1
0.182794,0.283878,0.29,0,0,1,1
0.182794,0.283878,0.293,0,0,1,1
0.182794,0.283878,0.296,0,0,1,1
0.182794,0.283878,0.299,0,0,1,1
0.182794,0.283878,0.302,0,0,1,1
0.182794,0.283878,0.305,0,0,1,1
0.182794,0.283878,0.308,0,0,1,1
0.182794,0.283878,0.311,0,0,1,1
0.182794,0.283878,0.314,0,0,1,1
0.182794,0.283878,0.317,0,0,1,1
0.182794,0.283878,0.32,0,0,1,1
0.182794,0.283878,0.323,0,0,1,1
0.182794,0.283878,0.326,0,0,1,1
0.182794,0.283878,0.329,0,0,1,1
0.182794,0.283878,0.332,0,0,1,1
0.182794,0.283878,0.335,0,0,1,1
0.182794,0.283878,0.338,0,0,1,1
0.182794,0.283878,0.341,0,0,1,1
0.182794,0.283878,0.344,0,0,1,1
0.182794,0.283878,0.347,0,0,1,1
0.182794,0.283878,0.35,0,0,1,1
0.182794,0.283878,0.353,0,0,1,1
0.182794,0.283878,0.356,0,0,1,1
0.182794,0.283878,0.359,0,0,1,1
0.182794,0.283878,0.362,0,0,1,1
0.182794,0.283878,0.365,0,0,1,1
0.182794,0.283878,0.368,0,0,1,1
0.182794,0.283878,0.371,0,0,1,1
0.182794,0.283878,0.374,0,0,1,1
0.182794,0.283878,0.377,0,0,1,1
0.182794,0.283878,0.38,0,0,1,1
0.182794,0.283878,0.383,0,0,1,1
0.182794,0.283878,0.386,0,0,1,1
0.182794,0.283878,0.389,0,0,1,1
0.182794,0.283878,0.392,0,0,1,1
0.182794,0.283878,0.395,0,0,1,1
0.182794,0.283878,0.398,0,0,1,1
0.182794,0.283878,0.401,0,0,1,1
0.182794,0.283878,0.404,0,0,1,1
0.182794,0.283878,0.407,0,0,1,1
0.182794,0.283878,0.41,0,0,1,1
0.182794,0.283878,0.413,0,0,1,1
0.182794,0.283878,0.416,0,0,1,1
0.182794,0.283878,0.419,0,0,1,1
0.182794,0.283878,0.422,0,0,1,1
0.182794,0.283878,0.425,0,0,1,1
0.182794,0.283878,0.427999,0,0,1,1
0.182794,0.283878,0.430999,0,0,1,1
0.182794,0.283878,0.433999,0,0,1,1
0.182794,0.283878,0.436999,0,0,1,1
0.182794,0.283878,0.439999,0,0,1,1
0.185392,0.285378,0.26,0,0,1,1
0.185392,0.285378,0.263,0,0,1,1
0.185392,0.285378,0.266,0,0,1,1
0.185392,0.285378,0.269,0,0,1,1
0.185392,0.285378,0.272,0,0,1,1
0.185392,0.285378,0.275,0,0,1,1
0.185392,0.285378,0.278,0,0,1,1
0.185392,0.285378,0.281,0,0,1,1
0.185392,0.285378,0.284,0,0,1,1
0.185392,0.285378,0.287,0,0,1,1
0.185392,0.285378,0.29,0,0,1,1
0.185392,0.285378,0.293,0,0,1,1
0.185392,0.285378,0.296,0,0,1,1
0.185392,0.285378,0.299,0,0,1,1
0.185392,0.285378,0.302,0,0,1,1
0.185392,0.285378,0.305,0,0,1,1
0.185392,0.285378,0.308,0,0,1,1
0.185392,0.285378,0.311,0,0,1,1
0.185392,0.285378,0.314,0,0,1,1
0.185392,0.285378,0.317,0,0,1,1
0.185392,0.285378,0.32,0,0,1,1
0.185392,0.285378,0.323,0,0,1,1
0.185392,0.285378,0.326,0,0,1,1
0.185392,0.285378,0.329,0,0,1,1
0.185392,0.285378,0.332,0,0,1,1
0.185392,0.285378,0.335,0,0,1,1
0.185392,0.285378,0.338,0,0,1,1
0.185392,0.285378,0.341,0,0,1,1
0.185392,0.285378,0.344,0,0,1,1
0.185392,0.285378,0.347,0,0,1,1
0.185392,0.285378,0.35,0,0,1,1
0.185392,0.285378,0.353,0,0,1,1
0.185392,0.285378,0.356,0,0,1,1
0.185392,0.285378,0.359,0,0,1,1
0.185392,0.285378,0.362,0,0,1,1
0.185392,0.285378,0.365,0,0,1,1
0.185392,0.285378,0.368,0,0,1,1
0.185392,0.285378,0.371,0,0,1,1
0.185392,0.285378,0.374,0,0,1,1
0.185392,0.285378,0.377,0,0,1,1
0.185392,0.285378,0.38,0,0,1,1
0.185392,0.285378,0.383,0,0,1,1
0.185392,0.285378,0.386,0,0,1,1
0.185392,0.285378,0.389,0,0,1,1
0.185392,0.285378,0.392,0,0,1,1
0.185392,0.285378,0.395,0,0,1,1
0.185392,0.285378,0.398,0,0,1,1
0.185392,0.285378,0.401,0,0,1,1
0.185392,0.285378,0.404,0,0,1,1
0.185392,0.285378,0.407,0,0,1,1
0.185392,0.285378,0.41,0,0,1,1
0.185392,0.285378,0.413,0,0,1,1
0.185392,0.285378,0.416,0,0,1,1
0.185392,0.285378,0.419,0,0,1,1
0.185392,0.285378,0.422,0,0,1,1
0.185392,0.285378,0.425,0,0,1,1
0.185392,0.285378,0.427999,0,0,1,1
0.185392,0.285378,0.430999,0,0,1,1
0.185392,0.285378,0.433999,0,0,1,1
0.185392,0.285378,0.436999,0,0,1,1
0.185392,0.285378,0.439999,0,0,1,1
0.18799,0.286878,0.26,0,0,1,1
0.18799,0.286878,0.263,0,0,1,1
0.18799,0.286878,0.266,0,0,1,1
0.18799,0.286878,0.269,0,0,1,1
0.18799,0.286878,0.272,0,0,1,1
0.18799,0.286878,0.275,0,0,1,1
0.18799,0.286878,0.278,0,0,1,1
0.18799,0.286878,0.281,0,0,1,1
0.18799,0.286878,0.284,0,0,1,1
0.18799,0.286878,0.287,0,0,1,1
0.18799,0.286878,0.29,0,0,1,1
0.18799,0.286878,0.293,0,0,1,1
0.18799,0.286878,0.296,0,0,1,1
0.18799,0.286878,0.299,0,0,1,1
0.18799,0.286878,0.302,0,0,1,1
0.18799,0.286878,0.305,0,0,1,1
0.18799,0.286878,0.308,0,0,1,1
0.18799,0.286878,0.311,0,0,1,1
0.18799,0.286878,0.314,0,0,1,1
0.18799,0.286878,0.317,0,0,1,1
0.18799,0.286878,0.32,0,0,1,1
0.18799,0.286878,0.323,0,0,1,1
0.18799,0.286878,0.326,0,0,1,1
0.18799,0.286878,0.329,0,0,1,1
0.18799,0.286878,0.332,0,0,1,1
0.18799,0.286878,0.335,0,0,1,1
0.18799,0.286878,0.338,0,0,1,1
0.18799,0.286878,0.341,0,0,1,1
0.18799,0.286878,0.344,0,0,1,1
0.18799,0.286878,0.347,0,0,1,1
0.18799,0.286878,0.35,0,0,1,1
0.18799,0.286878,0.353,0,0,1,1
0.18799,0.286878,0.356,0,0,1,1
0.18799,0.286878,0.359,0,0,1,1
0.18799,0.286878,0.362,0,0,1,1
0.18799,0.286878,0.365,0,0,1,1
0.18799,0.286878,0.368,0,0,1,1
0.18799,0.286878,0.371,0,0,1,1
0.18799,0.286878,0.374,0,0,1,1
0.18799,0.286878,0.377,0,0,1,1
0.18799,0.286878,0.38,0,0,1,1
0.18799,0.286878,0.383,0,0,1,1
0.18799,0.286878,0.386,0,0,1,1
0.18799,0.286878,0.389,0,0,1,1
0.18799,0.286878,0.392,0,0,1,1
0.18799,0.286878,0.395,0,0,1,1
0.18799,0.286878,0.398,0,0,1,1
0.18799,0.286878,0.401,0,0,1,1
0.18799,0.286878,0.404,0,0,1,1
0.18799,0.286878,0.407,0,0,1,1
0.18799,0.286878,0.41,0,0,1,1
0.18799,0.286878,0.413,0,0,1,1
0.18799,0.286878,0.416,0,0,1,1
0.18799,0.286878,0.419,0,0,1,1
0.18799,0.286878,0.422,0,0,1,1
0.18799,0.286878,0.425,0,0,1,1
0.18799,0.286878,0.427999,0,0,1,1
0.18799,0.286878,0.430999,0,0,1,1
0.18799,0.286878,0.433999,0,0,1,1
0.18799,0.286878,0.436999,0,0,1,1
0.18799,0.286878,0.439999,0,0,1,1
0.190588,0.288378,0.26,0,0,1,1
0.190588,0.288378,0.263,0,0,1,1
0.190588,0.288378,0.266,0,0,1,1
0.190588,0.288378,0.269,0,0,1,1
0.190588,0.288378,0.272,0,0,1,1
0.190588,0.288378,0.275,0,0,1,1
0.190588,0.288378,0.278,0,0,1,1
0.190588,0.288378,0.281,0,0,1,1
0.190588,0.288378,0.284,0,0,1,1
0.190588,0.288378,0.287,0,0,1,1
0.190588,0.288378,0.29,0,0,1,1
0.190588,0.288378,0.293,0,0,1,1
0.190588,0.288378,0.296,0,0,1,1
0.190588,0.288378,0.299,0,0,1,1
0.190588,0.288378,0.302,0,0,1,1
0.190588,0.288378,0.305,0,0,1,1
0.190588,0.288378,0.308,0,0,1,1
0.190588,0.288378,0.311,0,0,1,1
0.190588,0.288378,0.314,0,0,1,1
0.190588,0.288378,0.317,0,0,1,1
0.190588,0.288378,0.32,0,0,1,1
0.190588,0.288378,0.323,0,0,1,1
0.190588,0.288378,0.326,0,0,1,1
0.190588,0.288378,0.329,0,0,1,1
0.190588,0.288378,0.332,0,0,1,1
0.190588,0.288378,0.335,0,0,1,1
0.190588,0.288378,0.338,0,0,1,1
0.190588,0.288378,0.341,0,0,1,1
0.190588,0.288378,0.344,0,0,1,1
0.190588,0.288378,0.347,0,0,1,1
0.190588,0.288378,0.35,0,0,1,1
0.190588,0.288378,0.353,0,0,1,1
0.190588,0.288378,0.356,0,0,1,1
0.190588,0.288378,0.359,0,0,1,1
0.190588,0.288378,0.362,0,0,1,1
0.190588,0.288378,0.365,0,0,1,1
0.190588,0.288378,0.368,0,0,1,1
0.190588,0.288378,0.371,0,0,1,1
0.190588,0.288378,0.374,0,0,1,1
0.190588,0.288378,0.377,0,0,1,1
0.190588,0.288378,0.38,0,0,1,1
0.190588,0.288378,0.383,0,0,1,1
0.190588,0.288378,0.386,0,0,1,1
0.190588,0.288378,0.389,0,0,1,1
0.190588,0.288378,0.392,0,0,1,1
0.190588,0.288378,0.395,0,0,1,1
0.190588,0.288378,0.398,0,0,1,1
0.190588,0.288378,0.401,0,0,1,1
0.190588,0.288378,0.404,0,0,1,1
0.190588,0.288378,0.407,0,0,1,1
0.190588,0.288378,0.41,0,0,1,1
0.190588,0.288378,0.413,0,0,1,1
0.190588,0.288378,0.416,0,0,1,1
0.190588,0.288378,0.419,0,0,1,1
0.190588,0.288378,0.422,0,0,1,1
0.190588,0.288378,0.425,0,0,1,1
0.190588,0.288378,0.427999,0,0,1,1
0.190588,0.288378,0.430999,0,0,1,1
0.190588,0.288378,0.433999,0,0,1,1
0.190588,0.288378,0.436999,0,0,1,1
0.190588,0.288378,0.439999,0,0,1,1
0.193187,0.289878,0.26,0,0,1,1
0.193187,0.289878,0.263,0,0,1,1
0.193187,0.289878,0.266,0,0,1,1
0.193187,0.289878,0.269,0,0,1,1
0.193187,0.289878,0.272,0,0,1,1
0.193187,0.289878,0.275,0,0,1,1
0.193187,0.289878,0.278,0,0,1,1
0.193187,0.289878,0.281,0,0,1,1
0.193187,0.289878,0.284,0,0,1,1
0.193187,0.289878,0.287,0,0,1,1
0.193187,0.289878,0.29,0,0,1,1
0.193187,0.289878,0.293,0,0,1,1
0.193187,0.289878,0.296,0,0,1,1
0.193187,0.289878,0.299,0,0,1,1
0.193187,0.289878,0.302,0,0,1,1
0.193187,0.289878,0.305,0,0,1,1
0.193187,0.289878,0.308,0,0,1,1
0.193187,0.289878,0.311,0,0,1,1
0.193187,0.289878,0.314,0,0,1,1
0.193187,0.289878,0.317,0,0,1,1
0.193187,0.289878,0.32,0,0,1,1
0.193187,0.289878,0.323,0,0,1,1
0.193187,0.289878,0.326,0,0,1,1
0.193187,0.289878,0.329,0,0,1,1
0.193187,0.289878,0.332,0,0,1,1
0.193187,0.289878,0.335,0,0,1,1
0.193187,0.289878,0.338,0,0,1,1
0.193187,0.289878,0.341,0,0,1,1
0.193187,0.289878,0.344,0,0,1,1
0.193187,0.289878,0.347,0,0,1,1
0.193187,0.289878,0.35,0,0,1,1
0.193187,0.289878,0.353,0,0,1,1
0.193187,0.289878,0.356,0,0,1,1
0.193187,0.289878,0.359,0,0,1,1
0.193187,0.289878,0.362,0,0,1,1
0.193187,0.289878,0.365,0,0,1,1
0.193187,0.289878,0.368,0,0,1,1
0.193187,0.289878,0.371,0,0,1,1
0.193187,0.289878,0.374,0,0,1,1
0.193187,0.289878,0.377,0,0,1,1
0.193187,0.289878,0.38,0,0,1,1
0.193187,0.289878,0.383,0,0,1,1
0.193187,0.289878,0.386,0,0,1,1
0.193187,0.289878,0.389,0,0,1,1
0.193187,0.289878,0.392,0,0,1,1
0.193187,0.289878,0.395,0,0,1,1
0.193187,0.289878,0.398,0,0,1,1
0.193187,0.289878,0.401,0,0,1,1
0.193187,0.289878,0.404,0,0,1,1
0.193187,0.289878,0.407,0,0,1,1
0.193187,0.289878,0.41,0,0,1,1
0.193187,0.289878,0.413,0,0,1,1
0.193187,0.289878,0.416,0,0,1,1
0.193187,0.289878,0.419,0,0,1,1
0.193187,0.289878,0.422,0,0,1,1
0.193187,0.289878,0.425,0,0,1,1
0.193187,0.289878,0.427999,0,0,1,1
0.193187,0.289878,0.430999,0,0,1,1
0.193187,0.289878,0.433999,0,0,1,1
0.193187,0.289878,0.436999,0,0,1,1
0.193187,0.289878,0.439999,0,0,1,1
0.195785,0.291378,0.26,0,0,1,1
0.195785,0.291378,0.263,0,0,1,1
0.195785,0.291378,0.266,0,0,1,1
0.195785,0.291378,0.269,0,0,1,1
0.195785,0.291378,0.272,0,0,1,1
0.195785,0.291378,0.275,0,0,1,1
0.195785,0.291378,0.278,0,0,1,1
0.195785,0.291378,0.281,0,0,1,1
0.195785,0.291378,0.284,0,0,1,1
0.195785,0.291378,0.287,0,0,1,1
0.195785,0.291378,0.29,0,0,1,1
0.195785,0.291378,0.293,0,0,1,1
0.195785,0.291378,0.296,0,0,1,1
0.195785,0.291378,0.299,0,0,1,1
0.195785,0.291378,0.302,0,0,1,1
0.195785,0.291378,0.305,0,0,1,1
0.195785,0.291378,0.308,0,0,1,1
0.195785,0.291378,0.311,0,0,1,1
0.195785,0.291378,0.314,0,0,1,1
0.195785,0.291378,0.317,0,0,1,1
0.195785,0.291378,0.32,0,0,1,1
0.195785,0.291378,0.323,0,0,1,1
0.195785,0.291378,0.326,0,0,1,1
0.195785,0.291378,0.329,0,0,1,1
0.195785,0.291378,0.332,0,0,1,1
0.195785,0.291378,0.335,0,0,1,1
0.195785,0.291378,0.338,0,0,1,1
0.195785,0.291378,0.341,0,0,1,1
0.195785,0.291378,0.344,0,0,1,1
0.195785,0.291378,0.347,0,0,1,1
0.195785,0.291378,0.35,0,0,1,1
0.195785,0.291378,0.353,0,0,1,1
0.195785,0.291378,0.356,0,0,1,1
0.195785,0.291378,0.359,0,0,1,1
0.195785,0.291378,0.362,0,0,1,1
0.195785,0.291378,0.365,0,0,1,1
0.195785,0.291378,0.368,0,0,1,1
0.195785,0.291378,0.371,0,0,1,1
0.195785,0.291378,0.374,0,0,1,1
0.195785,0.291378,0.377,0,0,1,1
0.195785,0.291378,0.38,0,0,1,1
0.195785,0.291378,0.383,0,0,1,1
0.195785,0.291378,0.386,0,0,1,1
0.195785,0.291378,0.389,0,0,1,1
0.195785,0.291378,0.392,0,0,1,1
0.195785,0.291378,0.395,0,0,1,1
0.195785,0.291378,0.398,0,0,1,1
0.195785,0.291378,0.401,0,0,1,1
0.195785,0.291378,0.404,0,0,1,1
0.195785,0.291378,0.407,0,0,1,1
0.195785,0.291378,0.41,0,0,1,1
0.195785,0.291378,0.413,0,0,1,1
0.195785,0.291378,0.416,0,0,1,1
0.195785,0.291378,0.419,0,0,1,1
0.195785,0.291378,0.422,0,0,1,1
0.195785,0.291378,0.425,0,0,1,1
0.195785,0.291378,0.427999,0,0,1,1
0.195785,0.291378,0.430999,0,0,1,1
0.195785,0.291378,0.433999,0,0,1,1
0.195785,0.291378,0.436999,0,0,1,1
0.195785,0.291378,0.439999,0,0,1,1
0.198383,0.292878,0.26,0,0,1,1
0.198383,0.292878,0.263,0,0,1,1
0.198383,0.292878,0.266,0,0,1,1
0.198383,0.292878,0.269,0,0,1,1
0.198383,0.292878,0.272,0,0,1,1
0.198383,0.292878,0.275,0,0,1,1
0.198383,0.292878,0.278,0,0,1,1
0.198383,0.292878,0.281,0,0,1,1
0.198383,0.292878,0.284,0,0,1,1
0.198383,0.292878,0.287,0,0,1,1
0.198383,0.292878,0.29,0,0,1,1
0.198383,0.292878,0.293,0,0,1,1
0.198383,0.292878,0.296,0,0,1,1
0.198383,0.292878,0.299,0,0,1,1
0.198383,0.292878,0.302,0,0,1,1
0.198383,0.292878,0.305,0,0,1,1
0.198383,0.292878,0.308,0,0,1,1
0.198383,0.292878,0.311,0,0,1,1
0.198383,0.292878,0.314,0,0,1,1
0.198383,0.292878,0.317,0,0,1,1
0.198383,0.292878,0.32,0,0,1,1
0.198383,0.292878,0.323,0,0,1,1
0.198383,0.292878,0.326,0,0,1,1
0.198383,0.292878,0.329,0,0,1,1
0.198383,0.292878,0.332,0,0,1,1
0.198383,0.292878,0.335,0,0,1,1
0.198383,0.292878,0.338,0,0,1,1
0.198383,0.292878,0.341,0,0,1,1
0.198383,0.292878,0.344,0,0,1,1
0.198383,0.292878,0.347,0,0,1,1
0.198383,0.292878,0.35,0,0,1,1
0.198383,0.292878,0.353,0,0,1,1
0.198383,0.292878,0.356,0,0,1,1
0.198383,0.292878,0.359,0,0,1,1
0.198383,0.292878,0.362,0,0,1,1
0.198383,0.292878,0.365,0,0,1,1
0.198383,0.292878,0.368,0,0,1,1
0.198383,0.292878,0.371,0,0,1,1
0.198383,0.292878,0.374,0,0,1,1
0.198383,0.292878,0.377,0,0,1,1
0.198383,0.292878,0.38,0,0,1,1
0.198383,0.292878,0.383,0,0,1,1
0.198383,0.292878,0.386,0,0,1,1
0.198383,0.292878,0.389,0,0,1,1
0.198383,0.292878,0.392,0,0,1,1
0.198383,0.292878,0.395,0,0,1,1
0.198383,0.292878,0.398,0,0,1,1
0.198383,0.292878,0.401,0,0,1,1
0.198383,0.292878,0.404,0,0,1,1
0.198383,0.292878,0.407,0,0,1,1
0.198383,0.292878,0.41,0,0,1,1
0.198383,0.292878,0.413,0,0,1,1
0.198383,0.292878,0.416,0,0,1,1
0.198383,0.292878,0.419,0,0,1,1
0.198383,0.292878,0.422,0,0,1,1
0.198383,0.292878,0.425,0,0,1,1
0.198383,0.292878,0.427999,0,0,1,1
0.198383,0.292878,0.430999,0,0,1,1
0.198383,0.292878,0.433999,0,0,1,1
0.198383,0.292878,0.436999,0,0,1,1
0.198383,0.292878,0.439999,0,0,1,1
0.200981,0.294378,0.26,0,0,1,1
0.200981,0.294378,0.263,0,0,1,1
0.200981,0.294378,0.266,0,0,1,1
0.200981,0.294378,0.269,0,0,1,1
0.200981,0.294378,0.272,0,0,1,1
0.200981,0.294378,0.275,0,0,1,1
0.200981,0.294378,0.278,0,0,1,1
0.200981,0.294378,0.281,0,0,1,1
0.200981,0.294378,0.284,0,0,1,1
0.200981,0.294378,0.287,0,0,1,1
0.200981,0.294378,0.29,0,0,1,1
0.200981,0.294378,0.293,0,0,1,1
0.200981,0.294378,0.296,0,0,1,1
0.200981,0.294378,0.299,0,0,1,1
0.200981,0.294378,0.302,0,0,1,1
0.200981,0.294378,0.305,0,0,1,1
0.200981,0.294378,0.308,0,0,1,1
0.200981,0.294378,0.311,0,0,1,1
0.200981,0.294378,0.314,0,0,1,1
0.200981,0.294378,0.317,0,0,1,1
0.200981,0.294378,0.32,0,0,1,1
0.200981,0.294378,0.323,0,0,1,1
0.200981,0.294378,0.326,0,0,1,1
0.200981,0.294378,0.329,0,0,1,1
0.200981,0.294378,0.332,0,0,1,1
0.200981,0.294378,0.335,0,0,1,1
0.200981,0.294378,0.338,0,0,1,1
0.200981,0.294378,0.341,0,0,1,1
0.200981,0.294378,0.344,0,0,1,1
0.200981,0.294378,0.347,0,0,1,1
0.200981,0.294378,0.35,0,0,1,1
0.200981,0.294378,0.353,0,0,1,1
0.200981,0.294378,0.356,0,0,1,1
0.200981,0.294378,0.359,0,0,1,1
0.200981,0.294378,0.362,0,0,1,1
0.200981,0.294378,0.365,0,0,1,1
0.200981,0.294378,0.368,0,0,1,1
0.200981,0.294378,0.371,0,0,1,1
0.200981,0.294378,0.374,0,0,1,1
0.200981,0.294378,0.377,0,0,1,1
0.200981,0.294378,0.38,0,0,1,1
0.200981,0.294378,0.383,0,0,1,1
0.200981,0.294378,0.386,0,0,1,1
0.200981,0.294378,0.389,0,0,1,1
0.200981,0.294378,0.392,0,0,1,1
0.200981,0.294378,0.395,0,0,1,1
0.200981,0.294378,0.398,0,0,1,1
0.200981,0.294378,0.401,0,0,1,1
0.200981,0.294378,0.404,0,0,1,1
0.200981,0.294378,0.407,0,0,1,1
0.200981,0.294378,0.41,0,0,1,1
0.200981,0.294378,0.413,0,0,1,1
0.200981,0.294378,0.416,0,0,1,1
0.200981,0.294378,0.419,0,0,1,1
0.200981,0.294378,0.422,0,0,1,1
0.200981,0.294378,0.425,0,0,1,1
0.200981,0.294378,0.427999,0,0,1,1
0.200981,0.294378,0.430999,0,0,1,1
0.200981,0.294378,0.433999,0,0,1,1
0.200981,0.294378,0.436999,0,0,1,1
0.200981,0.294378,0.439999,0,0,1,1
0.203579,0.295878,0.26,0,0,1,1
0.203579,0.295878,0.263,0,0,1,1
0.203579,0.295878,0.266,0,0,1,1
0.203579,0.295878,0.269,0,0,1,1
0.203579,0.295878,0.272,0,0,1,1
0.203579,0.295878,0.275,0,0,1,1
0.203579,0.295878,0.278,0,0,1,1
0.203579,0.295878,0.281,0,0,1,1
0.203579,0.295878,0.284,0,0,1,1
0.203579,0.295878,0.287,0,0,1,1
0.203579,0.295878,0.29,0,0,1,1
0.203579,0.295878,0.293,0,0,1,1
0.203579,0.295878,0.296,0,0,1,1
0.203579,0.295878,0.299,0,0,1,1
0.203579,0.295878,0.302,0,0,1,1
0.203579,0.295878,0.305,0,0,1,1
0.203579,0.295878,0.308,0,0,1,1
0.203579,0.295878,0.311,0,0,1,1
0.203579,0.295878,0.314,0,0,1,1
0.203579,0.295878,0.317,0,0,1,1
0.203579,0.295878,0.32,0,0,1,1
0.203579,0.295878,0.323,0,0,1,1
0.203579,0.295878,0.326,0,0,1,1
0.203579,0.295878,0.329,0,0,1,1
0.203579,0.295878,0.332,0,0,1,1
0.203579,0.295878,0.335,0,0,1,1
0.203579,0.295878,0.338,0,0,1,1
0.203579,0.295878,0.341,0,0,1,1
0.203579,0.295878,0.344,0,0,1,1
0.203579,0.295878,0.347,0,0,1,1
0.203579,0.295878,0.35,0,0,1,1
0.203579,0.295878,0.353,0,0,1,1
0.203579,0.295878,0.356,0,0,1,1
0.203579,0.295878,0.359,0,0,1,1
0.203579,0.295878,0.362,0,0,1,1
0.203579,0.295878,0.365,0,0,1,1
0.203579,0.295878,0.368,0,0,1,1
0.203579,0.295878,0.371,0,0,1,1
0.203579,0.295878,0.374,0,0,1,1
0.203579,0.295878,0.377,0,0,1,1
0.203579,0.295878,0.38,0,0,1,1
0.203579,0.295878,0.383,0,0,1,1
0.203579,0.295878,0.386,0,0,1,1
0.203579,0.295878,0.389,0,0,1,1
0.203579,0.295878,0.392,0,0,1,1
0.203579,0.295878,0.395,0,0,1,1
0.203579,0.295878,0.398,0,0,1,1
0.203579,0.295878,0.401,0,0,1,1
0.203579,0.295878,0.404,0,0,1,1
0.203579,0.295878,0.407,0,0,1,1
0.203579,0.295878,0.41,0,0,1,1
0.203579,0.295878,0.413,0,0,1,1
0.203579,0.295878,0.416,0,0,1,1
0.203579,0.295878,0.419,0,0,1,1
0.203579,0.295878,0.422,0,0,1,1
0.203579,0.295878,0.425,0,0,1,1
0.203579,0.295878,0.427999,0,0,1,1
0.203579,0.295878,0.430999,0,0,1,1
0.203579,0.295878,0.433999,0,0,1,1
0.203579,0.295878,0.436999,0,0,1,1
0.203579,0.295878,0.439999,0,0,1,1
0.206177,0.297378,0.26,0,0,1,1
0.206177,0.297378,0.263,0,0,1,1
0.206177,0.297378,0.266,0,0,1,1
0.206177,0.297378,0.269,0,0,1,1
0.206177,0.297378,0.272,0,0,1,1
0.206177,0.297378,0.275,0,0,1,1
0.206177,0.297378,0.278,0,0,1,1
0.206177,0.297378,0.281,0,0,1,1
0.206177,0.297378,0.284,0,0,1,1
0.206177,0.297378,0.287,0,0,1,1
0.206177,0.297378,0.29,0,0,1,1
0.206177,0.297378,0.293,0,0,1,1
0.206177,0.297378,0.296,0,0,1,1
0.206177,0.297378,0.299,0,0,1,1
0.206177,0.297378,0.302,0,0,1,1
0.206177,0.297378,0.305,0,0,1,1
0.206177,0.297378,0.308,0,0,1,1
0.206177,0.297378,0.311,0,0,1,1
0.206177,0.297378,0.314,0,0,1,1
0.206177,0.297378,0.317,0,0,1,1
0.206177,0.297378,0.32,0,0,1,1
0.206177,0.297378,0.323,0,0,1,1
0.206177,0.297378,0.326,0,0,1,1
0.206177,0.297378,0.329,0,0,1,1
0.206177,0.297378,0.332,0,0,1,1
0.206177,0.297378,0.335,0,0,1,1
0.206177,0.297378,0.338,0,0,1,1
0.206177,0.297378,0.341,0,0,1,1
0.206177,0.297378,0.344,0,0,1,1
0.206177,0.297378,0.347,0,0,1,1
0.206177,0.297378,0.35,0,0,1,1
0.206177,0.297378,0.353,0,0,1,1
0.206177,0.297378,0.356,0,0,1,1
0.206177,0.297378,0.359,0,0,1,1
0.206177,0.297378,0.362,0,0,1,1
0.206177,0.297378,0.365,0,0,1,1
0.206177,0.297378,0.368,0,0,1,1
0.206177,0.297378,0.371,0,0,1,1
0.206177,0.297378,0.374,0,0,1,1
0.206177,0.297378,0.377,0,0,1,1
0.206177,0.297378,0.38,0,0,1,1
0.206177,0.297378,0.383,0,0,1,1
0.206177,0.297378,0.386,0,0,1,1
0.206177,0.297378,0.389,0,0,1,1
0.206177,0.297378,0.392,0,0,1,1
0.206177,0.297378,0.395,0,0,1,1
0.206177,0.297378,0.398,0,0,1,1
0.206177,0.297378,0.401,0,0,1,1
0.206177,0.297378,0.404,0,0,1,1
0.206177,0.297378,0.407,0,0,1,1
0.206177,0.297378,0.41,0,0,1,1
0.206177,0.297378,0.413,0,0,1,1
0.206177,0.297378,0.416,0,0,1,1
0.206177,0.297378,0.419,0,0,1,1
0.206177,0.297378,0.422,0,0,1,1
0.206177,0.297378,0.425,0,0,1,1
0.206177,0.297378,0.427999,0,0,1,1
0.206177,0.297378,0.430999,0,0,1,1
0.206177,0.297378,0.433999,0,0,1,1
0.206177,0.297378,0.436999,0,0,1,1
0.206177,0.297378,0.439999,0,0,1,1
0.208775,0.298878,0.26,0,0,1,1
0.208775,0.298878,0.263,0,0,1,1
0.208775,0.298878,0.266,0,0,1,1
0.208775,0.298878,0.269,0,0,1,1
0.208775,0.298878,0.272,0,0,1,1
0.208775,0.298878,0.275,0,0,1,1
0.208775,0.298878,0.278,0,0,1,1
0.208775,0.298878,0.281,0,0,1,1
0.208775,0.298878,0.284,0,0,1,1
0.208775,0.298878,0.287,0,0,1,1
0.208775,0.298878,0.29,0,0,1,1
0.208775,0.298878,0.293,0,0,1,1
0.208775,0.298878,0.296,0,0,1,1
0.208775,0.298878,0.299,0,0,1,1
0.208775,0.298878,0.302,0,0,1,1
0.208775,0.298878,0.305,0,0,1,1
0.208775,0.298878,0.308,0,0,1,1
0.208775,0.298878,0.311,0,0,1,1
0.208775,0.298878,0.314,0,0,1,1
0.208775,0.298878,0.317,0,0,1,1
0.208775,0.298878,0.32,0,0,1,1
0.208775,0.298878,0.323,0,0,1,1
0.208775,0.298878,0.326,0,0,1,1
0.208775,0.298878,0.329,0,0,1,1
0.208775,0.298878,0.332,0,0,1,1
0.208775,0.298878,0.335,0,0,1,1
0.208775,0.298878,0.338,0,0,1,1
0.208775,0.298878,0.341,0,0,1,1
0.208775,0.298878,0.344,0,0,1,1
0.208775,0.298878,0.347,0,0,1,1
0.208775,0.298878,0.35,0,0,1,1
0.208775,0.298878,0.353,0,0,1,1
0.208775,0.298878,0.356,0,0,1,1
0.208775,0.298878,0.359,0,0,1,1
0.208775,0.298878,0.362,0,0,1,1
0.208775,0.298878,0.365,0,0,1,1
0.208775,0.298878,0.368,0,0,1,1
0.208775,0.298878,0.371,0,0,1,1
0.208775,0.298878,0.374,0,0,1,1
0.208775,0.298878,0.377,0,0,1,1
0.208775,0.298878,0.38,0,0,1,1
0.208775,0.298878,0.383,0,0,1,1
0.208775,0.298878,0.386,0,0,1,1
0.208775,0.298878,0.389,0,0,1,1
0.208775,0.298878,0.392,0,0,1,1
0.208775,0.298878,0.395,0,0,1,1
0.208775,0.298878,0.398,0,0,1,1
0.208775,0.298878,0.401,0,0,1,1
0.208775,0.298878,0.404,0,0,1,1
0.208775,0.298878,0.407,0,0,1,1
0.208775,0.298878,0.41,0,0,1,1
0.208775,0.298878,0.413,0,0,1,1
0.208775,0.298878,0.416,0,0,1,1
0.208775,0.298878,0.419,0,0,1,1
0.208775,0.298878,0.422,0,0,1,1
0.208775,0.298878,0.425,0,0,1,1
0.208775,0.298878,0.427999,0,0,1,1
0.208775,0.298878,0.430999,0,0,1,1
0.208775,0.298878,0.433999,0,0,1,1
0.208775,0.298878,0.436999,0,0,1,1
0.208775,0.298878,0.439999,0,0,1,1
0.211373,0.300378,0.26,0,0,1,1
0.211373,0.300378,0.263,0,0,1,1
0.211373,0.300378,0.266,0,0,1,1
0.211373,0.300378,0.269,0,0,1,1
0.211373,0.300378,0.272,0,0,1,1
0.211373,0.300378,0.275,0,0,1,1
0.211373,0.300378,0.278,0,0,1,1
0.211373,0.300378,0.281,0,0,1,1
0.211373,0.300378,0.284,0,0,1,1
0.211373,0.300378,0.287,0,0,1,1
0.211373,0.300378,0.29,0,0,1,1
0.211373,0.300378,0.293,0,0,1,1
0.211373,0.300378,0.296,0,0,1,1
0.211373,0.300378,0.299,0,0,1,1
0.211373,0.300378,0.302,0,0,1,1
0.211373,0.300378,0.305,0,0,1,1
0.211373,0.300378,0.308,0,0,1,1
0.211373,0.300378,0.311,0,0,1,1
0.211373,0.300378,0.314,0,0,1,1
0.211373,0.300378,0.317,0,0,1,1
0.211373,0.300378,0.32,0,0,1,1
0.211373,0.300378,0.323,0,0,1,1
0.211373,0.300378,0.326,0,0,1,1
0.211373,0.300378,0.329,0,0,1,1
0.211373,0.300378,0.332,0,0,1,1
0.211373,0.300378,0.335,0,0,1,1
0.211373,0.300378,0.338,0,0,1,1
0.211373,0.300378,0.341,0,0,1,1
0.211373,0.300378,0.344,0,0,1,1
0.211373,0.300378,0.347,0,0,1,1
0.211373,0.300378,0.35,0,0,1,1
0.211373,0.300378,0.353,0,0,1,1
0.211373,0.300378,0.356,0,0,1,1
0.211373,0.300378,0.359,0,0,1,1
0.211373,0.300378,0.362,0,0,1,1
0.211373,0.300378,0.365,0,0,1,1
0.211373,0.300378,0.368,0,0,1,1
0.211373,0.300378,0.371,0,0,1,1
0.211373,0.300378,0.374,0,0,1,1
0.211373,0.300378,0.377,0,0,1,1
0.211373,0.300378,0.38,0,0,1,1
0.211373,0.300378,0.383,0,0,1,1
0.211373,0.300378,0.386,0,0,1,1
0.211373,0.300378,0.389,0,0,1,1
0.211373,0.300378,0.392,0,0,1,1
0.211373,0.300378,0.395,0,0,1,1
0.211373,0.300378,0.398,0,0,1,1
0.211373,0.300378,0.401,0,0,1,1
0.211373,0.300378,0.404,0,0,1,1
0.211373,0.300378,0.407,0,0,1,1
0.211373,0.300378,0.41,0,0,1,1
0.211373,0.300378,0.413,0,0,1,1
0.211373,0.300378,0.416,0,0,1,1
0.211373,0.300378,0.419,0,0,1,1
0.211373,0.300378,0.422,0,0,1,1
0.211373,0.300378,0.425,0,0,1,1
0.211373,0.300378,0.427999,0,0,1,1
0.211373,0.300378,0.430999,0,0,1,1
0.211373,0.300378,0.433999,0,0,1,1
0.211373,0.300378,0.436999,0,0,1,1
0.211373,0.300378,0.439999,0,0,1,1
0.213971,0.301878,0.26,0,0,1,1
0.213971,0.301878,0.263,0,0,1,1
0.213971,0.301878,0.266,0,0,1,1
0.213971,0.301878,0.269,0,0,1,1
0.213971,0.301878,0.272,0,0,1,1
0.213971,0.301878,0.275,0,0,1,1
0.213971,0.301878,0.278,0,0,1,1
0.213971,0.301878,0.281,0,0,1,1
0.213971,0.301878,0.284,0,0,1,1
0.213971,0.301878,0.287,0,0,1,1
0.213971,0.301878,0.29,0,0,1,1
0.213971,0.301878,0.293,0,0,1,1
0.213971,0.301878,0.296,0,0,1,1
0.213971,0.301878,0.299,0,0,1,1
0.213971,0.301878,0.302,0,0,1,1
0.213971,0.301878,0.305,0,0,1,1
0.213971,0.301878,0.308,0,0,1,1
0.213971,0.301878,0.311,0,0,1,1
0.213971,0.301878,0.314,0,0,1,1
0.213971,0.301878,0.317,0,0,1,1
0.213971,0.301878,0.32,0,0,1,1
0.213971,0.301878,0.323,0,0,1,1
0.213971,0.301878,0.326,0,0,1,1
0.213971,0.301878,0.329,0,0,1,1
0.213971,0.301878,0.332,0,0,1,1
0.213971,0.301878,0.335,0,0,1,1
0.213971,0.301878,0.338,0,0,1,1
0.213971,0.301878,0.341,0,0,1,1
0.213971,0.301878,0.344,0,0,1,1
0.213971,0.301878,0.347,0,0,1,1
0.213971,0.301878,0.35,0,0,1,1
0.213971,0.301878,0.353,0,0,1,1
0.213971,0.301878,0.356,0,0,1,1
0.213971,0.301878,0.359,0,0,1,1
0.213971,0.301878,0.362,0,0,1,1
0.213971,0.301878,0.365,0,0,1,1
0.213971,0.301878,0.368,0,0,1,1
0.213971,0.301878,0.371,0,0,1,1
0.213971,0.301878,0.374,0,0,1,1
0.213971,0.301878,0.377,0,0,1,1
0.213971,0.301878,0.38,0,0,1,1
0.213971,0.301878,0.383,0,0,1,1
0.213971,0.301878,0.386,0,0,1,1
0.213971,0.301878,0.389,0,0,1,1
0.213971,0.301878,0.392,0,0,1,1
0.213971,0.301878,0.395,0,0,1,1
0.213971,0.301878,0.398,0,0,1,1
0.213971,0.301878,0.401,0,0,1,1
0.213971,0.301878,0.404,0,0,1,1
0.213971,0.301878,0.407,0,0,1,1
0.213971,0.301878,0.41,0,0,1,1
0.213971,0.301878,0.413,0,0,1,1
0.213971,0.301878,0.416,0,0,1,1
0.213971,0.301878,0.419,0,0,1,1
0.213971,0.301878,0.422,0,0,1,1
0.213971,0.301878,0.425,0,0,1,1
0.213971,0.301878,0.427999,0,0,1,1
0.213971,0.301878,0.430999,0,0,1,1
0.213971,0.301878,0.433999,0,0,1,1
0.213971,0.301878,0.436999,0,0,1,1
0.213971,0.301878,0.439999,0,0,1,1
0.216569,0.303378,0.26,0,0,1,1
0.216569,0.303378,0.263,0,0,1,1
0.216569,0.303378,0.266,0,0,1,1
0.216569,0.303378,0.269,0,0,1,1
0.216569,0.303378,0.272,0,0,1,1
0.216569,0.303378,0.275,0,0,1,1
0.216569,0.303378,0.278,0,0,1,1
0.216569,0.303378,0.281,0,0,1,1
0.216569,0.303378,0.284,0,0,1,1
0.216569,0.303378,0.287,0,0,1,1
0.216569,0.303378,0.29,0,0,1,1
0.216569,0.303378,0.293,0,0,1,1
0.216569,0.303378,0.296,0,0,1,1
0.216569,0.303378,0.299,0,0,1,1
0.216569,0.303378,0.302,0,0,1,1
0.216569,0.303378,0.305,0,0,1,1
0.216569,0.303378,0.308,0,0,1,1
0.216569,0.303378,0.311,0,0,1,1
0.216569,0.303378,0.314,0,0,1,1
0.216569,0.303378,0.317,0,0,1,1
0.216569,0.303378,0.32,0,0,1,1
0.216569,0.303378,0.323,0,0,1,1
0.216569,0.303378,0.326,0,0,1,1
0.216569,0.303378,0.329,0,0,1,1
0.216569,0.303378,0.332,0,0,1,1
0.216569,0.303378,0.335,0,0,1,1
0.216569,0.303378,0.338,0,0,1,1
0.216569,0.303378,0.341,0,0,1,1
0.216569,0.303378,0.344,0,0,1,1
0.216569,0.303378,0.347,0,0,1,1
0.216569,0.303378,0.35,0,0,1,1
0.216569,0.303378,0.353,0,0,1,1
0.216569,0.303378,0.356,0,0,1,1
0.216569,0.303378,0.359,0,0,1,1
0.216569,0.303378,0.362,0,0,1,1
0.216569,0.303378,0.365,0,0,1,1
0.216569,0.303378,0.368,0,0,1,1
0.216569,0.303378,0.371,0,0,1,1
0.216569,0.303378,0.374,0,0,1,1
0.216569,0.303378,0.377,0,0,1,1
0.216569,0.303378,0.38,0,0,1,1
0.216569,0.303378,0.383,0,0,1,1
0.216569,0.303378,0.386,0,0,1,1
0.216569,0.303378,0.389,0,0,1,1
0.216569,0.303378,0.392,0,0,1,1
0.216569,0.303378,0.395,0,0,1,1
0.216569,0.303378,0.398,0,0,1,1
0.216569,0.303378,0.401,0,0,1,1
0.216569,0.303378,0.404,0,0,1,1
0.216569,0.303378,0.407,0,0,1,1
0.216569,0.303378,0.41,0,0,1,1
0.216569,0.303378,0.413,0,0,1,1
0.216569,0.303378,0.416,0,0,1,1
0.216569,0.303378,0.419,0,0,1,1
0.216569,0.303378,0.422,0,0,1,1
0.216569,0.303378,0.425,0,0,1,1
0.216569,0.303378,0.427999,0,0,1,1
0.216569,0.303378,0.430999,0,0,1,1
0.216569,0.303378,0.433999,0,0,1,1
0.216569,0.303378,0.436999,0,0,1,1
0.216569,0.303378,0.439999,0,0,1,1
0.219167,0.304878,0.26,0,0,1,1
0.219167,0.304878,0.263,0,0,1,1
0.219167,0.304878,0.266,0,0,1,1
0.219167,0.304878,0.269,0,0,1,1
0.219167,0.304878,0.272,0,0,1,1
0.219167,0.304878,0.275,0,0,1,1
0.219167,0.304878,0.278,0,0,1,1
0.219167,0.304878,0.281,0,0,1,1
0.219167,0.304878,0.284,0,0,1,1
0.219167,0.304878,0.287,0,0,1,1
0.219167,0.304878,0.29,0,0,1,1
0.219167,0.304878,0.293,0,0,1,1
0.219167,0.304878,0.296,0,0,1,1
0.219167,0.304878,0.299,0,0,1,1
0.219167,0.304878,0.302,0,0,1,1
0.219167,0.304878,0.305,0,0,1,1
0.219167,0.304878,0.308,0,0,1,1
0.219167,0.304878,0.311,0,0,1,1
0.219167,0.304878,0.314,0,0,1,1
0.219167,0.304878,0.317,0,0,1,1
0.219167,0.304878,0.32,0,0,1,1
0.219167,0.304878,0.323,0,0,1,1
0.219167,0.304878,0.326,0,0,1,1
0.219167,0.304878,0.329,0,0,1,1
0.219167,0.304878,0.332,0,0,1,1
0.219167,0.304878,0.335,0,0,1,1
0.219167,0.304878,0.338,0,0,1,1
0.219167,0.304878,0.341,0,0,1,1
0.219167,0.304878,0.344,0,0,1,1
0.219167,0.304878,0.347,0,0,1,1
0.219167,0.304878,0.35,0,0,1,1
0.219167,0.304878,0.353,0,0,1,1
0.219167,0.304878,0.356,0,0,1,1
0.219167,0.304878,0.359,0,0,1,1
0.219167,0.304878,0.362,0,0,1,1
0.219167,0.304878,0.365,0,0,1,1
0.219167,0.304878,0.368,0,0,1,1
0.219167,0.304878,0.371,0,0,1,1
0.219167,0.304878,0.374,0,0,1,1
0.219167,0.304878,0.377,0,0,1,1
0.219167,0.304878,0.38,0,0,1,1
0.219167,0.304878,0.383,0,0,1,1
0.219167,0.304878,0.386,0,0,1,1
0.219167,0.304878,0.389,0,0,1,1
0.219167,0.304878,0.392,0,0,1,1
0.219167,0.304878,0.395,0,0,1,1
0.219167,0.304878,0.398,0,0,1,1
0.219167,0.304878,0.401,0,0,1,1
0.219167,0.304878,0.404,0,0,1,1
0.219167,0.304878,0.407,0,0,1,1
0.219167,0.304878,0.41,0,0,1,1
0.219167,0.304878,0.413,0,0,1,1
0.219167,0.304878,0.416,0,0,1,1
0.219167,0.304878,0.419,0,0,1,1
0.219167,0.304878,0.422,0,0,1,1
0.219167,0.304878,0.425,0,0,1,1
0.219167,0.304878,0.427999,0,0,1,1
0.219167,0.304878,0.430999,0,0,1,1
0.219167,0.304878,0.433999,0,0,1,1
0.219167,0.304878,0.436999,0,0,1,1
0.219167,0.304878,0.439999,0,0,1,1
0.221765,0.306378,0.26,0,0,1,1
0.221765,0.306378,0.263,0,0,1,1
0.221765,0.306378,0.266,0,0,1,1
0.221765,0.306378,0.269,0,0,1,1
0.221765,0.306378,0.272,0,0,1,1
0.221765,0.306378,0.275,0,0,1,1
0.221765,0.306378,0.278,0,0,1,1
0.221765,0.306378,0.281,0,0,1,1
0.221765,0.306378,0.284,0,0,1,1
0.221765,0.306378,0.287,0,0,1,1
0.221765,0.306378,0.29,0,0,1,1
0.221765,0.306378,0.293,0,0,1,1
0.221765,0.306378,0.296,0,0,1,1
0.221765,0.306378,0.299,0,0,1,1
0.221765,0.306378,0.302,0,0,1,1
0.221765,0.306378,0.305,0,0,1,1
0.221765,0.306378,0.308,0,0,1,1
0.221765,0.306378,0.311,0,0,1,1
0.221765,0.306378,0.314,0,0,1,1
0.221765,0.306378,0.317,0,0,1,1
0.221765,0.306378,0.32,0,0,1,1
0.221765,0.306378,0.323,0,0,1,1
0.221765,0.306378,0.326,0,0,1,1
0.221765,0.306378,0.329,0,0,1,1
0.221765,0.306378,0.332,0,0,1,1
0.221765,0.306378,0.335,0,0,1,1
0.221765,0.306378,0.338,0,0,1,1
0.221765,0.306378,0.341,0,0,1,1
0.221765,0.306378,0.344,0,0,1,1
0.221765,0.306378,0.347,0,0,1,1
0.221765,0.306378,0.35,0,0,1,1
0.221765,0.306378,0.353,0,0,1,1
0.221765,0.306378,0.356,0,0,1,1
0.221765,0.306378,0.359,0,0,1,1
0.221765,0.306378,0.362,0,0,1,1
0.221765,0.306378,0.365,0,0,1,1
0.221765,0.306378,0.368,0,0,1,1
0.221765,0.306378,0.371,0,0,1,1
0.221765,0.306378,0.374,0,0,1,1
0.221765,0.306378,0.377,0,0,1,1
0.221765,0.306378,0.38,0,0,1,1
0.221765,0.306378,0.383,0,0,1,1
0.221765,0.306378,0.386,0,0,1,1
0.221765,0.306378,0.389,0,0,1,1
0.221765,0.306378,0.392,0,0,1,1
0.221765,0.306378,0.395,0,0,1,1
0.221765,0.306378,0.398,0,0,1,1
0.221765,0.306378,0.401,0,0,1,1
0.221765,0.306378,0.404,0,0,1,1
0.221765,0.306378,0.407,0,0,1,1
0.221765,0.306378,0.41,0,0,1,1
0.221765,0.306378,0.413,0,0,1,1
0.221765,0.306378,0.416,0,0,1,1
0.221765,0.306378,0.419,0,0,1,1
0.221765,0.306378,0.422,0,0,1,1
0.221765,0.306378,0.425,0,0,1,1
0.221765,0.306378,0.427999,0,0,1,1
0.221765,0.306378,0.430999,0,0,1,1
0.221765,0.306378,0.433999,0,0,1,1
0.221765,0.306378,0.436999,0,0,1,1
0.221765,0.306378,0.439999,0,0,1,1
0.224363,0.307878,0.26,0,0,1,1
0.224363,0.307878,0.263,0,0,1,1
0.224363,0.307878,0.266,0,0,1,1
0.224363,0.307878,0.269,0,0,1,1
0.224363,0.307878,0.272,0,0,1,1
0.224363,0.307878,0.275,0,0,1,1
0.224363,0.307878,0.278,0,0,1,1
0.224363,0.307878,0.281,0,0,1,1
0.224363,0.307878,0.284,0,0,1,1
0.224363,0.307878,0.287,0,0,1,1
0.224363,0.307878,0.29,0,0,1,1
0.224363,0.307878,0.293,0,0,1,1
0.224363,0.307878,0.296,0,0,1,1
0.224363,0.307878,0.299,0,0,1,1
0.224363,0.307878,0.302,0,0,1,1
0.224363,0.307878,0.305,0,0,1,1
0.224363,0.307878,0.308,0,0,1,1
0.224363,0.307878,0.311,0,0,1,1
0.224363,0.307878,0.314,0,0,1,1
0.224363,0.307878,0.317,0,0,1,1
0.224363,0.307878,0.32,0,0,1,1
0.224363,0.307878,0.323,0,0,1,1
0.224363,0.307878,0.326,0,0,1,1
0.224363,0.307878,0.329,0,0,1,1
0.224363,0.307878,0.332,0,0,1,1
0.224363,0.307878,0.335,0,0,1,1
0.224363,0.307878,0.338,0,0,1,1
0.224363,0.307878,0.341,0,0,1,1
0.224363,0.307878,0.344,0,0,1,1
0.224363,0.307878,0.347,0,0,1,1
0.224363,0.307878,0.35,0,0,1,1
0.224363,0.307878,0.353,0,0,1,1
0.224363,0.307878,0.356,0,0,1,1
0.224363,0.307878,0.359,0,0,1,1
0.224363,0.307878,0.362,0,0,1,1
0.224363,0.307878,0.365,0,0,1,1
0.224363,0.307878,0.368,0,0,1,1
0.224363,0.307878,0.371,0,0,1,1
0.224363,0.307878,0.374,0,0,1,1
0.224363,0.307878,0.377,0,0,1,1
0.224363,0.307878,0.38,0,0,1,1
0.224363,0.307878,0.383,0,0,1,1
0.224363,0.307878,0.386,0,0,1,1
0.224363,0.307878,0.389,0,0,1,1
0.224363,0.307878,0.392,0,0,1,1
0.224363,0.307878,0.395,0,0,1,1
0.224363,0.307878,0.398,0,0,1,1
0.224363,0.307878,0.401,0,0,1,1
0.224363,0.307878,0.404,0,0,1,1
0.224363,0.307878,0.407,0,0,1,1
0.224363,0.307878,0.41,0,0,1,1
0.224363,0.307878,0.413,0,0,1,1
0.224363,0.307878,0.416,0,0,1,1
0.224363,0.307878,0.419,0,0,1,1
0.224363,0.307878,0.422,0,0,1,1
0.224363,0.307878,0.425,0,0,1,1
0.224363,0.307878,0.427999,0,0,1,1
0.224363,0.307878,0.430999,0,0,1,1
0.224363,0.307878,0.433999,0,0,1,1
0.224363,0.307878,0.436999,0,0,1,1
0.224363,0.307878,0.439999,0,0,1,1
0.226962,0.309378,0.26,0,0,1,1
0.226962,0.309378,0.263,0,0,1,1
0.226962,0.309378,0.266,0,0,1,1
0.226962,0.309378,0.269,0,0,1,1
0.226962,0.309378,0.272,0,0,1,1
0.226962,0.309378,0.275,0,0,1,1
0.226962,0.309378,0.278,0,0,1,1
0.226962,0.309378,0.281,0,0,1,1
0.226962,0.309378,0.284,0,0,1,1
0.226962,0.309378,0.287,0,0,1,1
0.226962,0.309378,0.29,0,0,1,1
0.226962,0.309378,0.293,0,0,1,1
0.226962,0.309378,0.296,0,0,1,1
0.226962,0.309378,0.299,0,0,1,1
0.226962,0.309378,0.302,0,0,1,1
0.226962,0.309378,0.305,0,0,1,1
0.226962,0.309378,0.308,0,0,1,1
0.226962,0.309378,0.311,0,0,1,1
0.226962,0.309378,0.314,0,0,1,1
0.226962,0.309378,0.317,0,0,1,1
0.226962,0.309378,0.32,0,0,1,1
0.226962,0.309378,0.323,0,0,1,1
0.226962,0.309378,0.326,0,0,1,1
0.226962,0.309378,0.329,0,0,1,1
0.226962,0.309378,0.332,0,0,1,1
0.226962,0.309378,0.335,0,0,1,1
0.226962,0.309378,0.338,0,0,1,1
0.226962,0.309378,0.341,0,0,1,1
0.226962,0.309378,0.344,0,0,1,1
0.226962,0.309378,0.347,0,0,1,1
0.226962,0.309378,0.35,0,0,1,1
0.226962,0.309378,0.353,0,0,1,1
0.226962,0.309378,0.356,0,0,1,1
0.226962,0.309378,0.359,0,0,1,1
0.226962,0.309378,0.362,0,0,1,1
0.226962,0.309378,0.365,0,0,1,1
0.226962,0.309378,0.368,0,0,1,1
0.226962,0.309378,0.371,0,0,1,1
0.226962,0.309378,0.374,0,0,1,1
0.226962,0.309378,0.377,0,0,1,1
0.226962,0.309378,0.38,0,0,1,1
0.226962,0.309378,0.383,0,0,1,1
0.226962,0.309378,0.386,0,0,1,1
0.226962,0.309378,0.389,0,0,1,1
0.226962,0.309378,0.392,0,0,1,1
0.226962,0.309378,0.395,0,0,1,1
0.226962,0.309378,0.398,0,0,1,1
0.226962,0.309378,0.401,0,0,1,1
0.226962,0.309378,0.404,0,0,1,1
0.226962,0.309378,0.407,0,0,1,1
0.226962,0.309378,0.41,0,0,1,1
0.226962,0.309378,0.413,0,0,1,1
0.226962,0.309378,0.416,0,0,1,1
0.226962,0.309378,0.419,0,0,1,1
0.226962,0.309378,0.422,0,0,1,1
0.226962,0.309378,0.425,0,0,1,1
0.226962,0.309378,0.427999,0,0,1,1
0.226962,0.309378,0.430999,0,0,1,1
0.226962,0.309378,0.433999,0,0,1,1
0.226962,0.309378,0.436999,0,0,1,1
0.226962,0.309378,0.439999,0,0,1,1
0.22956,0.310878,0.26,0,0,1,1
0.22956,0.310878,0.263,0,0,1,1
0.22956,0.310878,0.266,0,0,1,1
0.22956,0.310878,0.269,0,0,1,1
0.22956,0.310878,0.272,0,0,1,1
0.22956,0.310878,0.275,0,0,1,1
0.22956,0.310878,0.278,0,0,1,1
0.22956,0.310878,0.281,0,0,1,1
0.22956,0.310878,0.284,0,0,1,1
0.22956,0.310878,0.287,0,0,1,1
0.22956,0.310878,0.29,0,0,1,1
0.22956,0.310878,0.293,0,0,1,1
0.22956,0.310878,0.296,0,0,1,1
0.22956,0.310878,0.299,0,0,1,1
0.22956,0.310878,0.302,0,0,1,1
0.22956,0.310878,0.305,0,0,1,1
0.22956,0.310878,0.308,0,0,1,1
0.22956,0.310878,0.311,0,0,1,1
0.22956,0.310878,0.314,0,0,1,1
0.22956,0.310878,0.317,0,0,1,1
0.22956,0.310878,0.32,0,0,1,1
0.22956,0.310878,0.323,0,0,1,1
0.22956,0.310878,0.326,0,0,1,1
0.22956,0.310878,0.329,0,0,1,1
0.22956,0.310878,0.332,0,0,1,1
0.22956,0.310878,0.335,0,0,1,1
0.22956,0.310878,0.338,0,0,1,1
0.22956,0.310878,0.341,0,0,1,1
0.22956,0.310878,0.344,0,0,1,1
0.22956,0.310878,0.347,0,0,1,1
0.22956,0.310878,0.35,0,0,1,1
0.22956,0.310878,0.353,0,0,1,1
0.22956,0.310878,0.356,0,0,1,1
0.22956,0.310878,0.359,0,0,1,1
0.22956,0.310878,0.362,0,0,1,1
0.22956,0.310878,0.365,0,0,1,1
0.22956,0.310878,0.368,0,0,1,1
0.22956,0.310878,0.371,0,0,1,1
0.22956,0.310878,0.374,0,0,1,1
0.22956,0.310878,0.377,0,0,1,1
0.22956,0.310878,0.38,0,0,1,1
0.22956,0.310878,0.383,0,0,1,1
0.22956,0.310878,0.386,0,0,1,1
0.22956,0.310878,0.389,0,0,1,1
0.22956,0.310878,0.392,0,0,1,1
0.22956,0.310878,0.395,0,0,1,1
0.22956,0.310878,0.398,0,0,1,1
0.22956,0.310878,0.401,0,0,1,1
0.22956,0.310878,0.404,0,0,1,1
0.22956,0.310878,0.407,0,0,1,1
0.22956,0.310878,0.41,0,0,1,1
0.22956,0.310878,0.413,0,0,1,1
0.22956,0.310878,0.416,0,0,1,1
0.22956,0.310878,0.419,0,0,1,1
0.22956,0.310878,0.422,0,0,1,1
0.22956,0.310878,0.425,0,0,1,1
0.22956,0.310878,0.427999,0,0,1,1
0.22956,0.310878,0.430999,0,0,1,1
0.22956,0.310878,0.433999,0,0,1,1
0.22956,0.310878,0.436999,0,0,1,1
0.22956,0.310878,0.439999,0,0,1,1
0.232158,0.312378,0.26,0,0,1,1
0.232158,0.312378,0.263,0,0,1,1
0.232158,0.312378,0.266,0,0,1,1
0.232158,0.312378,0.269,0,0,1,1
0.232158,0.312378,0.272,0,0,1,1
0.232158,0.312378,0.275,0,0,1,1
0.232158,0.312378,0.278,0,0,1,1
0.232158,0.312378,0.281,0,0,1,1
0.232158,0.312378,0.284,0,0,1,1
0.232158,0.312378,0.287,0,0,1,1
0.232158,0.312378,0.29,0,0,1,1
0.232158,0.312378,0.293,0,0,1,1
0.232158,0.312378,0.296,0,0,1,1
0.232158,0.312378,0.299,0,0,1,1
0.232158,0.312378,0.302,0,0,1,1
0.232158,0.312378,0.305,0,0,1,1
0.232158,0.312378,0.308,0,0,1,1
0.232158,0.312378,0.311,0,0,1,1
0.232158,0.312378,0.314,0,0,1,1
0.232158,0.312378,0.317,0,0,1,1
0.232158,0.312378,0.32,0,0,1,1
0.232158,0.312378,0.323,0,0,1,1
0.232158,0.312378,0.326,0,0,1,1
0.232158,0.312378,0.329,0,0,1,1
0.232158,0.312378,0.332,0,0,1,1
0.232158,0.312378,0.335,0,0,1,1
0.232158,0.312378,0.338,0,0,1,1
0.232158,0.312378,0.341,0,0,1,1
0.232158,0.312378,0.344,0,0,1,1
0.232158,0.312378,0.347,0,0,1,1
0.232158,0.312378,0.35,0,0,1,1
0.232158,0.312378,0.353,0,0,1,1
0.232158,0.312378,0.356,0,0,1,1
0.232158,0.312378,0.359,0,0,1,1
0.232158,0.312378,0.362,0,0,1,1
0.232158,0.312378,0.365,0,0,1,1
0.232158,0.312378,0.368,0,0,1,1
0.232158,0.312378,0.371,0,0,1,1
0.232158,0.312378,0.374,0,0,1,1
0.232158,0.312378,0.377,0,0,1,1
0.232158,0.312378,0.38,0,0,1,1
0.232158,0.312378,0.383,0,0,1,1
0.232158,0.312378,0.386,0,0,1,1
0.232158,0.312378,0.389,0,0,1,1
0.232158,0.312378,0.392,0,0,1,1
0.232158,0.312378,0.395,0,0,1,1
0.232158,0.312378,0.398,0,0,1,1
0.232158,0.312378,0.401,0,0,1,1
0.232158,0.312378,0.404,0,0,1,1
0.232158,0.312378,0.407,0,0,1,1
0.232158,0.312378,0.41,0,0,1,1
0.232158,0.312378,0.413,0,0,1,1
0.232158,0.312378,0.416,0,0,1,1
0.232158,0.312378,0.419,0,0,1,1
0.232158,0.312378,0.422,0,0,1,1
0.232158,0.312378,0.425,0,0,1,1
0.232158,0.312378,0.427999,0,0,1,1
0.232158,0.312378,0.430999,0,0,1,1
0.232158,0.312378,0.433999,0,0,1,1
0.232158,0.312378,0.436999,0,0,1,1
0.232158,0.312378,0.439999,0,0,1,1
0.234756,0.313878,0.26,0,0,1,1
0.234756,0.313878,0.263,0,0,1,1
0.234756,0.313878,0.266,0,0,1,1
0.234756,0.313878,0.269,0,0,1,1
0.234756,0.313878,0.272,0,0,1,1
0.234756,0.313878,0.275,0,0,1,1
0.234756,0.313878,0.278,0,0,1,1
0.234756,0.313878,0.281,0,0,1,1
0.234756,0.313878,0.284,0,0,1,1
0.234756,0.313878,0.287,0,0,1,1
0.234756,0.313878,0.29,0,0,1,1
0.234756,0.313878,0.293,0,0,1,1
0.234756,0.313878,0.296,0,0,1,1
0.234756,0.313878,0.299,0,0,1,1
0.234756,0.313878,0.302,0,0,1,1
0.234756,0.313878,0.305,0,0,1,1
0.234756,0.313878,0.308,0,0,1,1
0.234756,0.313878,0.311,0,0,1,1
0.234756,0.313878,0.314,0,0,1,1
0.234756,0.313878,0.317,0,0,1,1
0.234756,0.313878,0.32,0,0,1,1
0.234756,0.313878,0.323,0,0,1,1
0.234756,0.313878,0.326,0,0,1,1
0.234756,0.313878,0.329,0,0,1,1
0.234756,0.313878,0.332,0,0,1,1
0.234756,0.313878,0.335,0,0,1,1
0.234756,0.313878,0.338,0,0,1,1
0.234756,0.313878,0.341,0,0,1,1
0.234756,0.313878,0.344,0,0,1,1
0.234756,0.313878,0.347,0,0,1,1
0.234756,0.313878,0.35,0,0,1,1
0.234756,0.313878,0.353,0,0,1,1
0.234756,0.313878,0.356,0,0,1,1
0.234756,0.313878,0.359,0,0,1,1
0.234756,0.313878,0.362,0,0,1,1
0.234756,0.313878,0.365,0,0,1,1
0.234756,0.313878,0.368,0,0,1,1
0.234756,0.313878,0.371,0,0,1,1
0.234756,0.313878,0.374,0,0,1,1
0.234756,0.313878,0.377,0,0,1,1
0.234756,0.313878,0.38,0,0,1,1
0.234756,0.313878,0.383,0,0,1,1
0.234756,0.313878,0.386,0,0,1,1
0.234756,0.313878,0.389,0,0,1,1
0.234756,0.313878,0.392,0,0,1,1
0.234756,0.313878,0.395,0,0,1,1
0.234756,0.313878,0.398,0,0,1,1
0.234756,0.313878,0.401,0,0,1,1
0.234756,0.313878,0.404,0,0,1,1
0.234756,0.313878,0.407,0,0,1,1
0.234756,0.313878,0.41,0,0,1,1
0.234756,0.313878,0.413,0,0,1,1
0.234756,0.313878,0.416,0,0,1,1
0.234756,0.313878,0.419,0,0,1,1
0.234756,0.313878,0.422,0,0,1,1
0.234756,0.313878,0.425,0,0,1,1
0.234756,0.313878,0.427999,0,0,1,1
0.234756,0.313878,0.430999,0,0,1,1
0.234756,0.313878,0.433999,0,0,1,1
0.234756,0.313878,0.436999,0,0,1,1
0.234756,0.313878,0.439999,0,0,1,1
0.237354,0.315378,0.26,0,0,1,1
0.237354,0.315378,0.263,0,0,1,1
0.237354,0.315378,0.266,0,0,1,1
0.237354,0.315378,0.269,0,0,1,1
0.237354,0.315378,0.272,0,0,1,1
0.237354,0.315378,0.275,0,0,1,1
0.237354,0.315378,0.278,0,0,1,1
0.237354,0.315378,0.281,0,0,1,1
0.237354,0.315378,0.284,0,0,1,1
0.237354,0.315378,0.287,0,0,1,1
0.237354,0.315378,0.29,0,0,1,1
0.237354,0.315378,0.293,0,0,1,1
0.237354,0.315378,0.296,0,0,1,1
0.237354,0.315378,0.299,0,0,1,1
0.237354,0.315378,0.302,0,0,1,1
0.237354,0.315378,0.305,0,0,1,1
0.237354,0.315378,0.308,0,0,1,1
0.237354,0.315378,0.311,0,0,1,1
0.237354,0.315378,0.314,0,0,1,1
0.237354,0.315378,0.317,0,0,1,1
0.237354,0.315378,0.32,0,0,1,1
0.237354,0.315378,0.323,0,0,1,1
0.237354,0.315378,0.326,0,0,1,1
0.237354,0.315378,0.329,0,0,1,1
0.237354,0.315378,0.332,0,0,1,1
0.237354,0.315378,0.335,0,0,1,1
0.237354,0.315378,0.338,0,0,1,1
0.237354,0.315378,0.341,0,0,1,1
0.237354,0.315378,0.344,0,0,1,1
0.237354,0.315378,0.347,0,0,1,1
0.237354,0.315378,0.35,0,0,1,1
0.237354,0.315378,0.353,0,0,1,1
0.237354,0.315378,0.356,0,0,1,1
0.237354,0.315378,0.359,0,0,1,1
0.237354,0.315378,0.362,0,0,1,1
0.237354,0.315378,0.365,0,0,1,1
0.237354,0.315378,0.368,0,0,1,1
0.237354,0.315378,0.371,0,0,1,1
0.237354,0.315378,0.374,0,0,1,1
0.237354,0.315378,0.377,0,0,1,1
0.237354,0.315378,0.38,0,0,1,1
0.237354,0.315378,0.383,0,0,1,1
0.237354,0.315378,0.386,0,0,1,1
0.237354,0.315378,0.389,0,0,1,1
0.237354,0.315378,0.392,0,0,1,1
0.237354,0.315378,0.395,0,0,1,1
0.237354,0.315378,0.398,0,0,1,1
0.237354,0.315378,0.401,0,0,1,1
0.237354,0.315378,0.404,0,0,1,1
0.237354,0.315378,0.407,0,0,1,1
0.237354,0.315378,0.41,0,0,1,1
0.237354,0.315378,0.413,0,0,1,1
0.237354,0.315378,0.416,0,0,1,1
0.237354,0.315378,0.419,0,0,1,1
0.237354,0.315378,0.422,0,0,1,1
0.237354,0.315378,0.425,0,0,1,1
0.237354,0.315378,0.427999,0,0,1,1
0.237354,0.315378,0.430999,0,0,1,1
0.237354,0.315378,0.433999,0,0,1,1
0.237354,0.315378,0.436999,0,0,1,1
0.237354,0.315378,0.439999,0,0,1,1
0.239952,0.316878,0.26,0,0,1,1
0.239952,0.316878,0.263,0,0,1,1
0.239952,0.316878,0.266,0,0,1,1
0.239952,0.316878,0.269,0,0,1,1
0.239952,0.316878,0.272,0,0,1,1
0.239952,0.316878,0.275,0,0,1,1
0.239952,0.316878,0.278,0,0,1,1
0.239952,0.316878,0.281,0,0,1,1
0.239952,0.316878,0.284,0,0,1,1
0.239952,0.316878,0.287,0,0,1,1
0.239952,0.316878,0.29,0,0,1,1
0.239952,0.316878,0.293,0,0,1,1
0.239952,0.316878,0.296,0,0,1,1
0.239952,0.316878,0.299,0,0,1,1
0.239952,0.316878,0.302,0,0,1,1
0.239952,0.316878,0.305,0,0,1,1
0.239952,0.316878,0.308,0,0,1,1
0.239952,0.316878,0.311,0,0,1,1
0.239952,0.316878,0.314,0,0,1,1
0.239952,0.316878,0.317,0,0,1,1
0.239952,0.316878,0.32,0,0,1,1
0.239952,0.316878,0.323,0,0,1,1
0.239952,0.316878,0.326,0,0,1,1
0.239952,0.316878,0.329,0,0,1,1
0.239952,0.316878,0.332,0,0,1,1
0.239952,0.316878,0.335,0,0,1,1
0.239952,0.316878,0.338,0,0,1,1
0.239952,0.316878,0.341,0,0,1,1
0.239952,0.316878,0.344,0,0,1,1
0.239952,0.316878,0.347,0,0,1,1
0.239952,0.316878,0.35,0,0,1,1
0.239952,0.316878,0.353,0,0,1,1
0.239952,0.316878,0.356,0,0,1,1
0.239952,0.316878,0.359,0,0,1,1
0.239952,0.316878,0.362,0,0,1,1
0.239952,0.316878,0.365,0,0,1,1
0.239952,0.316878,0.368,0,0,1,1
0.239952,0.316878,0.371,0,0,1,1
0.239952,0.316878,0.374,0,0,1,1
0.239952,0.316878,0.377,0,0,1,1
0.239952,0.316878,0.38,0,0,1,1
0.239952,0.316878,0.383,0,0,1,1
0.239952,0.316878,0.386,0,0,1,1
0.239952,0.316878,0.389,0,0,1,1
0.239952,0.316878,0.392,0,0,1,1
0.239952,0.316878,0.395,0,0,1,1
0.239952,0.316878,0.398,0,0,1,1
0.239952,0.316878,0.401,0,0,1,1
0.239952,0.316878,0.404,0,0,1,1
0.239952,0.316878,0.407,0,0,1,1
0.239952,0.316878,0.41,0,0,1,1
0.239952,0.316878,0.413,0,0,1,1
0.239952,0.316878,0.416,0,0,1,1
0.239952,0.316878,0.419,0,0,1,1
0.239952,0.316878,0.422,0,0,1,1
0.239952,0.316878,0.425,0,0,1,1
0.239952,0.316878,0.427999,0,0,1,1
0.239952,0.316878,0.430999,0,0,1,1
0.239952,0.316878,0.433999,0,0,1,1
0.239952,0.316878,0.436999,0,0,1,1
0.239952,0.316878,0.439999,0,0,1,1
0.24255,0.318378,0.26,0,0,1,1
0.24255,0.318378,0.263,0,0,1,1
0.24255,0.318378,0.266,0,0,1,1
0.24255,0.318378,0.269,0,0,1,1
0.24255,0.318378,0.272,0,0,1,1
0.24255,0.318378,0.275,0,0,1,1
0.24255,0.318378,0.278,0,0,1,1
0.24255,0.318378,0.281,0,0,1,1
0.24255,0.318378,0.284,0,0,1,1
0.24255,0.318378,0.287,0,0,1,1
0.24255,0.318378,0.29,0,0,1,1
0.24255,0.318378,0.293,0,0,1,1
0.24255,0.318378,0.296,0,0,1,1
0.24255,0.318378,0.299,0,0,1,1
0.24255,0.318378,0.302,0,0,1,1
0.24255,0.318378,0.305,0,0,1,1
0.24255,0.318378,0.308,0,0,1,1
0.24255,0.318378,0.311,0,0,1,1
0.24255,0.318378,0.314,0,0,1,1
0.24255,0.318378,0.317,0,0,1,1
0.24255,0.318378,0.32,0,0,1,1
0.24255,0.318378,0.323,0,0,1,1
0.24255,0.318378,0.326,0,0,1,1
0.24255,0.318378,0.329,0,0,1,1
0.24255,0.318378,0.332,0,0,1,1
0.24255,0.318378,0.335,0,0,1,1
0.24255,0.318378,0.338,0,0,1,1
0.24255,0.318378,0.341,0,0,1,1
0.24255,0.318378,0.344,0,0,1,1
0.24255,0.318378,0.347,0,0,1,1
0.24255,0.318378,0.35,0,0,1,1
0.24255,0.318378,0.353,0,0,1,1
0.24255,0.318378,0.356,0,0,1,1
0.24255,0.318378,0.359,0,0,1,1
0.24255,0.318378,0.362,0,0,1,1
0.24255,0.318378,0.365,0,0,1,1
0.24255,0.318378,0.368,0,0,1,1
0.24255,0.318378,0.371,0,0,1,1
0.24255,0.318378,0.374,0,0,1,1
0.24255,0.318378,0.377,0,0,1,1
0.24255,0.318378,0.38,0,0,1,1
0.24255,0.318378,0.383,0,0,1,1
0.24255,0.318378,0.386,0,0,1,1
0.24255,0.318378,0.389,0,0,1,1
0.24255,0.318378,0.392,0,0,1,1
0.24255,0.318378,0.395,0,0,1,1
0.24255,0.318378,0.398,0,0,1,1
0.24255,0.318378,0.401,0,0,1,1
0.24255,0.318378,0.404,0,0,1,1
0.24255,0.318378,0.407,0,0,1,1
0.24255,0.318378,0.41,0,0,1,1
0.24255,0.318378,0.413,0,0,1,1
0.24255,0.318378,0.416,0,0,1,1
0.24255,0.318378,0.419,0,0,1,1
0.24255,0.318378,0.422,0,0,1,1
0.24255,0.318378,0.425,0,0,1,1
0.24255,0.318378,0.427999,0,0,1,1
0.24255,0.318378,0.430999,0,0,1,1
0.24255,0.318378,0.433999,0,0,1,1
0.24255,0.318378,0.436999,0,0,1,1
0.24255,0.318378,0.439999,0,0,1,1
0.245148,0.319878,0.26,0,0,1,1
0.245148,0.319878,0.263,0,0,1,1
0.245148,0.319878,0.266,0,0,1,1
0.245148,0.319878,0.269,0,0,1,1
0.245148,0.319878,0.272,0,0,1,1
0.245148,0.319878,0.275,0,0,1,1
0.245148,0.319878,0.278,0,0,1,1
0.245148,0.319878,0.281,0,0,1,1
0.245148,0.319878,0.284,0,0,1,1
0.245148,0.319878,0.287,0,0,1,1
0.245148,0.319878,0.29,0,0,1,1
0.245148,0.319878,0.293,0,0,1,1
0.245148,0.319878,0.296,0,0,1,1
0.245148,0.319878,0.299,0,0,1,1
0.245148,0.319878,0.302,0,0,1,1
0.245148,0.319878,0.305,0,0,1,1
0.245148,0.319878,0.308,0,0,1,1
0.245148,0.319878,0.311,0,0,1,1
0.245148,0.319878,0.314,0,0,1,1
0.245148,0.319878,0.317,0,0,1,1
0.245148,0.319878,0.32,0,0,1,1
0.245148,0.319878,0.323,0,0,1,1
0.245148,0.319878,0.326,0,0,1,1
0.245148,0.319878,0.329,0,0,1,1
0.245148,0.319878,0.332,0,0,1,1
0.245148,0.319878,0.335,0,0,1,1
0.245148,0.319878,0.338,0,0,1,1
0.245148,0.319878,0.341,0,0,1,1
0.245148,0.319878,0.344,0,0,1,1
0.245148,0.319878,0.347,0,0,1,1
0.245148,0.319878,0.35,0,0,1,1
0.245148,0.319878,0.353,0,0,1,1
0.245148,0.319878,0.356,0,0,1,1
0.245148,0.319878,0.359,0,0,1,1
0.245148,0.319878,0.362,0,0,1,1
0.245148,0.319878,0.365,0,0,1,1
0.245148,0.319878,0.368,0,0,1,1
0.245148,0.319878,0.371,0,0,1,1
0.245148,0.319878,0.374,0,0,1,1
0.245148,0.319878,0.377,0,0,1,1
0.245148,0.319878,0.38,0,0,1,1
0.245148,0.319878,0.383,0,0,1,1
0.245148,0.319878,0.386,0,0,1,1
0.245148,0.319878,0.389,0,0,1,1
0.245148,0.319878,0.392,0,0,1,1
0.245148,0.319878,0.395,0,0,1,1
0.245148,0.319878,0.398,0,0,1,1
0.245148,0.319878,0.401,0,0,1,1
0.245148,0.319878,0.404,0,0,1,1
0.245148,0.319878,0.407,0,0,1,1
0.245148,0.319878,0.41,0,0,1,1
0.245148,0.319878,0.413,0,0,1,1
0.245148,0.319878,0.416,0,0,1,1
0.245148,0.319878,0.419,0,0,1,1
0.245148,0.319878,0.422,0,0,1,1
0.245148,0.319878,0.425,0,0,1,1
0.245148,0.319878,0.427999,0,0,1,1
0.245148,0.319878,0.430999,0,0,1,1
0.245148,0.319878,0.433999,0,0,1,1
0.245148,0.319878,0.436999,0,0,1,1
0.245148,0.319878,0.439999,0,0,1,1
0.247746,0.321378,0.26,0,0,1,1
0.247746,0.321378,0.263,0,0,1,1
0.247746,0.321378,0.266,0,0,1,1
0.247746,0.321378,0.269,0,0,1,1
0.247746,0.321378,0.272,0,0,1,1
0.247746,0.321378,0.275,0,0,1,1
0.247746,0.321378,0.278,0,0,1,1
0.247746,0.321378,0.281,0,0,1,1
0.247746,0.321378,0.284,0,0,1,1
0.247746,0.321378,0.287,0,0,1,1
0.247746,0.321378,0.29,0,0,1,1
0.247746,0.321378,0.293,0,0,1,1
0.247746,0.321378,0.296,0,0,1,1
0.247746,0.321378,0.299,0,0,1,1
0.247746,0.321378,0.302,0,0,1,1
0.247746,0.321378,0.305,0,0,1,1
0.247746,0.321378,0.308,0,0,1,1
0.247746,0.321378,0.311,0,0,1,1
0.247746,0.321378,0.314,0,0,1,1
0.247746,0.321378,0.317,0,0,1,1
0.247746,0.321378,0.32,0,0,1,1
0.247746,0.321378,0.323,0,0,1,1
0.247746,0.321378,0.326,0,0,1,1
0.247746,0.321378,0.329,0,0,1,1
0.247746,0.321378,0.332,0,0,1,1
0.247746,0.321378,0.335,0,0,1,1
0.247746,0.321378,0.338,0,0,1,1
0.247746,0.321378,0.341,0,0,1,1
0.247746,0.321378,0.344,0,0,1,1
0.247746,0.321378,0.347,0,0,1,1
0.247746,0.321378,0.35,0,0,1,1
0.247746,0.321378,0.353,0,0,1,1
0.247746,0.321378,0.356,0,0,1,1
0.247746,0.321378,0.359,0,0,1,1
0.247746,0.321378,0.362,0,0,1,1
0.247746,0.321378,0.365,0,0,1,1
0.247746,0.321378,0.368,0,0,1,1
0.247746,0.321378,0.371,0,0,1,1
0.247746,0.321378,0.374,0,0,1,1
0.247746,0.321378,0.377,0,0,1,1
0.247746,0.321378,0.38,0,0,1,1
0.247746,0.321378,0.383,0,0,1,1
0.247746,0.321378,0.386,0,0,1,1
0.247746,0.321378,0.389,0,0,1,1
0.247746,0.321378,0.392,0,0,1,1
0.247746,0.321378,0.395,0,0,1,1
0.247746,0.321378,0.398,0,0,1,1
0.247746,0.321378,0.401,0,0,1,1
0.247746,0.321378,0.404,0,0,1,1
0.247746,0.321378,0.407,0,0,1,1
0.247746,0.321378,0.41,0,0,1,1
0.247746,0.321378,0.413,0,0,1,1
0.247746,0.321378,0.416,0,0,1,1
0.247746,0.321378,0.419,0,0,1,1
0.247746,0.321378,0.422,0,0,1,1
0.247746,0.321378,0.425,0,0,1,1
0.247746,0.321378,0.427999,0,0,1,1
0.247746,0.321378,0.430999,0,0,1,1
0.247746,0.321378,0.433999,0,0,1,1
0.247746,0.321378,0.436999,0,0,1,1
0.247746,0.321378,0.439999,0,0,1,1
0.250344,0.322878,0.26,0,0,1,1
0.250344,0.322878,0.263,0,0,1,1
0.250344,0.322878,0.266,0,0,1,1
0.250344,0.322878,0.269,0,0,1,1
0.250344,0.322878,0.272,0,0,1,1
0.250344,0.322878,0.275,0,0,1,1
0.250344,0.322878,0.278,0,0,1,1
0.250344,0.322878,0.281,0,0,1,1
0.250344,0.322878,0.284,0,0,1,1
0.250344,0.322878,0.287,0,0,1,1
0.250344,0.322878,0.29,0,0,1,1
0.250344,0.322878,0.293,0,0,1,1
0.250344,0.322878,0.296,0,0,1,1
0.250344,0.322878,0.299,0,0,1,1
0.250344,0.322878,0.302,0,0,1,1
0.250344,0.322878,0.305,0,0,1,1
0.250344,0.322878,0.308,0,0,1,1
0.250344,0.322878,0.311,0,0,1,1
0.250344,0.322878,0.314,0,0,1,1
0.250344,0.322878,0.317,0,0,1,1
0.250344,0.322878,0.32,0,0,1,1
0.250344,0.322878,0.323,0,0,1,1
0.250344,0.322878,0.326,0,0,1,1
0.250344,0.322878,0.329,0,0,1,1
0.250344,0.322878,0.332,0,0,1,1
0.250344,0.322878,0.335,0,0,1,1
0.250344,0.322878,0.338,0,0,1,1
0.250344,0.322878,0.341,0,0,1,1
0.250344,0.322878,0.344,0,0,1,1
0.250344,0.322878,0.347,0,0,1,1
0.250344,0.322878,0.35,0,0,1,1
0.250344,0.322878,0.353,0,0,1,1
0.250344,0.322878,0.356,0,0,1,1
0.250344,0.322878,0.359,0,0,1,1
0.250344,0.322878,0.362,0,0,1,1
0.250344,0.322878,0.365,0,0,1,1
0.250344,0.322878,0.368,0,0,1,1
0.250344,0.322878,0.371,0,0,1,1
0.250344,0.322878,0.374,0,0,1,1
0.250344,0.322878,0.377,0,0,1,1
0.250344,0.322878,0.38,0,0,1,1
0.250344,0.322878,0.383,0,0,1,1
0.250344,0.322878,0.386,0,0,1,1
0.250344,0.322878,0.389,0,0,1,1
0.250344,0.322878,0.392,0,0,1,1
0.250344,0.322878,0.395,0,0,1,1
0.250344,0.322878,0.398,0,0,1,1
0.250344,0.322878,0.401,0,0,1,1
0.250344,0.322878,0.404,0,0,1,1
0.250344,0.322878,0.407,0,0,1,1
0.250344,0.322878,0.41,0,0,1,1
0.250344,0.322878,0.413,0,0,1,1
0.250344,0.322878,0.416,0,0,1,1
0.250344,0.322878,0.419,0,0,1,1
0.250344,0.322878,0.422,0,0,1,1
0.250344,0.322878,0.425,0,0,1,1
0.250344,0.322878,0.427999,0,0,1,1
0.250344,0.322878,0.430999,0,0,1,1
0.250344,0.322878,0.433999,0,0,1,1
0.250344,0.322878,0.436999,0,0,1,1
0.250344,0.322878,0.439999,0,0,1,1
0.252942,0.324378,0.26,0,0,1,1
0.252942,0.324378,0.263,0,0,1,1
0.252942,0.324378,0.266,0,0,1,1
0.252942,0.324378,0.269,0,0,1,1
0.252942,0.324378,0.272,0,0,1,1
0.252942,0.324378,0.275,0,0,1,1
0.252942,0.324378,0.278,0,0,1,1
0.252942,0.324378,0.281,0,0,1,1
0.252942,0.324378,0.284,0,0,1,1
0.252942,0.324378,0.287,0,0,1,1
0.252942,0.324378,0.29,0,0,1,1
0.252942,0.324378,0.293,0,0,1,1
0.252942,0.324378,0.296,0,0,1,1
0.252942,0.324378,0.299,0,0,1,1
0.252942,0.324378,0.302,0,0,1,1
0.252942,0.324378,0.305,0,0,1,1
0.252942,0.324378,0.308,0,0,1,1
0.252942,0.324378,0.311,0,0,1,1
0.252942,0.324378,0.314,0,0,1,1
0.252942,0.324378,0.317,0,0,1,1
0.252942,0.324378,0.32,0,0,1,1
0.252942,0.324378,0.323,0,0,1,1
0.252942,0.324378,0.326,0,0,1,1
0.252942,0.324378,0.329,0,0,1,1
0.252942,0.324378,0.332,0,0,1,1
0.252942,0.324378,0.335,0,0,1,1
0.252942,0.324378,0.338,0,0,1,1
0.252942,0.324378,0.341,0,0,1,1
0.252942,0.324378,0.344,0,0,1,1
0.252942,0.324378,0.347,0,0,1,1
0.252942,0.324378,0.35,0,0,1,1
0.252942,0.324378,0.353,0,0,1,1
0.252942,0.324378,0.356,0,0,1,1
0.252942,0.324378,0.359,0,0,1,1
0.252942,0.324378,0.362,0,0,1,1
0.252942,0.324378,0.365,0,0,1,1
0.252942,0.324378,0.368,0,0,1,1
0.252942,0.324378,0.371,0,0,1,1
0.252942,0.324378,0.374,0,0,1,1
0.252942,0.324378,0.377,0,0,1,1
0.252942,0.324378,0.38,0,0,1,1
0.252942,0.324378,0.383,0,0,1,1
0.252942,0.324378,0.386,0,0,1,1
0.252942,0.324378,0.389,0,0,1,1
0.252942,0.324378,0.392,0,0,1,1
0.252942,0.324378,0.395,0,0,1,1
0.252942,0.324378,0.398,0,0,1,1
0.252942,0.324378,0.401,0,0,1,1
0.252942,0.324378,0.404,0,0,1,1
0.252942,0.324378,0.407,0,0,1,1
0.252942,0.324378,0.41,0,0,1,1
0.252942,0.324378,0.413,0,0,1,1
0.252942,0.324378,0.416,0,0,1,1
0.252942,0.324378,0.419,0,0,1,1
0.252942,0.324378,0.422,0,0,1,1
0.252942,0.324378,0.425,0,0,1,1
0.252942,0.324378,0.427999,0,0,1,1
0.252942,0.324378,0.430999,0,0,1,1
0.252942,0.324378,0.433999,0,0,1,1
0.252942,0.324378,0.436999,0,0,1,1
0.252942,0.324378,0.439999,0,0,1,1
0.25554,0.325878,0.26,0,0,1,1
0.25554,0.325878,0.263,0,0,1,1
0.25554,0.325878,0.266,0,0,1,1
0.25554,0.325878,0.269,0,0,1,1
0.25554,0.325878,0.272,0,0,1,1
0.25554,0.325878,0.275,0,0,1,1
0.25554,0.325878,0.278,0,0,1,1
0.25554,0.325878,0.281,0,0,1,1
0.25554,0.325878,0.284,0,0,1,1
0.25554,0.325878,0.287,0,0,1,1
0.25554,0.325878,0.29,0,0,1,1
0.25554,0.325878,0.293,0,0,1,1
0.25554,0.325878,0.296,0,0,1,1
0.25554,0.325878,0.299,0,0,1,1
0.25554,0.325878,0.302,0,0,1,1
0.25554,0.325878,0.305,0,0,1,1
0.25554,0.325878,0.308,0,0,1,1
0.25554,0.325878,0.311,0,0,1,1
0.25554,0.325878,0.314,0,0,1,1
0.25554,0.325878,0.317,0,0,1,1
0.25554,0.325878,0.32,0,0,1,1
0.25554,0.325878,0.323,0,0,1,1
0.25554,0.325878,0.326,0,0,1,1
0.25554,0.325878,0.329,0,0,1,1
0.25554,0.325878,0.332,0,0,1,1
0.25554,0.325878,0.335,0,0,1,1
0.25554,0.325878,0.338,0,0,1,1
0.25554,0.325878,0.341,0,0,1,1
0.25554,0.325878,0.344,0,0,1,1
0.25554,0.325878,0.347,0,0,1,1
0.25554,0.325878,0.35,0,0,1,1
0.25554,0.325878,0.353,0,0,1,1
0.25554,0.325878,0.356,0,0,1,1
0.25554,0.325878,0.359,0,0,1,1
0.25554,0.325878,0.362,0,0,1,1
0.25554,0.325878,0.365,0,0,1,1
0.25554,0.325878,0.368,0,0,1,1
0.25554,0.325878,0.371,0,0,1,1
0.25554,0.325878,0.374,0,0,1,1
0.25554,0.325878,0.377,0,0,1,1
0.25554,0.325878,0.38,0,0,1,1
0.25554,0.325878,0.383,0,0,1,1
0.25554,0.325878,0.386,0,0,1,1
0.25554,0.325878,0.389,0,0,1,1
0.25554,0.325878,0.392,0,0,1,1
0.25554,0.325878,0.395,0,0,1,1
0.25554,0.325878,0.398,0,0,1,1
0.25554,0.325878,0.401,0,0,1,1
0.25554,0.325878,0.404,0,0,1,1
0.25554,0.325878,0.407,0,0,1,1
0.25554,0.325878,0.41,0,0,1,1
0.25554,0.325878,0.413,0,0,1,1
0.25554,0.325878,0.416,0,0,1,1
0.25554,0.325878,0.419,0,0,1,1
0.25554,0.325878,0.422,0,0,1,1
0.25554,0.325878,0.425,0,0,1,1
0.25554,0.325878,0.427999,0,0,1,1
0.25554,0.325878,0.430999,0,0,1,1
0.25554,0.325878,0.433999,0,0,1,1
0.25554,0.325878,0.436999,0,0,1,1
0.25554,0.325878,0.439999,0,0,1,1
0.258138,0.327378,0.26,0,0,1,1
0.258138,0.327378,0.263,0,0,1,1
0.258138,0.327378,0.266,0,0,1,1
0.258138,0.327378,0.269,0,0,1,1
0.258138,0.327378,0.272,0,0,1,1
0.258138,0.327378,0.275,0,0,1,1
0.258138,0.327378,0.278,0,0,1,1
0.258138,0.327378,0.281,0,0,1,1
0.258138,0.327378,0.284,0,0,1,1
0.258138,0.327378,0.287,0,0,1,1
0.258138,0.327378,0.29,0,0,1,1
0.258138,0.327378,0.293,0,0,1,1
0.258138,0.327378,0.296,0,0,1,1
0.258138,0.327378,0.299,0,0,1,1
0.258138,0.327378,0.302,0,0,1,1
0.258138,0.327378,0.305,0,0,1,1
0.258138,0.327378,0.308,0,0,1,1
0.258138,0.327378,0.311,0,0,1,1
0.258138,0.327378,0.314,0,0,1,1
0.258138,0.327378,0.317,0,0,1,1
0.258138,0.327378,0.32,0,0,1,1
0.258138,0.327378,0.323,0,0,1,1
0.258138,0.327378,0.326,0,0,1,1
0.258138,0.327378,0.329,0,0,1,1
0.258138,0.327378,0.332,0,0,1,1
0.258138,0.327378,0.335,0,0,1,1
0.258138,0.327378,0.338,0,0,1,1
0.258138,0.327378,0.341,0,0,1,1
0.258138,0.327378,0.344,0,0,1,1
0.258138,0.327378,0.347,0,0,1,1
0.258138,0.327378,0.35,0,0,1,1
0.258138,0.327378,0.353,0,0,1,1
0.258138,0.327378,0.356,0,0,1,1
0.258138,0.327378,0.359,0,0,1,1
0.258138,0.327378,0.362,0,0,1,1
0.258138,0.327378,0.365,0,0,1,1
0.258138,0.327378,0.368,0,0,1,1
0.258138,0.327378,0.371,0,0,1,1
0.258138,0.327378,0.374,0,0,1,1
0.258138,0.327378,0.377,0,0,1,1
0.258138,0.327378,0.38,0,0,1,1
0.258138,0.327378,0.383,0,0,1,1
0.258138,0.327378,0.386,0,0,1,1
0.258138,0.327378,0.389,0,0,1,1
0.258138,0.327378,0.392,0,0,1,1
0.258138,0.327378,0.395,0,0,1,1
0.258138,0.327378,0.398,0,0,1,1
0.258138,0.327378,0.401,0,0,1,1
0.258138,0.327378,0.404,0,0,1,1
0.258138,0.327378,0.407,0,0,1,1
0.258138,0.327378,0.41,0,0,1,1
0.258138,0.327378,0.413,0,0,1,1
0.258138,0.327378,0.416,0,0,1,1
0.258138,0.327378,0.419,0,0,1,1
0.258138,0.327378,0.422,0,0,1,1
0.258138,0.327378,0.425,0,0,1,1
0.258138,0.327378,0.427999,0,0,1,1
0.258138,0.327378,0.430999,0,0,1,1
0.258138,0.327378,0.433999,0,0,1,1
0.258138,0.327378,0.436999,0,0,1,1
0.258138,0.327378,0.439999,0,0,1,1
0.260736,0.328878,0.26,0,0,1,1
0.260736,0.328878,0.263,0,0,1,1
0.260736,0.328878,0.266,0,0,1,1
0.260736,0.328878,0.269,0,0,1,1
0.260736,0.328878,0.272,0,0,1,1
0.260736,0.328878,0.275,0,0,1,1
0.260736,0.328878,0.278,0,0,1,1
0.260736,0.328878,0.281,0,0,1,1
0.260736,0.328878,0.284,0,0,1,1
0.260736,0.328878,0.287,0,0,1,1
0.260736,0.328878,0.29,0,0,1,1
0.260736,0.328878,0.293,0,0,1,1
0.260736,0.328878,0.296,0,0,1,1
0.260736,0.328878,0.299,0,0,1,1
0.260736,0.328878,0.302,0,0,1,1
0.260736,0.328878,0.305,0,0,1,1
0.260736,0.328878,0.308,0,0,1,1
0.260736,0.328878,0.311,0,0,1,1
0.260736,0.328878,0.314,0,0,1,1
0.260736,0.328878,0.317,0,0,1,1
0.260736,0.328878,0.32,0,0,1,1
0.260736,0.328878,0.323,0,0,1,1
0.260736,0.328878,0.326,0,0,1,1
0.260736,0.328878,0.329,0,0,1,1
0.260736,0.328878,0.332,0,0,1,1
0.260736,0.328878,0.335,0,0,1,1
0.260736,0.328878,0.338,0,0,1,1
0.260736,0.328878,0.341,0,0,1,1
0.260736,0.328878,0.344,0,0,1,1
0.260736,0.328878,0.347,0,0,1,1
0.260736,0.328878,0.35,0,0,1,1
0.260736,0.328878,0.353,0,0,1,1
0.260736,0.328878,0.356,0,0,1,1
0.260736,0.328878,0.359,0,0,1,1
0.260736,0.328878,0.362,0,0,1,1
0.260736,0.328878,0.365,0,0,1,1
0.260736,0.328878,0.368,0,0,1,1
0.260736,0.328878,0.371,0,0,1,1
0.260736,0.328878,0.374,0,0,1,1
0.260736,0.328878,0.377,0,0,1,1
0.260736,0.328878,0.38,0,0,1,1
0.260736,0.328878,0.383,0,0,1,1
0.260736,0.328878,0.386,0,0,1,1
0.260736,0.328878,0.389,0,0,1,1
0.260736,0.328878,0.392,0,0,1,1
0.260736,0.328878,0.395,0,0,1,1
0.260736,0.328878,0.398,0,0,1,1
0.260736,0.328878,0.401,0,0,1,1
0.260736,0.328878,0.404,0,0,1,1
0.260736,0.328878,0.407,0,0,1,1
0.260736,0.328878,0.41,0,0,1,1
0.260736,0.328878,0.413,0,0,1,1
0.260736,0.328878,0.416,0,0,1,1
0.260736,0.328878,0.419,0,0,1,1
0.260736,0.328878,0.422,0,0,1,1
0.260736,0.328878,0.425,0,0,1,1
0.260736,0.328878,0.427999,0,0,1,1
0.260736,0.328878,0.430999,0,0,1,1
0.260736,0.328878,0.433999,0,0,1,1
0.260736,0.328878,0.436999,0,0,1,1
0.260736,0.328878,0.439999,0,0,1,1
0.263335,0.330378,0.26,0,0,1,1
0.263335,0.330378,0.263,0,0,1,1
0.263335,0.330378,0.266,0,0,1,1
0.263335,0.330378,0.269,0,0,1,1
0.263335,0.330378,0.272,0,0,1,1
0.263335,0.330378,0.275,0,0,1,1
0.263335,0.330378,0.278,0,0,1,1
0.263335,0.330378,0.281,0,0,1,1
0.263335,0.330378,0.284,0,0,1,1
0.263335,0.330378,0.287,0,0,1,1
0.263335,0.330378,0.29,0,0,1,1
0.263335,0.330378,0.293,0,0,1,1
0.263335,0.330378,0.296,0,0,1,1
0.263335,0.330378,0.299,0,0,1,1
0.263335,0.330378,0.302,0,0,1,1
0.263335,0.330378,0.305,0,0,1,1
0.263335,0.330378,0.308,0,0,1,1
0.263335,0.330378,0.311,0,0,1,1
0.263335,0.330378,0.314,0,0,1,1
0.263335,0.330378,0.317,0,0,1,1
0.263335,0.330378,0.32,0,0,1,1
0.263335,0.330378,0.323,0,0,1,1
0.263335,0.330378,0.326,0,0,1,1
0.263335,0.330378,0.329,0,0,1,1
0.263335,0.330378,0.332,0,0,1,1
0.263335,0.330378,0.335,0,0,1,1
0.263335,0.330378,0.338,0,0,1,1
0.263335,0.330378,0.341,0,0,1,1
0.263335,0.330378,0.344,0,0,1,1
0.263335,0.330378,0.347,0,0,1,1
0.263335,0.330378,0.35,0,0,1,1
0.263335,0.330378,0.353,0,0,1,1
0.263335,0.330378,0.356,0,0,1,1
0.263335,0.330378,0.359,0,0,1,1
0.263335,0.330378,0.362,0,0,1,1
0.263335,0.330378,0.365,0,0,1,1
0.263335,0.330378,0.368,0,0,1,1
0.263335,0.330378,0.371,0,0,1,1
0.263335,0.330378,0.374,0,0,1,1
0.263335,0.330378,0.377,0,0,1,1
0.263335,0.330378,0.38,0,0,1,1
0.263335,0.330378,0.383,0,0,1,1
0.263335,0.330378,0.386,0,0,1,1
0.263335,0.330378,0.389,0,0,1,1
0.263335,0.330378,0.392,0,0,1,1
0.263335,0.330378,0.395,0,0,1,1
0.263335,0.330378,0.398,0,0,1,1
0.263335,0.330378,0.401,0,0,1,1
0.263335,0.330378,0.404,0,0,1,1
0.263335,0.330378,0.407,0,0,1,1
0.263335,0.330378,0.41,0,0,1,1
0.263335,0.330378,0.413,0,0,1,1
0.263335,0.330378,0.416,0,0,1,1
0.263335,0.330378,0.419,0,0,1,1
0.263335,0.330378,0.422,0,0,1,1
0.263335,0.330378,0.425,0,0,1,1
0.263335,0.330378,0.427999,0,0,1,1
0.263335,0.330378,0.430999,0,0,1,1
0.263335,0.330378,0.433999,0,0,1,1
0.263335,0.330378,0.436999,0,0,1,1
0.263335,0.330378,0.439999,0,0,1,1
0.265933,0.331878,0.26,0,0,1,1
0.265933,0.331878,0.263,0,0,1,1
0.265933,0.331878,0.266,0,0,1,1
0.265933,0.331878,0.269,0,0,1,1
0.265933,0.331878,0.272,0,0,1,1
0.265933,0.331878,0.275,0,0,1,1
0.265933,0.331878,0.278,0,0,1,1
0.265933,0.331878,0.281,0,0,1,1
0.265933,0.331878,0.284,0,0,1,1
0.265933,0.331878,0.287,0,0,1,1
0.265933,0.331878,0.29,0,0,1,1
0.265933,0.331878,0.293,0,0,1,1
0.265933,0.331878,0.296,0,0,1,1
0.265933,0.331878,0.299,0,0,1,1
0.265933,0.331878,0.302,0,0,1,1
0.265933,0.331878,0.305,0,0,1,1
0.265933,0.331878,0.308,0,0,1,1
0.265933,0.331878,0.311,0,0,1,1
0.265933,0.331878,0.314,0,0,1,1
0.265933,0.331878,0.317,0,0,1,1
0.265933,0.331878,0.32,0,0,1,1
0.265933,0.331878,0.323,0,0,1,1
0.265933,0.331878,0.326,0,0,1,1
0.265933,0.331878,0.329,0,0,1,1
0.265933,0.331878,0.332,0,0,1,1
0.265933,0.331878,0.335,0,0,1,1
0.265933,0.331878,0.338,0,0,1,1
0.265933,0.331878,0.341,0,0,1,1
0.265933,0.331878,0.344,0,0,1,1
0.265933,0.331878,0.347,0,0,1,1
0.265933,0.331878,0.35,0,0,1,1
0.265933,0.331878,0.353,0,0,1,1
0.265933,0.331878,0.356,0,0,1,1
0.265933,0.331878,0.359,0,0,1,1
0.265933,0.331878,0.362,0,0,1,1
0.265933,0.331878,0.365,0,0,1,1
0.265933,0.331878,0.368,0,0,1,1
0.265933,0.331878,0.371,0,0,1,1
0.265933,0.331878,0.374,0,0,1,1
0.265933,0.331878,0.377,0,0,1,1
0.265933,0.331878,0.38,0,0,1,1
0.265933,0.331878,0.383,0,0,1,1
0.265933,0.331878,0.386,0,0,1,1
0.265933,0.331878,0.389,0,0,1,1
0.265933,0.331878,0.392,0,0,1,1
0.265933,0.331878,0.395,0,0,1,1
0.265933,0.331878,0.398,0,0,1,1
0.265933,0.331878,0.401,0,0,1,1
0.265933,0.331878,0.404,0,0,1,1
0.265933,0.331878,0.407,0,0,1,1
0.265933,0.331878,0.41,0,0,1,1
0.265933,0.331878,0.413,0,0,1,1
0.265933,0.331878,0.416,0,0,1,1
0.265933,0.331878,0.419,0,0,1,1
0.265933,0.331878,0.422,0,0,1,1
0.265933,0.331878,0.425,0,0,1,1
0.265933,0.331878,0.427999,0,0,1,1
0.265933,0.331878,0.430999,0,0,1,1
0.265933,0.331878,0.433999,0,0,1,1
0.265933,0.331878,0.436999,0,0,1,1
0.265933,0.331878,0.439999,0,0,1,1
0.268531,0.333378,0.26,0,0,1,1
0.268531,0.333378,0.263,0,0,1,1
0.268531,0.333378,0.266,0,0,1,1
0.268531,0.333378,0.269,0,0,1,1
0.268531,0.333378,0.272,0,0,1,1
0.268531,0.333378,0.275,0,0,1,1
0.268531,0.333378,0.278,0,0,1,1
0.268531,0.333378,0.281,0,0,1,1
0.268531,0.333378,0.284,0,0,1,1
0.268531,0.333378,0.287,0,0,1,1
0.268531,0.333378,0.29,0,0,1,1
0.268531,0.333378,0.293,0,0,1,1
0.268531,0.333378,0.296,0,0,1,1
0.268531,0.333378,0.299,0,0,1,1
0.268531,0.333378,0.302,0,0,1,1
0.268531,0.333378,0.305,0,0,1,1
0.268531,0.333378,0.308,0,0,1,1
0.268531,0.333378,0.311,0,0,1,1
0.268531,0.333378,0.314,0,0,1,1
0.268531,0.333378,0.317,0,0,1,1
0.268531,0.333378,0.32,0,0,1,1
0.268531,0.333378,0.323,0,0,1,1
0.268531,0.333378,0.326,0,0,1,1
0.268531,0.333378,0.329,0,0,1,1
0.268531,0.333378,0.332,0,0,1,1
0.268531,0.333378,0.335,0,0,1,1
0.268531,0.333378,0.338,0,0,1,1
0.268531,0.333378,0.341,0,0,1,1
0.268531,0.333378,0.344,0,0,1,1
0.268531,0.333378,0.347,0,0,1,1
0.268531,0.333378,0.35,0,0,1,1
0.268531,0.333378,0.353,0,0,1,1
0.268531,0.333378,0.356,0,0,1,1
0.268531,0.333378,0.359,0,0,1,1
0.268531,0.333378,0.362,0,0,1,1
0.268531,0.333378,0.365,0,0,1,1
0.268531,0.333378,0.368,0,0,1,1
0.268531,0.333378,0.371,0,0,1,1
0.268531,0.333378,0.374,0,0,1,1
0.268531,0.333378,0.377,0,0,1,1
0.268531,0.333378,0.38,0,0,1,1
0.268531,0.333378,0.383,0,0,1,1
0.268531,0.333378,0.386,0,0,1,1
0.268531,0.333378,0.389,0,0,1,1
0.268531,0.333378,0.392,0,0,1,1
0.268531,0.333378,0.395,0,0,1,1
0.268531,0.333378,0.398,0,0,1,1
0.268531,0.333378,0.401,0,0,1,1
0.268531,0.333378,0.404,0,0,1,1
0.268531,0.333378,0.407,0,0,1,1
0.268531,0.333378,0.41,0,0,1,1
0.268531,0.333378,0.413,0,0,1,1
0.268531,0.333378,0.416,0,0,1,1
0.268531,0.333378,0.419,0,0,1,1
0.268531,0.333378,0.422,0,0,1,1
0.268531,0.333378,0.425,0,0,1,1
0.268531,0.333378,0.427999,0,0,1,1
0.268531,0.333378,0.430999,0,0,1,1
0.268531,0.333378,0.433999,0,0,1,1
0.268531,0.333378,0.436999,0,0,1,1
0.268531,0.333378,0.439999,0,0,1,1
0.271129,0.334878,0.26,0,0,1,1
0.271129,0.334878,0.263,0,0,1,1
0.271129,0.334878,0.266,0,0,1,1
0.271129,0.334878,0.269,0,0,1,1
0.271129,0.334878,0.272,0,0,1,1
0.271129,0.334878,0.275,0,0,1,1
0.271129,0.334878,0.278,0,0,1,1
0.271129,0.334878,0.281,0,0,1,1
0.271129,0.334878,0.284,0,0,1,1
0.271129,0.334878,0.287,0,0,1,1
0.271129,0.334878,0.29,0,0,1,1
0.271129,0.334878,0.293,0,0,1,1
0.271129,0.334878,0.296,0,0,1,1
0.271129,0.334878,0.299,0,0,1,1
0.271129,0.334878,0.302,0,0,1,1
0.271129,0.334878,0.305,0,0,1,1
0.271129,0.334878,0.308,0,0,1,1
0.271129,0.334878,0.311,0,0,1,1
0.271129,0.334878,0.314,0,0,1,1
0.271129,0.334878,0.317,0,0,1,1
0.271129,0.334878,0.32,0,0,1,1
0.271129,0.334878,0.323,0,0,1,1
0.271129,0.334878,0.326,0,0,1,1
0.271129,0.334878,0.329,0,0,1,1
0.271129,0.334878,0.332,0,0,1,1
0.271129,0.334878,0.335,0,0,1,1
0.271129,0.334878,0.338,0,0,1,1
0.271129,0.334878,0.341,0,0,1,1
0.271129,0.334878,0.344,0,0,1,1
0.271129,0.334878,0.347,0,0,1,1
0.271129,0.334878,0.35,0,0,1,1
0.271129,0.334878,0.353,0,0,1,1
0.271129,0.334878,0.356,0,0,1,1
0.271129,0.334878,0.359,0,0,1,1
0.271129,0.334878,0.362,0,0,1,1
0.271129,0.334878,0.365,0,0,1,1
0.271129,0.334878,0.368,0,0,1,1
0.271129,0.334878,0.371,0,0,1,1
0.271129,0.334878,0.374,0,0,1,1
0.271129,0.334878,0.377,0,0,1,1
0.271129,0.334878,0.38,0,0,1,1
0.271129,0.334878,0.383,0,0,1,1
0.271129,0.334878,0.386,0,0,1,1
0.271129,0.334878,0.389,0,0,1,1
0.271129,0.334878,0.392,0,0,1,1
0.271129,0.334878,0.395,0,0,1,1
0.271129,0.334878,0.398,0,0,1,1
0.271129,0.334878,0.401,0,0,1,1
0.271129,0.334878,0.404,0,0,1,1
0.271129,0.334878,0.407,0,0,1,1
0.271129,0.334878,0.41,0,0,1,1
0.271129,0.334878,0.413,0,0,1,1
0.271129,0.334878,0.416,0,0,1,1
0.271129,0.334878,0.419,0,0,1,1
0.271129,0.334878,0.422,0,0,1,1
0.271129,0.334878,0.425,0,0,1,1
0.271129,0.334878,0.427999,0,0,1,1
0.271129,0.334878,0.430999,0,0,1,1
0.271129,0.334878,0.433999,0,0,1,1
0.271129,0.334878,0.436999,0,0,1,1
0.271129,0.334878,0.439999,0,0,1,1
0.273727,0.336378,0.26,0,0,1,1
0.273727,0.336378,0.263,0,0,1,1
0.273727,0.336378,0.266,0,0,1,1
0.273727,0.336378,0.269,0,0,1,1
0.273727,0.336378,0.272,0,0,1,1
0.273727,0.336378,0.275,0,0,1,1
0.273727,0.336378,0.278,0,0,1,1
0.273727,0.336378,0.281,0,0,1,1
0.273727,0.336378,0.284,0,0,1,1
0.273727,0.336378,0.287,0,0,1,1
0.273727,0.336378,0.29,0,0,1,1
0.273727,0.336378,0.293,0,0,1,1
0.273727,0.336378,0.296,0,0,1,1
0.273727,0.336378,0.299,0,0,1,1
0.273727,0.336378,0.302,0,0,1,1
0.273727,0.336378,0.305,0,0,1,1
0.273727,0.336378,0.308,0,0,1,1
0.273727,0.336378,0.311,0,0,1,1
0.273727,0.336378,0.314,0,0,1,1
0.273727,0.336378,0.317,0,0,1,1
0.273727,0.336378,0.32,0,0,1,1
0.273727,0.336378,0.323,0,0,1,1
0.273727,0.336378,0.326,0,0,1,1
0.273727,0.336378,0.329,0,0,1,1
0.273727,0.336378,0.332,0,0,1,1
0.273727,0.336378,0.335,0,0,1,1
0.273727,0.336378,0.338,0,0,1,1
0.273727,0.336378,0.341,0,0,1,1
0.273727,0.336378,0.344,0,0,1,1
0.273727,0.336378,0.347,0,0,1,1
0.273727,0.336378,0.35,0,0,1,1
0.273727,0.336378,0.353,0,0,1,1
0.273727,0.336378,0.356,0,0,1,1
0.273727,0.336378,0.359,0,0,1,1
0.273727,0.336378,0.362,0,0,1,1
0.273727,0.336378,0.365,0,0,1,1
0.273727,0.336378,0.368,0,0,1,1
0.273727,0.336378,0.371,0,0,1,1
0.273727,0.336378,0.374,0,0,1,1
0.273727,0.336378,0.377,0,0,1,1
0.273727,0.336378,0.38,0,0,1,1
0.273727,0.336378,0.383,0,0,1,1
0.273727,0.336378,0.386,0,0,1,1
0.273727,0.336378,0.389,0,0,1,1
0.273727,0.336378,0.392,0,0,1,1
0.273727,0.336378,0.395,0,0,1,1
0.273727,0.336378,0.398,0,0,1,1
0.273727,0.336378,0.401,0,0,1,1
0.273727,0.336378,0.404,0,0,1,1
0.273727,0.336378,0.407,0,0,1,1
0.273727,0.336378,0.41,0,0,1,1
0.273727,0.336378,0.413,0,0,1,1
0.273727,0.336378,0.416,0,0,1,1
0.273727,0.336378,0.419,0,0,1,1
0.273727,0.336378,0.422,0,0,1,1
0.273727,0.336378,0.425,0,0,1,1
0.273727,0.336378,0.427999,0,0,1,1
0.273727,0.336378,0.430999,0,0,1,1
0.273727,0.336378,0.433999,0,0,1,1
0.273727,0.336378,0.436999,0,0,1,1
0.273727,0.336378,0.439999,0,0,1,1
0.276325,0.337878,0.26,0,0,1,1
0.276325,0.337878,0.263,0,0,1,1
0.276325,0.337878,0.266,0,0,1,1
0.276325,0.337878,0.269,0,0,1,1
0.276325,0.337878,0.272,0,0,1,1
0.276325,0.337878,0.275,0,0,1,1
0.276325,0.337878,0.278,0,0,1,1
0.276325,0.337878,0.281,0,0,1,1
0.276325,0.337878,0.284,0,0,1,1
0.276325,0.337878,0.287,0,0,1,1
0.276325,0.337878,0.29,0,0,1,1
0.276325,0.337878,0.293,0,0,1,1
0.276325,0.337878,0.296,0,0,1,1
0.276325,0.337878,0.299,0,0,1,1
0.276325,0.337878,0.302,0,0,1,1
0.276325,0.337878,0.305,0,0,1,1
0.276325,0.337878,0.308,0,0,1,1
0.276325,0.337878,0.311,0,0,1,1
0.276325,0.337878,0.314,0,0,1,1
0.276325,0.337878,0.317,0,0,1,1
0.276325,0.337878,0.32,0,0,1,1
0.276325,0.337878,0.323,0,0,1,1
0.276325,0.337878,0.326,0,0,1,1
0.276325,0.337878,0.329,0,0,1,1
0.276325,0.337878,0.332,0,0,1,1
0.276325,0.337878,0.335,0,0,1,1
0.276325,0.337878,0.338,0,0,1,1
0.276325,0.337878,0.341,0,0,1,1
0.276325,0.337878,0.344,0,0,1,1
0.276325,0.337878,0.347,0,0,1,1
0.276325,0.337878,0.35,0,0,1,1
0.276325,0.337878,0.353,0,0,1,1
0.276325,0.337878,0.356,0,0,1,1
0.276325,0.337878,0.359,0,0,1,1
0.276325,0.337878,0.362,0,0,1,1
0.276325,0.337878,0.365,0,0,1,1
0.276325,0.337878,0.368,0,0,1,1
0.276325,0.337878,0.371,0,0,1,1
0.276325,0.337878,0.374,0,0,1,1
0.276325,0.337878,0.377,0,0,1,1
0.276325,0.337878,0.38,0,0,1,1
0.276325,0.337878,0.383,0,0,1,1
0.276325,0.337878,0.386,0,0,1,1
0.276325,0.337878,0.389,0,0,1,1
0.276325,0.337878,0.392,0,0,1,1
0.276325,0.337878,0.395,0,0,1,1
0.276325,0.337878,0.398,0,0,1,1
0.276325,0.337878,0.401,0,0,1,1
0.276325,0.337878,0.404,0,0,1,1
0.276325,0.337878,0.407,0,0,1,1
0.276325,0.337878,0.41,0,0,1,1
0.276325,0.337878,0.413,0,0,1,1
0.276325,0.337878,0.416,0,0,1,1
0.276325,0.337878,0.419,0,0,1,1
0.276325,0.337878,0.422,0,0,1,1
0.276325,0.337878,0.425,0,0,1,1
0.276325,0.337878,0.427999,0,0,1,1
0.276325,0.337878,0.430999,0,0,1,1
0.276325,0.337878,0.433999,0,0,1,1
0.276325,0.337878,0.436999,0,0,1,1
0.276325,0.337878,0.439999,0,0,1,1
0.278923,0.339378,0.26,0,0,1,1
0.278923,0.339378,0.263,0,0,1,1
0.278923,0.339378,0.266,0,0,1,1
0.278923,0.339378,0.269,0,0,1,1
0.278923,0.339378,0.272,0,0,1,1
0.278923,0.339378,0.275,0,0,1,1
0.278923,0.339378,0.278,0,0,1,1
0.278923,0.339378,0.281,0,0,1,1
0.278923,0.339378,0.284,0,0,1,1
0.278923,0.339378,0.287,0,0,1,1
0.278923,0.339378,0.29,0,0,1,1
0.278923,0.339378,0.293,0,0,1,1
0.278923,0.339378,0.296,0,0,1,1
0.278923,0.339378,0.299,0,0,1,1
0.278923,0.339378,0.302,0,0,1,1
0.278923,0.339378,0.305,0,0,1,1
0.278923,0.339378,0.308,0,0,1,1
0.278923,0.339378,0.311,0,0,1,1
0.278923,0.339378,0.314,0,0,1,1
0.278923,0.339378,0.317,0,0,1,1
0.278923,0.339378,0.32,0,0,1,1
0.278923,0.339378,0.323,0,0,1,1
0.278923,0.339378,0.326,0,0,1,1
0.278923,0.339378,0.329,0,0,1,1
0.278923,0.339378,0.332,0,0,1,1
0.278923,0.339378,0.335,0,0,1,1
0.278923,0.339378,0.338,0,0,1,1
0.278923,0.339378,0.341,0,0,1,1
0.278923,0.339378,0.344,0,0,1,1
0.278923,0.339378,0.347,0,0,1,1
0.278923,0.339378,0.35,0,0,1,1
0.278923,0.339378,0.353,0,0,1,1
0.278923,0.339378,0.356,0,0,1,1
0.278923,0.339378,0.359,0,0,1,1
0.278923,0.339378,0.362,0,0,1,1
0.278923,0.339378,0.365,0,0,1,1
0.278923,0.339378,0.368,0,0,1,1
0.278923,0.339378,0.371,0,0,1,1
0.278923,0.339378,0.374,0,0,1,1
0.278923,0.339378,0.377,0,0,1,1
0.278923,0.339378,0.38,0,0,1,1
0.278923,0.339378,0.383,0,0,1,1
0.278923,0.339378,0.386,0,0,1,1
0.278923,0.339378,0.389,0,0,1,1
0.278923,0.339378,0.392,0,0,1,1
0.278923,0.339378,0.395,0,0,1,1
0.278923,0.339378,0.398,0,0,1,1
0.278923,0.339378,0.401,0,0,1,1
0.278923,0.339378,0.404,0,0,1,1
0.278923,0.339378,0.407,0,0,1,1
0.278923,0.339378,0.41,0,0,1,1
0.278923,0.339378,0.413,0,0,1,1
0.278923,0.339378,0.416,0,0,1,1
0.278923,0.339378,0.419,0,0,1,1
0.278923,0.339378,0.422,0,0,1,1
0.278923,0.339378,0.425,0,0,1,1
0.278923,0.339378,0.427999,0,0,1,1
0.278923,0.339378,0.430999,0,0,1,1
0.278923,0.339378,0.433999,0,0,1,1
0.278923,0.339378,0.436999,0,0,1,1
0.278923,0.339378,0.439999,0,0,1,1
0.281521,0.340878,0.26,0,0,1,1
0.281521,0.340878,0.263,0,0,1,1
0.281521,0.340878,0.266,0,0,1,1
0.281521,0.340878,0.269,0,0,1,1
0.281521,0.340878,0.272,0,0,1,1
0.281521,0.340878,0.275,0,0,1,1
0.281521,0.340878,0.278,0,0,1,1
0.281521,0.340878,0.281,0,0,1,1
0.281521,0.340878,0.284,0,0,1,1
0.281521,0.340878,0.287,0,0,1,1
0.281521,0.340878,0.29,0,0,1,1
0.281521,0.340878,0.293,0,0,1,1
0.281521,0.340878,0.296,0,0,1,1
0.281521,0.340878,0.299,0,0,1,1
0.281521,0.340878,0.302,0,0,1,1
0.281521,0.340878,0.305,0,0,1,1
0.281521,0.340878,0.308,0,0,1,1
0.281521,0.340878,0.311,0,0,1,1
0.281521,0.340878,0.314,0,0,1,1
0.281521,0.340878,0.317,0,0,1,1
0.281521,0.340878,0.32,0,0,1,1
0.281521,0.340878,0.323,0,0,1,1
0.281521,0.340878,0.326,0,0,1,1
0.281521,0.340878,0.329,0,0,1,1
0.281521,0.340878,0.332,0,0,1,1
0.281521,0.340878,0.335,0,0,1,1
0.281521,0.340878,0.338,0,0,1,1
0.281521,0.340878,0.341,0,0,1,1
0.281521,0.340878,0.344,0,0,1,1
0.281521,0.340878,0.347,0,0,1,1
0.281521,0.340878,0.35,0,0,1,1
0.281521,0.340878,0.353,0,0,1,1
0.281521,0.340878,0.356,0,0,1,1
0.281521,0.340878,0.359,0,0,1,1
0.281521,0.340878,0.362,0,0,1,1
0.281521,0.340878,0.365,0,0,1,1
0.281521,0.340878,0.368,0,0,1,1
0.281521,0.340878,0.371,0,0,1,1
0.281521,0.340878,0.374,0,0,1,1
0.281521,0.340878,0.377,0,0,1,1
0.281521,0.340878,0.38,0,0,1,1
0.281521,0.340878,0.383,0,0,1,1
0.281521,0.340878,0.386,0,0,1,1
0.281521,0.340878,0.389,0,0,1,1
0.281521,0.340878,0.392,0,0,1,1
0.281521,0.340878,0.395,0,0,1,1
0.281521,0.340878,0.398,0,0,1,1
0.281521,0.340878,0.401,0,0,1,1
0.281521,0.340878,0.404,0,0,1,1
0.281521,0.340878,0.407,0,0,1,1
0.281521,0.340878,0.41,0,0,1,1
0.281521,0.340878,0.413,0,0,1,1
0.281521,0.340878,0.416,0,0,1,1
0.281521,0.340878,0.419,0,0,1,1
0.281521,0.340878,0.422,0,0,1,1
0.281521,0.340878,0.425,0,0,1,1
0.281521,0.340878,0.427999,0,0,1,1
0.281521,0.340878,0.430999,0,0,1,1
0.281521,0.340878,0.433999,0,0,1,1
0.281521,0.340878,0.436999,0,0,1,1
0.281521,0.340878,0.439999,0,0,1,1
0.284119,0.342378,0.26,0,0,1,1
0.284119,0.342378,0.263,0,0,1,1
0.284119,0.342378,0.266,0,0,1,1
0.284119,0.342378,0.269,0,0,1,1
0.284119,0.342378,0.272,0,0,1,1
0.284119,0.342378,0.275,0,0,1,1
0.284119,0.342378,0.278,0,0,1,1
0.284119,0.342378,0.281,0,0,1,1
0.284119,0.342378,0.284,0,0,1,1
0.284119,0.342378,0.287,0,0,1,1
0.284119,0.342378,0.29,0,0,1,1
0.284119,0.342378,0.293,0,0,1,1
0.284119,0.342378,0.296,0,0,1,1
0.284119,0.342378,0.299,0,0,1,1
0.284119,0.342378,0.302,0,0,1,1
0.284119,0.342378,0.305,0,0,1,1
0.284119,0.342378,0.308,0,0,1,1
0.284119,0.342378,0.311,0,0,1,1
0.284119,0.342378,0.314,0,0,1,1
0.284119,0.342378,0.317,0,0,1,1
0.284119,0.342378,0.32,0,0,1,1
0.284119,0.342378,0.323,0,0,1,1
0.284119,0.342378,0.326,0,0,1,1
0.284119,0.342378,0.329,0,0,1,1
0.284119,0.342378,0.332,0,0,1,1
0.284119,0.342378,0.335,0,0,1,1
0.284119,0.342378,0.338,0,0,1,1
0.284119,0.342378,0.341,0,0,1,1
0.284119,0.342378,0.344,0,0,1,1
0.284119,0.342378,0.347,0,0,1,1
0.284119,0.342378,0.35,0,0,1,1
0.284119,0.342378,0.353,0,0,1,1
0.284119,0.342378,0.356,0,0,1,1
0.284119,0.342378,0.359,0,0,1,1
0.284119,0.342378,0.362,0,0,1,1
0.284119,0.342378,0.365,0,0,1,1
0.284119,0.342378,0.368,0,0,1,1
0.284119,0.342378,0.371,0,0,1,1
0.284119,0.342378,0.374,0,0,1,1
0.284119,0.342378,0.377,0,0,1,1
0.284119,0.342378,0.38,0,0,1,1
0.284119,0.342378,0.383,0,0,1,1
0.284119,0.342378,0.386,0,0,1,1
0.284119,0.342378,0.389,0,0,1,1
0.284119,0.342378,0.392,0,0,1,1
0.284119,0.342378,0.395,0,0,1,1
0.284119,0.342378,0.398,0,0,1,1
0.284119,0.342378,0.401,0,0,1,1
0.284119,0.342378,0.404,0,0,1,1
0.284119,0.342378,0.407,0,0,1,1
0.284119,0.342378,0.41,0,0,1,1
0.284119,0.342378,0.413,0,0,1,1
0.284119,0.342378,0.416,0,0,1,1
0.284119,0.342378,0.419,0,0,1,1
0.284119,0.342378,0.422,0,0,1,1
0.284119,0.342378,0.425,0,0,1,1
0.284119,0.342378,0.427999,0,0,1,1
0.284119,0.342378,0.430999,0,0,1,1
0.284119,0.342378,0.433999,0,0,1,1
0.284119,0.342378,0.436999,0,0,1,1
0.284119,0.342378,0.439999,0,0,1,1
0.286717,0.343878,0.26,0,0,1,1
0.286717,0.343878,0.263,0,0,1,1
0.286717,0.343878,0.266,0,0,1,1
0.286717,0.343878,0.269,0,0,1,1
0.286717,0.343878,0.272,0,0,1,1
0.286717,0.343878,0.275,0,0,1,1
0.286717,0.343878,0.278,0,0,1,1
0.286717,0.343878,0.281,0,0,1,1
0.286717,0.343878,0.284,0,0,1,1
0.286717,0.343878,0.287,0,0,1,1
0.286717,0.343878,0.29,0,0,1,1
0.286717,0.343878,0.293,0,0,1,1
0.286717,0.343878,0.296,0,0,1,1
0.286717,0.343878,0.299,0,0,1,1
0.286717,0.343878,0.302,0,0,1,1
0.286717,0.343878,0.305,0,0,1,1
0.286717,0.343878,0.308,0,0,1,1
0.286717,0.343878,0.311,0,0,1,1
0.286717,0.343878,0.314,0,0,1,1
0.286717,0.343878,0.317,0,0,1,1
0.286717,0.343878,0.32,0,0,1,1
0.286717,0.343878,0.323,0,0,1,1
0.286717,0.343878,0.326,0,0,1,1
0.286717,0.343878,0.329,0,0,1,1
0.286717,0.343878,0.332,0,0,1,1
0.286717,0.343878,0.335,0,0,1,1
0.286717,0.343878,0.338,0,0,1,1
0.286717,0.343878,0.341,0,0,1,1
0.286717,0.343878,0.344,0,0,1,1
0.286717,0.343878,0.347,0,0,1,1
0.286717,0.343878,0.35,0,0,1,1
0.286717,0.343878,0.353,0,0,1,1
0.286717,0.343878,0.356,0,0,1,1
0.286717,0.343878,0.359,0,0,1,1
0.286717,0.343878,0.362,0,0,1,1
0.286717,0.343878,0.365,0,0,1,1
0.286717,0.343878,0.368,0,0,1,1
0.286717,0.343878,0.371,0,0,1,1
0.286717,0.343878,0.374,0,0,1,1
0.286717,0.343878,0.377,0,0,1,1
0.286717,0.343878,0.38,0,0,1,1
0.286717,0.343878,0.383,0,0,1,1
0.286717,0.343878,0.386,0,0,1,1
0.286717,0.343878,0.389,0,0,1,1
0.286717,0.343878,0.392,0,0,1,1
0.286717,0.343878,0.395,0,0,1,1
0.286717,0.343878,0.398,0,0,1,1
0.286717,0.343878,0.401,0,0,1,1
0.286717,0.343878,0.404,0,0,1,1
0.286717,0.343878,0.407,0,0,1,1
0.286717,0.343878,0.41,0,0,1,1
0.286717,0.343878,0.413,0,0,1,1
0.286717,0.343878,0.416,0,0,1,1
0.286717,0.343878,0.419,0,0,1,1
0.286717,0.343878,0.422,0,0,1,1
0.286717,0.343878,0.425,0,0,1,1
0.286717,0.343878,0.427999,0,0,1,1
0.286717,0.343878,0.430999,0,0,1,1
0.286717,0.343878,0.433999,0,0,1,1
0.286717,0.343878,0.436999,0,0,1,1
0.286717,0.343878,0.439999,0,0,1,1
0.289315,0.345378,0.26,0,0,1,1
0.289315,0.345378,0.263,0,0,1,1
0.289315,0.345378,0.266,0,0,1,1
0.289315,0.345378,0.269,0,0,1,1
0.289315,0.345378,0.272,0,0,1,1
0.289315,0.345378,0.275,0,0,1,1
0.289315,0.345378,0.278,0,0,1,1
0.289315,0.345378,0.281,0,0,1,1
0.289315,0.345378,0.284,0,0,1,1
0.289315,0.345378,0.287,0,0,1,1
0.289315,0.345378,0.29,0,0,1,1
0.289315,0.345378,0.293,0,0,1,1
0.289315,0.345378,0.296,0,0,1,1
0.289315,0.345378,0.299,0,0,1,1
0.289315,0.345378,0.302,0,0,1,1
0.289315,0.345378,0.305,0,0,1,1
0.289315,0.345378,0.308,0,0,1,1
0.289315,0.345378,0.311,0,0,1,1
0.289315,0.345378,0.314,0,0,1,1
0.289315,0.345378,0.317,0,0,1,1
0.289315,0.345378,0.32,0,0,1,1
0.289315,0.345378,0.323,0,0,1,1
0.289315,0.345378,0.326,0,0,1,1
0.289315,0.345378,0.329,0,0,1,1
0.289315,0.345378,0.332,0,0,1,1
0.289315,0.345378,0.335,0,0,1,1
0.289315,0.345378,0.338,0,0,1,1
0.289315,0.345378,0.341,0,0,1,1
0.289315,0.345378,0.344,0,0,1,1
0.289315,0.345378,0.347,0,0,1,1
0.289315,0.345378,0.35,0,0,1,1
0.289315,0.345378,0.353,0,0,1,1
0.289315,0.345378,0.356,0,0,1,1
0.289315,0.345378,0.359,0,0,1,1
0.289315,0.345378,0.362,0,0,1,1
0.289315,0.345378,0.365,0,0,1,1
0.289315,0.345378,0.368,0,0,1,1
0.289315,0.345378,0.371,0,0,1,1
0.289315,0.345378,0.374,0,0,1,1
0.289315,0.345378,0.377,0,0,1,1
0.289315,0.345378,0.38,0,0,1,1
0.289315,0.345378,0.383,0,0,1,1
0.289315,0.345378,0.386,0,0,1,1
0.289315,0.345378,0.389,0,0,1,1
0.289315,0.345378,0.392,0,0,1,1
0.289315,0.345378,0.395,0,0,1,1
0.289315,0.345378,0.398,0,0,1,1
0.289315,0.345378,0.401,0,0,1,1
0.289315,0.345378,0.404,0,0,1,1
0.289315,0.345378,0.407,0,0,1,1
0.289315,0.345378,0.41,0,0,1,1
0.289315,0.345378,0.413,0,0,1,1
0.289315,0.345378,0.416,0,0,1,1
0.289315,0.345378,0.419,0,0,1,1
0.289315,0.345378,0.422,0,0,1,1
0.289315,0.345378,0.425,0,0,1,1
0.289315,0.345378,0.427999,0,0,1,1
0.289315,0.345378,0.430999,0,0,1,1
0.289315,0.345378,0.433999,0,0,1,1
0.289315,0.345378,0.436999,0,0,1,1
0.289315,0.345378,0.439999,0,0,1,1
0.291913,0.346878,0.26,0,0,1,1
0.291913,0.346878,0.263,0,0,1,1
0.291913,0.346878,0.266,0,0,1,1
0.291913,0.346878,0.269,0,0,1,1
0.291913,0.346878,0.272,0,0,1,1
0.291913,0.346878,0.275,0,0,1,1
0.291913,0.346878,0.278,0,0,1,1
0.291913,0.346878,0.281,0,0,1,1
0.291913,0.346878,0.284,0,0,1,1
0.291913,0.346878,0.287,0,0,1,1
0.291913,0.346878,0.29,0,0,1,1
0.291913,0.346878,0.293,0,0,1,1
0.291913,0.346878,0.296,0,0,1,1
0.291913,0.346878,0.299,0,0,1,1
0.291913,0.346878,0.302,0,0,1,1
0.291913,0.346878,0.305,0,0,1,1
0.291913,0.346878,0.308,0,0,1,1
0.291913,0.346878,0.311,0,0,1,1
0.291913,0.346878,0.314,0,0,1,1
0.291913,0.346878,0.317,0,0,1,1
0.291913,0.346878,0.32,0,0,1,1
0.291913,0.346878,0.323,0,0,1,1
0.291913,0.346878,0.326,0,0,1,1
0.291913,0.346878,0.329,0,0,1,1
0.291913,0.346878,0.332,0,0,1,1
0.291913,0.346878,0.335,0,0,1,1
0.291913,0.346878,0.338,0,0,1,1
0.291913,0.346878,0.341,0,0,1,1
0.291913,0.346878,0.344,0,0,1,1
0.291913,0.346878,0.347,0,0,1,1
0.291913,0.346878,0.35,0,0,1,1
0.291913,0.346878,0.353,0,0,1,1
0.291913,0.346878,0.356,0,0,1,1
0.291913,0.346878,0.359,0,0,1,1
0.291913,0.346878,0.362,0,0,1,1
0.291913,0.346878,0.365,0,0,1,1
0.291913,0.346878,0.368,0,0,1,1
0.291913,0.346878,0.371,0,0,1,1
0.291913,0.346878,0.374,0,0,1,1
0.291913,0.346878,0.377,0,0,1,1
0.291913,0.346878,0.38,0,0,1,1
0.291913,0.346878,0.383,0,0,1,1
0.291913,0.346878,0.386,0,0,1,1
0.291913,0.346878,0.389,0,0,1,1
0.291913,0.346878,0.392,0,0,1,1
0.291913,0.346878,0.395,0,0,1,1
0.291913,0.346878,0.398,0,0,1,1
0.291913,0.346878,0.401,0,0,1,1
0.291913,0.346878,0.404,0,0,1,1
0.291913,0.346878,0.407,0,0,1,1
0.291913,0.346878,0.41,0,0,1,1
0.291913,0.346878,0.413,0,0,1,1
0.291913,0.346878,0.416,0,0,1,1
0.291913,0.346878,0.419,0,0,1,1
0.291913,0.346878,0.422,0,0,1,1
0.291913,0.346878,0.425,0,0,1,1
0.291913,0.346878,0.427999,0,0,1,1
0.291913,0.346878,0.430999,0,0,1,1
0.291913,0.346878,0.433999,0,0,1,1
0.291913,0.346878,0.436999,0,0,1,1
0.291913,0.346878,0.439999,0,0,1,1
0.294511,0.348378,0.26,0,0,1,1
0.294511,0.348378,0.263,0,0,1,1
0.294511,0.348378,0.266,0,0,1,1
0.294511,0.348378,0.269,0,0,1,1
0.294511,0.348378,0.272,0,0,1,1
0.294511,0.348378,0.275,0,0,1,1
0.294511,0.348378,0.278,0,0,1,1
0.294511,0.348378,0.281,0,0,1,1
0.294511,0.348378,0.284,0,0,1,1
0.294511,0.348378,0.287,0,0,1,1
0.294511,0.348378,0.29,0,0,1,1
0.294511,0.348378,0.293,0,0,1,1
0.294511,0.348378,0.296,0,0,1,1
0.294511,0.348378,0.299,0,0,1,1
0.294511,0.348378,0.302,0,0,1,1
0.294511,0.348378,0.305,0,0,1,1
0.294511,0.348378,0.308,0,0,1,1
0.294511,0.348378,0.311,0,0,1,1
0.294511,0.348378,0.314,0,0,1,1
0.294511,0.348378,0.317,0,0,1,1
0.294511,0.348378,0.32,0,0,1,1
0.294511,0.348378,0.323,0,0,1,1
0.294511,0.348378,0.326,0,0,1,1
0.294511,0.348378,0.329,0,0,1,1
0.294511,0.348378,0.332,0,0,1,1
0.294511,0.348378,0.335,0,0,1,1
0.294511,0.348378,0.338,0,0,1,1
0.294511,0.348378,0.341,0,0,1,1
0.294511,0.348378,0.344,0,0,1,1
0.294511,0.348378,0.347,0,0,1,1
0.294511,0.348378,0.35,0,0,1,1
0.294511,0.348378,0.353,0,0,1,1
0.294511,0.348378,0.356,0,0,1,1
0.294511,0.348378,0.359,0,0,1,1
0.294511,0.348378,0.362,0,0,1,1
0.294511,0.348378,0.365,0,0,1,1
0.294511,0.348378,0.368,0,0,1,1
0.294511,0.348378,0.371,0,0,1,1
0.294511,0.348378,0.374,0,0,1,1
0.294511,0.348378,0.377,0,0,1,1
0.294511,0.348378,0.38,0,0,1,1
0.294511,0.348378,0.383,0,0,1,1
0.294511,0.348378,0.386,0,0,1,1
0.294511,0.348378,0.389,0,0,1,1
0.294511,0.348378,0.392,0,0,1,1
0.294511,0.348378,0.395,0,0,1,1
0.294511,0.348378,0.398,0,0,1,1
0.294511,0.348378,0.401,0,0,1,1
0.294511,0.348378,0.404,0,0,1,1
0.294511,0.348378,0.407,0,0,1,1
0.294511,0.348378,0.41,0,0,1,1
0.294511,0.348378,0.413,0,0,1,1
0.294511,0.348378,0.416,0,0,1,1
0.294511,0.348378,0.419,0,0,1,1
0.294511,0.348378,0.422,0,0,1,1
0.294511,0.348378,0.425,0,0,1,1
0.294511,0.348378,0.427999,0,0,1,1
0.294511,0.348378,0.430999,0,0,1,1
0.294511,0.348378,0.433999,0,0,1,1
0.294511,0.348378,0.436999,0,0,1,1
0.294511,0.348378,0.439999,0,0,1,1
0.29711,0.349878,0.26,0,0,1,1
0.29711,0.349878,0.263,0,0,1,1
0.29711,0.349878,0.266,0,0,1,1
0.29711,0.349878,0.269,0,0,1,1
0.29711,0.349878,0.272,0,0,1,1
0.29711,0.349878,0.275,0,0,1,1
0.29711,0.349878,0.278,0,0,1,1
0.29711,0.349878,0.281,0,0,1,1
0.29711,0.349878,0.284,0,0,1,1
0.29711,0.349878,0.287,0,0,1,1
0.29711,0.349878,0.29,0,0,1,1
0.29711,0.349878,0.293,0,0,1,1
0.29711,0.349878,0.296,0,0,1,1
0.29711,0.349878,0.299,0,0,1,1
0.29711,0.349878,0.302,0,0,1,1
0.29711,0.349878,0.305,0,0,1,1
0.29711,0.349878,0.308,0,0,1,1
0.29711,0.349878,0.311,0,0,1,1
0.29711,0.349878,0.314,0,0,1,1
0.29711,0.349878,0.317,0,0,1,1
0.29711,0.349878,0.32,0,0,1,1
0.29711,0.349878,0.323,0,0,1,1
0.29711,0.349878,0.326,0,0,1,1
0.29711,0.349878,0.329,0,0,1,1
0.29711,0.349878,0.332,0,0,1,1
0.29711,0.349878,0.335,0,0,1,1
0.29711,0.349878,0.338,0,0,1,1
0.29711,0.349878,0.341,0,0,1,1
0.29711,0.349878,0.344,0,0,1,1
0.29711,0.349878,0.347,0,0,1,1
0.29711,0.349878,0.35,0,0,1,1
0.29711,0.349878,0.353,0,0,1,1
0.29711,0.349878,0.356,0,0,1,1
0.29711,0.349878,0.359,0,0,1,1
0.29711,0.349878,0.362,0,0,1,1
0.29711,0.349878,0.365,0,0,1,1
0.29711,0.349878,0.368,0,0,1,1
0.29711,0.349878,0.371,0,0,1,1
0.29711,0.349878,0.374,0,0,1,1
0.29711,0.349878,0.377,0,0,1,1
0.29711,0.349878,0.38,0,0,1,1
0.29711,0.349878,0.383,0,0,1,1
0.29711,0.349878,0.386,0,0,1,1
0.29711,0.349878,0.389,0,0,1,1
0.29711,0.349878,0.392,0,0,1,1
0.29711,0.349878,0.395,0,0,1,1
0.29711,0.349878,0.398,0,0,1,1
0.29711,0.349878,0.401,0,0,1,1
0.29711,0.349878,0.404,0,0,1,1
0.29711,0.349878,0.407,0,0,1,1
0.29711,0.349878,0.41,0,0,1,1
0.29711,0.349878,0.413,0,0,1,1
0.29711,0.349878,0.416,0,0,1,1
0.29711,0.349878,0.419,0,0,1,1
0.29711,0.349878,0.422,0,0,1,1
0.29711,0.349878,0.425,0,0,1,1
0.29711,0.349878,0.427999,0,0,1,1
0.29711,0.349878,0.430999,0,0,1,1
0.29711,0.349878,0.433999,0,0,1,1
0.29711,0.349878,0.436999,0,0,1,1
0.29711,0.349878,0.439999,0,0,1,1
0.299708,0.351378,0.26,0,0,1,1
0.299708,0.351378,0.263,0,0,1,1
0.299708,0.351378,0.266,0,0,1,1
0.299708,0.351378,0.269,0,0,1,1
0.299708,0.351378,0.272,0,0,1,1
0.299708,0.351378,0.275,0,0,1,1
0.299708,0.351378,0.278,0,0,1,1
0.299708,0.351378,0.281,0,0,1,1
0.299708,0.351378,0.284,0,0,1,1
0.299708,0.351378,0.287,0,0,1,1
0.299708,0.351378,0.29,0,0,1,1
0.299708,0.351378,0.293,0,0,1,1
0.299708,0.351378,0.296,0,0,1,1
0.299708,0.351378,0.299,0,0,1,1
0.299708,0.351378,0.302,0,0,1,1
0.299708,0.351378,0.305,0,0,1,1
0.299708,0.351378,0.308,0,0,1,1
0.299708,0.351378,0.311,0,0,1,1
0.299708,0.351378,0.314,0,0,1,1
0.299708,0.351378,0.317,0,0,1,1
0.299708,0.351378,0.32,0,0,1,1
0.299708,0.351378,0.323,0,0,1,1
0.299708,0.351378,0.326,0,0,1,1
0.299708,0.351378,0.329,0,0,1,1
0.299708,0.351378,0.332,0,0,1,1
0.299708,0.351378,0.335,0,0,1,1
0.299708,0.351378,0.338,0,0,1,1
0.299708,0.351378,0.341,0,0,1,1
0.299708,0.351378,0.344,0,0,1,1
0.299708,0.351378,0.347,0,0,1,1
0.299708,0.351378,0.35,0,0,1,1
0.299708,0.351378,0.353,0,0,1,1
0.299708,0.351378,0.356,0,0,1,1
0.299708,0.351378,0.359,0,0,1,1
0.299708,0.351378,0.362,0,0,1,1
0.299708,0.351378,0.365,0,0,1,1
0.299708,0.351378,0.368,0,0,1,1
0.299708,0.351378,0.371,0,0,1,1
0.299708,0.351378,0.374,0,0,1,1
0.299708,0.351378,0.377,0,0,1,1
0.299708,0.351378,0.38,0,0,1,1
0.299708,0.351378,0.383,0,0,1,1
0.299708,0.351378,0.386,0,0,1,1
0.299708,0.351378,0.389,0,0,1,1
0.299708,0.351378,0.392,0,0,1,1
0.299708,0.351378,0.395,0,0,1,1
0.299708,0.351378,0.398,0,0,1,1
0.299708,0.351378,0.401,0,0,1,1
0.299708,0.351378,0.404,0,0,1,1
0.299708,0.351378,0.407,0,0,1,1
0.299708,0.351378,0.41,0,0,1,1
0.299708,0.351378,0.413,0,0,1,1
0.299708,0.351378,0.416,0,0,1,1
0.299708,0.351378,0.419,0,0,1,1
0.299708,0.351378,0.422,0,0,1,1
0.299708,0.351378,0.425,0,0,1,1
0.299708,0.351378,0.427999,0,0,1,1
0.299708,0.351378,0.430999,0,0,1,1
0.299708,0.351378,0.433999,0,0,1,1
0.299708,0.351378,0.436999,0,0,1,1
0.299708,0.351378,0.439999,0,0,1,1
0.302306,0.352878,0.26,0,0,1,1
0.302306,0.352878,0.263,0,0,1,1
0.302306,0.352878,0.266,0,0,1,1
0.302306,0.352878,0.269,0,0,1,1
0.302306,0.352878,0.272,0,0,1,1
0.302306,0.352878,0.275,0,0,1,1
0.302306,0.352878,0.278,0,0,1,1
0.302306,0.352878,0.281,0,0,1,1
0.302306,0.352878,0.284,0,0,1,1
0.302306,0.352878,0.287,0,0,1,1
0.302306,0.352878,0.29,0,0,1,1
0.302306,0.352878,0.293,0,0,1,1
0.302306,0.352878,0.296,0,0,1,1
0.302306,0.352878,0.299,0,0,1,1
0.302306,0.352878,0.302,0,0,1,1
0.302306,0.352878,0.305,0,0,1,1
0.302306,0.352878,0.308,0,0,1,1
0.302306,0.352878,0.311,0,0,1,1
0.302306,0.352878,0.314,0,0,1,1
0.302306,0.352878,0.317,0,0,1,1
0.302306,0.352878,0.32,0,0,1,1
0.302306,0.352878,0.323,0,0,1,1
0.302306,0.352878,0.326,0,0,1,1
0.302306,0.352878,0.329,0,0,1,1
0.302306,0.352878,0.332,0,0,1,1
0.302306,0.352878,0.335,0,0,1,1
0.302306,0.352878,0.338,0,0,1,1
0.302306,0.352878,0.341,0,0,1,1
0.302306,0.352878,0.344,0,0,1,1
0.302306,0.352878,0.347,0,0,1,1
0.302306,0.352878,0.35,0,0,1,1
0.302306,0.352878,0.353,0,0,1,1
0.302306,0.352878,0.356,0,0,1,1
0.302306,0.352878,0.359,0,0,1,1
0.302306,0.352878,0.362,0,0,1,1
0.302306,0.352878,0.365,0,0,1,1
0.302306,0.352878,0.368,0,0,1,1
0.302306,0.352878,0.371,0,0,1,1
0.302306,0.352878,0.374,0,0,1,1
0.302306,0.352878,0.377,0,0,1,1
0.302306,0.352878,0.38,0,0,1,1
0.302306,0.352878,0.383,0,0,1,1
0.302306,0.352878,0.386,0,0,1,1
0.302306,0.352878,0.389,0,0,1,1
0.302306,0.352878,0.392,0,0,1,1
0.302306,0.352878,0.395,0,0,1,1
0.302306,0.352878,0.398,0,0,1,1
0.302306,0.352878,0.401,0,0,1,1
0.302306,0.352878,0.404,0,0,1,1
0.302306,0.352878,0.407,0,0,1,1
0.302306,0.352878,0.41,0,0,1,1
0.302306,0.352878,0.413,0,0,1,1
0.302306,0.352878,0.416,0,0,1,1
0.302306,0.352878,0.419,0,0,1,1
0.302306,0.352878,0.422,0,0,1,1
0.302306,0.352878,0.425,0,0,1,1
0.302306,0.352878,0.427999,0,0,1,1
0.302306,0.352878,0.430999,0,0,1,1
0.302306,0.352878,0.433999,0,0,1,1
0.302306,0.352878,0.436999,0,0,1,1
0.302306,0.352878,0.439999,0,0,1,1
0.304904,0.354378,0.26,0,0,1,1
0.304904,0.354378,0.263,0,0,1,1
0.304904,0.354378,0.266,0,0,1,1
0.304904,0.354378,0.269,0,0,1,1
0.304904,0.354378,0.272,0,0,1,1
0.304904,0.354378,0.275,0,0,1,1
0.304904,0.354378,0.278,0,0,1,1
0.304904,0.354378,0.281,0,0,1,1
0.304904,0.354378,0.284,0,0,1,1
0.304904,0.354378,0.287,0,0,1,1
0.304904,0.354378,0.29,0,0,1,1
0.304904,0.354378,0.293,0,0,1,1
0.304904,0.354378,0.296,0,0,1,1
0.304904,0.354378,0.299,0,0,1,1
0.304904,0.354378,0.302,0,0,1,1
0.304904,0.354378,0.305,0,0,1,1
0.304904,0.354378,0.308,0,0,1,1
0.304904,0.354378,0.311,0,0,1,1
0.304904,0.354378,0.314,0,0,1,1
0.304904,0.354378,0.317,0,0,1,1
0.304904,0.354378,0.32,0,0,1,1
0.304904,0.354378,0.323,0,0,1,1
0.304904,0.354378,0.326,0,0,1,1
0.304904,0.354378,0.329,0,0,1,1
0.304904,0.354378,0.332,0,0,1,1
0.304904,0.354378,0.335,0,0,1,1
0.304904,0.354378,0.338,0,0,1,1
0.304904,0.354378,0.341,0,0,1,1
0.304904,0.354378,0.344,0,0,1,1
0.304904,0.354378,0.347,0,0,1,1
0.304904,0.354378,0.35,0,0,1,1
0.304904,0.354378,0.353,0,0,1,1
0.304904,0.354378,0.356,0,0,1,1
0.304904,0.354378,0.359,0,0,1,1
0.304904,0.354378,0.362,0,0,1,1
0.304904,0.354378,0.365,0,0,1,1
0.304904,0.354378,0.368,0,0,1,1
0.304904,0.354378,0.371,0,0,1,1
0.304904,0.354378,0.374,0,0,1,1
0.304904,0.354378,0.377,0,0,1,1
0.304904,0.354378,0.38,0,0,1,1
0.304904,0.354378,0.383,0,0,1,1
0.304904,0.354378,0.386,0,0,1,1
0.304904,0.354378,0.389,0,0,1,1
0.304904,0.354378,0.392,0,0,1,1
0.304904,0.354378,0.395,0,0,1,1
0.304904,0.354378,0.398,0,0,1,1
0.304904,0.354378,0.401,0,0,1,1
0.304904,0.354378,0.404,0,0,1,1
0.304904,0.354378,0.407,0,0,1,1
0.304904,0.354378,0.41,0,0,1,1
0.304904,0.354378,0.413,0,0,1,1
0.304904,0.354378,0.416,0,0,1,1
0.304904,0.354378,0.419,0,0,1,1
0.304904,0.354378,0.422,0,0,1,1
0.304904,0.354378,0.425,0,0,1,1
0.304904,0.354378,0.427999,0,0,1,1
0.304904,0.354378,0.430999,0,0,1,1
0.304904,0.354378,0.433999,0,0,1,1
0.304904,0.354378,0.436999,0,0,1,1
0.304904,0.354378,0.439999,0,0,1,1
0.307502,0.355878,0.26,0,0,1,1
0.307502,0.355878,0.263,0,0,1,1
0.307502,0.355878,0.266,0,0,1,1
0.307502,0.355878,0.269,0,0,1,1
0.307502,0.355878,0.272,0,0,1,1
0.307502,0.355878,0.275,0,0,1,1
0.307502,0.355878,0.278,0,0,1,1
0.307502,0.355878,0.281,0,0,1,1
0.307502,0.355878,0.284,0,0,1,1
0.307502,0.355878,0.287,0,0,1,1
0.307502,0.355878,0.29,0,0,1,1
0.307502,0.355878,0.293,0,0,1,1
0.307502,0.355878,0.296,0,0,1,1
0.307502,0.355878,0.299,0,0,1,1
0.307502,0.355878,0.302,0,0,1,1
0.307502,0.355878,0.305,0,0,1,1
0.307502,0.355878,0.308,0,0,1,1
0.307502,0.355878,0.311,0,0,1,1
0.307502,0.355878,0.314,0,0,1,1
0.307502,0.355878,0.317,0,0,1,1
0.307502,0.355878,0.32,0,0,1,1
0.307502,0.355878,0.323,0,0,1,1
0.307502,0.355878,0.326,0,0,1,1
0.307502,0.355878,0.329,0,0,1,1
0.307502,0.355878,0.332,0,0,1,1
0.307502,0.355878,0.335,0,0,1,1
0.307502,0.355878,0.338,0,0,1,1
0.307502,0.355878,0.341,0,0,1,1
0.307502,0.355878,0.344,0,0,1,1
0.307502,0.355878,0.347,0,0,1,1
0.307502,0.355878,0.35,0,0,1,1
0.307502,0.355878,0.353,0,0,1,1
0.307502,0.355878,0.356,0,0,1,1
0.307502,0.355878,0.359,0,0,1,1
0.307502,0.355878,0.362,0,0,1,1
0.307502,0.355878,0.365,0,0,1,1
0.307502,0.355878,0.368,0,0,1,1
0.307502,0.355878,0.371,0,0,1,1
0.307502,0.355878,0.374,0,0,1,1
0.307502,0.355878,0.377,0,0,1,1
0.307502,0.355878,0.38,0,0,1,1
0.307502,0.355878,0.383,0,0,1,1
0.307502,0.355878,0.386,0,0,1,1
0.307502,0.355878,0.389,0,0,1,1
0.307502,0.355878,0.392,0,0,1,1
0.307502,0.355878,0.395,0,0,1,1
0.307502,0.355878,0.398,0,0,1,1
0.307502,0.355878,0.401,0,0,1,1
0.307502,0.355878,0.404,0,0,1,1
0.307502,0.355878,0.407,0,0,1,1
0.307502,0.355878,0.41,0,0,1,1
0.307502,0.355878,0.413,0,0,1,1
0.307502,0.355878,0.416,0,0,1,1
0.307502,0.355878,0.419,0,0,1,1
0.307502,0.355878,0.422,0,0,1,1
0.307502,0.355878,0.425,0,0,1,1
0.307502,0.355878,0.427999,0,0,1,1
0.307502,0.355878,0.430999,0,0,1,1
0.307502,0.355878,0.433999,0,0,1,1
0.307502,0.355878,0.436999,0,0,1,1
0.307502,0.355878,0.439999,0,0,1,1
0.3101,0.357378,0.26,0,0,1,1
0.3101,0.357378,0.263,0,0,1,1
0.3101,0.357378,0.266,0,0,1,1
0.3101,0.357378,0.269,0,0,1,1
0.3101,0.357378,0.272,0,0,1,1
0.3101,0.357378,0.275,0,0,1,1
0.3101,0.357378,0.278,0,0,1,1
0.3101,0.357378,0.281,0,0,1,1
0.3101,0.357378,0.284,0,0,1,1
0.3101,0.357378,0.287,0,0,1,1
0.3101,0.357378,0.29,0,0,1,1
0.3101,0.357378,0.293,0,0,1,1
0.3101,0.357378,0.296,0,0,1,1
0.3101,0.357378,0.299,0,0,1,1
0.3101,0.357378,0.302,0,0,1,1
0.3101,0.357378,0.305,0,0,1,1
0.3101,0.357378,0.308,0,0,1,1
0.3101,0.357378,0.311,0,0,1,1
0.3101,0.357378,0.314,0,0,1,1
0.3101,0.357378,0.317,0,0,1,1
0.3101,0.357378,0.32,0,0,1,1
0.3101,0.357378,0.323,0,0,1,1
0.3101,0.357378,0.326,0,0,1,1
0.3101,0.357378,0.329,0,0,1,1
0.3101,0.357378,0.332,0,0,1,1
0.3101,0.357378,0.335,0,0,1,1
0.3101,0.357378,0.338,0,0,1,1
0.3101,0.357378,0.341,0,0,1,1
0.3101,0.357378,0.344,0,0,1,1
0.3101,0.357378,0.347,0,0,1,1
0.3101,0.357378,0.35,0,0,1,1
0.3101,0.357378,0.353,0,0,1,1
0.3101,0.357378,0.356,0,0,1,1
0.3101,0.357378,0.359,0,0,1,1
0.3101,0.357378,0.362,0,0,1,1
0.3101,0.357378,0.365,0,0,1,1
0.3101,0.357378,0.368,0,0,1,1
0.3101,0.357378,0.371,0,0,1,1
0.3101,0.357378,0.374,0,0,1,1
0.3101,0.357378,0.377,0,0,1,1
0.3101,0.357378,0.38,0,0,1,1
0.3101,0.357378,0.383,0,0,1,1
0.3101,0.357378,0.386,0,0,1,1
0.3101,0.357378,0.389,0,0,1,1
0.3101,0.357378,0.392,0,0,1,1
0.3101,0.357378,0.395,0,0,1,1
0.3101,0.357378,0.398,0,0,1,1
0.3101,0.357378,0.401,0,0,1,1
0.3101,0.357378,0.404,0,0,1,1
0.3101,0.357378,0.407,0,0,1,1
0.3101,0.357378,0.41,0,0,1,1
0.3101,0.357378,0.413,0,0,1,1
0.3101,0.357378,0.416,0,0,1,1
0.3101,0.357378,0.419,0,0,1,1
0.3101,0.357378,0.422,0,0,1,1
0.3101,0.357378,0.425,0,0,1,1
0.3101,0.357378,0.427999,0,0,1,1
0.3101,0.357378,0.430999,0,0,1,1
0.3101,0.357378,0.433999,0,0,1,1
0.3101,0.357378,0.436999,0,0,1,1
0.3101,0.357378,0.439999,0,0,1,1
0.312698,0.358878,0.26,0,0,1,1
0.312698,0.358878,0.263,0,0,1,1
0.312698,0.358878,0.266,0,0,1,1
0.312698,0.358878,0.269,0,0,1,1
0.312698,0.358878,0.272,0,0,1,1
0.312698,0.358878,0.275,0,0,1,1
0.312698,0.358878,0.278,0,0,1,1
0.312698,0.358878,0.281,0,0,1,1
0.312698,0.358878,0.284,0,0,1,1
0.312698,0.358878,0.287,0,0,1,1
0.312698,0.358878,0.29,0,0,1,1
0.312698,0.358878,0.293,0,0,1,1
0.312698,0.358878,0.296,0,0,1,1
0.312698,0.358878,0.299,0,0,1,1
0.312698,0.358878,0.302,0,0,1,1
0.312698,0.358878,0.305,0,0,1,1
0.312698,0.358878,0.308,0,0,1,1
0.312698,0.358878,0.311,0,0,1,1
0.312698,0.358878,0.314,0,0,1,1
0.312698,0.358878,0.317,0,0,1,1
0.312698,0.358878,0.32,0,0,1,1
0.312698,0.358878,0.323,0,0,1,1
0.312698,0.358878,0.326,0,0,1,1
0.312698,0.358878,0.329,0,0,1,1
0.312698,0.358878,0.332,0,0,1,1
0.312698,0.358878,0.335,0,0,1,1
0.312698,0.358878,0.338,0,0,1,1
0.312698,0.358878,0.341,0,0,1,1
0.312698,0.358878,0.344,0,0,1,1
0.312698,0.358878,0.347,0,0,1,1
0.312698,0.358878,0.35,0,0,1,1
0.312698,0.358878,0.353,0,0,1,1
0.312698,0.358878,0.356,0,0,1,1
0.312698,0.358878,0.359,0,0,1,1
0.312698,0.358878,0.362,0,0,1,1
0.312698,0.358878,0.365,0,0,1,1
0.312698,0.358878,0.368,0,0,1,1
0.312698,0.358878,0.371,0,0,1,1
0.312698,0.358878,0.374,0,0,1,1
0.312698,0.358878,0.377,0,0,1,1
0.312698,0.358878,0.38,0,0,1,1
0.312698,0.358878,0.383,0,0,1,1
0.312698,0.358878,0.386,0,0,1,1
0.312698,0.358878,0.389,0,0,1,1
0.312698,0.358878,0.392,0,0,1,1
0.312698,0.358878,0.395,0,0,1,1
0.312698,0.358878,0.398,0,0,1,1
0.312698,0.358878,0.401,0,0,1,1
0.312698,0.358878,0.404,0,0,1,1
0.312698,0.358878,0.407,0,0,1,1
0.312698,0.358878,0.41,0,0,1,1
0.312698,0.358878,0.413,0,0,1,1
0.312698,0.358878,0.416,0,0,1,1
0.312698,0.358878,0.419,0,0,1,1
0.312698,0.358878,0.422,0,0,1,1
0.312698,0.358878,0.425,0,0,1,1
0.312698,0.358878,0.427999,0,0,1,1
0.312698,0.358878,0.430999,0,0,1,1
0.312698,0.358878,0.433999,0,0,1,1
0.312698,0.358878,0.436999,0,0,1,1
0.312698,0.358878,0.439999,0,0,1,1
0.315296,0.360378,0.26,0,0,1,1
0.315296,0.360378,0.263,0,0,1,1
0.315296,0.360378,0.266,0,0,1,1
0.315296,0.360378,0.269,0,0,1,1
0.315296,0.360378,0.272,0,0,1,1
0.315296,0.360378,0.275,0,0,1,1
0.315296,0.360378,0.278,0,0,1,1
0.315296,0.360378,0.281,0,0,1,1
0.315296,0.360378,0.284,0,0,1,1
0.315296,0.360378,0.287,0,0,1,1
0.315296,0.360378,0.29,0,0,1,1
0.315296,0.360378,0.293,0,0,1,1
0.315296,0.360378,0.296,0,0,1,1
0.315296,0.360378,0.299,0,0,1,1
0.315296,0.360378,0.302,0,0,1,1
0.315296,0.360378,0.305,0,0,1,1
0.315296,0.360378,0.308,0,0,1,1
0.315296,0.360378,0.311,0,0,1,1
0.315296,0.360378,0.314,0,0,1,1
0.315296,0.360378,0.317,0,0,1,1
0.315296,0.360378,0.32,0,0,1,1
0.315296,0.360378,0.323,0,0,1,1
0.315296,0.360378,0.326,0,0,1,1
0.315296,0.360378,0.329,0,0,1,1
0.315296,0.360378,0.332,0,0,1,1
0.315296,0.360378,0.335,0,0,1,1
0.315296,0.360378,0.338,0,0,1,1
0.315296,0.360378,0.341,0,0,1,1
0.315296,0.360378,0.344,0,0,1,1
0.315296,0.360378,0.347,0,0,1,1
0.315296,0.360378,0.35,0,0,1,1
0.315296,0.360378,0.353,0,0,1,1
0.315296,0.360378,0.356,0,0,1,1
0.315296,0.360378,0.359,0,0,1,1
0.315296,0.360378,0.362,0,0,1,1
0.315296,0.360378,0.365,0,0,1,1
0.315296,0.360378,0.368,0,0,1,1
0.315296,0.360378,0.371,0,0,1,1
0.315296,0.360378,0.374,0,0,1,1
0.315296,0.360378,0.377,0,0,1,1
0.315296,0.360378,0.38,0,0,1,1
0.315296,0.360378,0.383,0,0,1,1
0.315296,0.360378,0.386,0,0,1,1
0.315296,0.360378,0.389,0,0,1,1
0.315296,0.360378,0.392,0,0,1,1
0.315296,0.360378,0.395,0,0,1,1
0.315296,0.360378,0.398,0,0,1,1
0.315296,0.360378,0.401,0,0,1,1
0.315296,0.360378,0.404,0,0,1,1
0.315296,0.360378,0.407,0,0,1,1
0.315296,0.360378,0.41,0,0,1,1
0.315296,0.360378,0.413,0,0,1,1
0.315296,0.360378,0.416,0,0,1,1
0.315296,0.360378,0.419,0,0,1,1
0.315296,0.360378,0.422,0,0,1,1
0.315296,0.360378,0.425,0,0,1,1
0.315296,0.360378,0.427999,0,0,1,1
0.315296,0.360378,0.430999,0,0,1,1
0.315296,0.360378,0.433999,0,0,1,1
0.315296,0.360378,0.436999,0,0,1,1
0.315296,0.360378,0.439999,0,0,1,1
0.317894,0.361878,0.26,0,0,1,1
0.317894,0.361878,0.263,0,0,1,1
0.317894,0.361878,0.266,0,0,1,1
0.317894,0.361878,0.269,0,0,1,1
0.317894,0.361878,0.272,0,0,1,1
0.317894,0.361878,0.275,0,0,1,1
0.317894,0.361878,0.278,0,0,1,1
0.317894,0.361878,0.281,0,0,1,1
0.317894,0.361878,0.284,0,0,1,1
0.317894,0.361878,0.287,0,0,1,1
0.317894,0.361878,0.29,0,0,1,1
0.317894,0.361878,0.293,0,0,1,1
0.317894,0.361878,0.296,0,0,1,1
0.317894,0.361878,0.299,0,0,1,1
0.317894,0.361878,0.302,0,0,1,1
0.317894,0.361878,0.305,0,0,1,1
0.317894,0.361878,0.308,0,0,1,1
0.317894,0.361878,0.311,0,0,1,1
0.317894,0.361878,0.314,0,0,1,1
0.317894,0.361878,0.317,0,0,1,1
0.317894,0.361878,0.32,0,0,1,1
0.317894,0.361878,0.323,0,0,1,1
0.317894,0.361878,0.326,0,0,1,1
0.317894,0.361878,0.329,0,0,1,1
0.317894,0.361878,0.332,0,0,1,1
0.317894,0.361878,0.335,0,0,1,1
0.317894,0.361878,0.338,0,0,1,1
0.317894,0.361878,0.341,0,0,1,1
0.317894,0.361878,0.344,0,0,1,1
0.317894,0.361878,0.347,0,0,1,1
0.317894,0.361878,0.35,0,0,1,1
0.317894,0.361878,0.353,0,0,1,1
0.317894,0.361878,0.356,0,0,1,1
0.317894,0.361878,0.359,0,0,1,1
0.317894,0.361878,0.362,0,0,1,1
0.317894,0.361878,0.365,0,0,1,1
0.317894,0.361878,0.368,0,0,1,1
0.317894,0.361878,0.371,0,0,1,1
0.317894,0.361878,0.374,0,0,1,1
0.317894,0.361878,0.377,0,0,1,1
0.317894,0.361878,0.38,0,0,1,1
0.317894,0.361878,0.383,0,0,1,1
0.317894,0.361878,0.386,0,0,1,1
0.317894,0.361878,0.389,0,0,1,1
0.317894,0.361878,0.392,0,0,1,1
0.317894,0.361878,0.395,0,0,1,1
0.317894,0.361878,0.398,0,0,1,1
0.317894,0.361878,0.401,0,0,1,1
0.317894,0.361878,0.404,0,0,1,1
0.317894,0.361878,0.407,0,0,1,1
0.317894,0.361878,0.41,0,0,1,1
0.317894,0.361878,0.413,0,0,1,1
0.317894,0.361878,0.416,0,0,1,1
0.317894,0.361878,0.419,0,0,1,1
0.317894,0.361878,0.422,0,0,1,1
0.317894,0.361878,0.425,0,0,1,1
0.317894,0.361878,0.427999,0,0,1,1
0.317894,0.361878,0.430999,0,0,1,1
0.317894,0.361878,0.433999,0,0,1,1
0.317894,0.361878,0.436999,0,0,1,1
0.317894,0.361878,0.439999,0,0,1,1
0.320492,0.363378,0.26,0,0,1,1
0.320492,0.363378,0.263,0,0,1,1
0.320492,0.363378,0.266,0,0,1,1
0.320492,0.363378,0.269,0,0,1,1
0.320492,0.363378,0.272,0,0,1,1
0.320492,0.363378,0.275,0,0,1,1
0.320492,0.363378,0.278,0,0,1,1
0.320492,0.363378,0.281,0,0,1,1
0.320492,0.363378,0.284,0,0,1,1
0.320492,0.363378,0.287,0,0,1,1
0.320492,0.363378,0.29,0,0,1,1
0.320492,0.363378,0.293,0,0,1,1
0.320492,0.363378,0.296,0,0,1,1
0.320492,0.363378,0.299,0,0,1,1
0.320492,0.363378,0.302,0,0,1,1
0.320492,0.363378,0.305,0,0,1,1
0.320492,0.363378,0.308,0,0,1,1
0.320492,0.363378,0.311,0,0,1,1
0.320492,0.363378,0.314,0,0,1,1
0.320492,0.363378,0.317,0,0,1,1
0.320492,0.363378,0.32,0,0,1,1
0.320492,0.363378,0.323,0,0,1,1
0.320492,0.363378,0.326,0,0,1,1
0.320492,0.363378,0.329,0,0,1,1
0.320492,0.363378,0.332,0,0,1,1
0.320492,0.363378,0.335,0,0,1,1
0.320492,0.363378,0.338,0,0,1,1
0.320492,0.363378,0.341,0,0,1,1
0.320492,0.363378,0.344,0,0,1,1
0.320492,0.363378,0.347,0,0,1,1
0.320492,0.363378,0.35,0,0,1,1
0.320492,0.363378,0.353,0,0,1,1
0.320492,0.363378,0.356,0,0,1,1
0.320492,0.363378,0.359,0,0,1,1
0.320492,0.363378,0.362,0,0,1,1
0.320492,0.363378,0.365,0,0,1,1
0.320492,0.363378,0.368,0,0,1,1
0.320492,0.363378,0.371,0,0,1,1
0.320492,0.363378,0.374,0,0,1,1
0.320492,0.363378,0.377,0,0,1,1
0.320492,0.363378,0.38,0,0,1,1
0.320492,0.363378,0.383,0,0,1,1
0.320492,0.363378,0.386,0,0,1,1
0.320492,0.363378,0.389,0,0,1,1
0.320492,0.363378,0.392,0,0,1,1
0.320492,0.363378,0.395,0,0,1,1
0.320492,0.363378,0.398,0,0,1,1
0.320492,0.363378,0.401,0,0,1,1
0.320492,0.363378,0.404,0,0,1,1
0.320492,0.363378,0.407,0,0,1,1
0.320492,0.363378,0.41,0,0,1,1
0.320492,0.363378,0.413,0,0,1,1
0.320492,0.363378,0.416,0,0,1,1
0.320492,0.363378,0.419,0,0,1,1
0.320492,0.363378,0.422,0,0,1,1
0.320492,0.363378,0.425,0,0,1,1
0.320492,0.363378,0.427999,0,0,1,1
0.320492,0.363378,0.430999,0,0,1,1
0.320492,0.363378,0.433999,0,0,1,1
0.320492,0.363378,0.436999,0,0,1,1
0.320492,0.363378,0.439999,0,0,1,1
0.32309,0.364878,0.26,0,0,1,1
0.32309,0.364878,0.263,0,0,1,1
0.32309,0.364878,0.266,0,0,1,1
0.32309,0.364878,0.269,0,0,1,1
0.32309,0.364878,0.272,0,0,1,1
0.32309,0.364878,0.275,0,0,1,1
0.32309,0.364878,0.278,0,0,1,1
0.32309,0.364878,0.281,0,0,1,1
0.32309,0.364878,0.284,0,0,1,1
0.32309,0.364878,0.287,0,0,1,1
0.32309,0.364878,0.29,0,0,1,1
0.32309,0.364878,0.293,0,0,1,1
0.32309,0.364878,0.296,0,0,1,1
0.32309,0.364878,0.299,0,0,1,1
0.32309,0.364878,0.302,0,0,1,1
0.32309,0.364878,0.305,0,0,1,1
0.32309,0.364878,0.308,0,0,1,1
0.32309,0.364878,0.311,0,0,1,1
0.32309,0.364878,0.314,0,0,1,1
0.32309,0.364878,0.317,0,0,1,1
0.32309,0.364878,0.32,0,0,1,1
0.32309,0.364878,0.323,0,0,1,1
0.32309,0.364878,0.326,0,0,1,1
0.32309,0.364878,0.329,0,0,1,1
0.32309,0.364878,0.332,0,0,1,1
0.32309,0.364878,0.335,0,0,1,1
0.32309,0.364878,0.338,0,0,1,1
0.32309,0.364878,0.341,0,0,1,1
0.32309,0.364878,0.344,0,0,1,1
0.32309,0.364878,0.347,0,0,1,1
0.32309,0.364878,0.35,0,0,1,1
0.32309,0.364878,0.353,0,0,1,1
0.32309,0.364878,0.356,0,0,1,1
0.32309,0.364878,0.359,0,0,1,1
0.32309,0.364878,0.362,0,0,1,1
0.32309,0.364878,0.365,0,0,1,1
0.32309,0.364878,0.368,0,0,1,1
0.32309,0.364878,0.371,0,0,1,1
0.32309,0.364878,0.374,0,0,1,1
0.32309,0.364878,0.377,0,0,1,1
0.32309,0.364878,0.38,0,0,1,1
0.32309,0.364878,0.383,0,0,1,1
0.32309,0.364878,0.386,0,0,1,1
0.32309,0.364878,0.389,0,0,1,1
0.32309,0.364878,0.392,0,0,1,1
0.32309,0.364878,0.395,0,0,1,1
0.32309,0.364878,0.398,0,0,1,1
0.32309,0.364878,0.401,0,0,1,1
0.32309,0.364878,0.404,0,0,1,1
0.32309,0.364878,0.407,0,0,1,1
0.32309,0.364878,0.41,0,0,1,1
0.32309,0.364878,0.413,0,0,1,1
0.32309,0.364878,0.416,0,0,1,1
0.32309,0.364878,0.419,0,0,1,1
0.32309,0.364878,0.422,0,0,1,1
0.32309,0.364878,0.425,0,0,1,1
0.32309,0.364878,0.427999,0,0,1,1
0.32309,0.364878,0.430999,0,0,1,1
0.32309,0.364878,0.433999,0,0,1,1
0.32309,0.364878,0.436999,0,0,1,1
0.32309,0.364878,0.439999,0,0,1,1
0.325688,0.366378,0.26,0,0,1,1
0.325688,0.366378,0.263,0,0,1,1
0.325688,0.366378,0.266,0,0,1,1
0.325688,0.366378,0.269,0,0,1,1
0.325688,0.366378,0.272,0,0,1,1
0.325688,0.366378,0.275,0,0,1,1
0.325688,0.366378,0.278,0,0,1,1
0.325688,0.366378,0.281,0,0,1,1
0.325688,0.366378,0.284,0,0,1,1
0.325688,0.366378,0.287,0,0,1,1
0.325688,0.366378,0.29,0,0,1,1
0.325688,0.366378,0.293,0,0,1,1
0.325688,0.366378,0.296,0,0,1,1
0.325688,0.366378,0.299,0,0,1,1
0.325688,0.366378,0.302,0,0,1,1
0.325688,0.366378,0.305,0,0,1,1
0.325688,0.366378,0.308,0,0,1,1
0.325688,0.366378,0.311,0,0,1,1
0.325688,0.366378,0.314,0,0,1,1
0.325688,0.366378,0.317,0,0,1,1
0.325688,0.366378,0.32,0,0,1,1
0.325688,0.366378,0.323,0,0,1,1
0.325688,0.366378,0.326,0,0,1,1
0.325688,0.366378,0.329,0,0,1,1
0.325688,0.366378,0.332,0,0,1,1
0.325688,0.366378,0.335,0,0,1,1
0.325688,0.366378,0.338,0,0,1,1
0.325688,0.366378,0.341,0,0,1,1
0.325688,0.366378,0.344,0,0,1,1
0.325688,0.366378,0.347,0,0,1,1
0.325688,0.366378,0.35,0,0,1,1
0.325688,0.366378,0.353,0,0,1,1
0.325688,0.366378,0.356,0,0,1,1
0.325688,0.366378,0.359,0,0,1,1
0.325688,0.366378,0.362,0,0,1,1
0.325688,0.366378,0.365,0,0,1,1
0.325688,0.366378,0.368,0,0,1,1
0.325688,0.366378,0.371,0,0,1,1
0.325688,0.366378,0.374,0,0,1,1
0.325688,0.366378,0.377,0,0,1,1
0.325688,0.366378,0.38,0,0,1,1
0.325688,0.366378,0.383,0,0,1,1
0.325688,0.366378,0.386,0,0,1,1
0.325688,0.366378,0.389,0,0,1,1
0.325688,0.366378,0.392,0,0,1,1
0.325688,0.366378,0.395,0,0,1,1
0.325688,0.366378,0.398,0,0,1,1
0.325688,0.366378,0.401,0,0,1,1
0.325688,0.366378,0.404,0,0,1,1
0.325688,0.366378,0.407,0,0,1,1
0.325688,0.366378,0.41,0,0,1,1
0.325688,0.366378,0.413,0,0,1,1
0.325688,0.366378,0.416,0,0,1,1
0.325688,0.366378,0.419,0,0,1,1
0.325688,0.366378,0.422,0,0,1,1
0.325688,0.366378,0.425,0,0,1,1
0.325688,0.366378,0.427999,0,0,1,1
0.325688,0.366378,0.430999,0,0,1,1
0.325688,0.366378,0.433999,0,0,1,1
0.325688,0.366378,0.436999,0,0,1,1
0.325688,0.366378,0.439999,0,0,1,1
0.328287,0.367878,0.26,0,0,1,1
0.328287,0.367878,0.263,0,0,1,1
0.328287,0.367878,0.266,0,0,1,1
0.328287,0.367878,0.269,0,0,1,1
0.328287,0.367878,0.272,0,0,1,1
0.328287,0.367878,0.275,0,0,1,1
0.328287,0.367878,0.278,0,0,1,1
0.328287,0.367878,0.281,0,0,1,1
0.328287,0.367878,0.284,0,0,1,1
0.328287,0.367878,0.287,0,0,1,1
0.328287,0.367878,0.29,0,0,1,1
0.328287,0.367878,0.293,0,0,1,1
0.328287,0.367878,0.296,0,0,1,1
0.328287,0.367878,0.299,0,0,1,1
0.328287,0.367878,0.302,0,0,1,1
0.328287,0.367878,0.305,0,0,1,1
0.328287,0.367878,0.308,0,0,1,1
0.328287,0.367878,0.311,0,0,1,1
0.328287,0.367878,0.314,0,0,1,1
0.328287,0.367878,0.317,0,0,1,1
0.328287,0.367878,0.32,0,0,1,1
0.328287,0.367878,0.323,0,0,1,1
0.328287,0.367878,0.326,0,0,1,1
0.328287,0.367878,0.329,0,0,1,1
0.328287,0.367878,0.332,0,0,1,1
0.328287,0.367878,0.335,0,0,1,1
0.328287,0.367878,0.338,0,0,1,1
0.328287,0.367878,0.341,0,0,1,1
0.328287,0.367878,0.344,0,0,1,1
0.328287,0.367878,0.347,0,0,1,1
0.328287,0.367878,0.35,0,0,1,1
0.328287,0.367878,0.353,0,0,1,1
0.328287,0.367878,0.356,0,0,1,1
0.328287,0.367878,0.359,0,0,1,1
0.328287,0.367878,0.362,0,0,1,1
0.328287,0.367878,0.365,0,0,1,1
0.328287,0.367878,0.368,0,0,1,1
0.328287,0.367878,0.371,0,0,1,1
0.328287,0.367878,0.374,0,0,1,1
0.328287,0.367878,0.377,0,0,1,1
0.328287,0.367878,0.38,0,0,1,1
0.328287,0.367878,0.383,0,0,1,1
0.328287,0.367878,0.386,0,0,1,1
0.328287,0.367878,0.389,0,0,1,1
0.328287,0.367878,0.392,0,0,1,1
0.328287,0.367878,0.395,0,0,1,1
0.328287,0.367878,0.398,0,0,1,1
0.328287,0.367878,0.401,0,0,1,1
0.328287,0.367878,0.404,0,0,1,1
0.328287,0.367878,0.407,0,0,1,1
0.328287,0.367878,0.41,0,0,1,1
0.328287,0.367878,0.413,0,0,1,1
0.328287,0.367878,0.416,0,0,1,1
0.328287,0.367878,0.419,0,0,1,1
0.328287,0.367878,0.422,0,0,1,1
0.328287,0.367878,0.425,0,0,1,1
0.328287,0.367878,0.427999,0,0,1,1
0.328287,0.367878,0.430999,0,0,1,1
0.328287,0.367878,0.433999,0,0,1,1
0.328287,0.367878,0.436999,0,0,1,1
0.328287,0.367878,0.439999,0,0,1,1
0.330885,0.369378,0.26,0,0,1,1
0.330885,0.369378,0.263,0,0,1,1
0.330885,0.369378,0.266,0,0,1,1
0.330885,0.369378,0.269,0,0,1,1
0.330885,0.369378,0.272,0,0,1,1
0.330885,0.369378,0.275,0,0,1,1
0.330885,0.369378,0.278,0,0,1,1
0.330885,0.369378,0.281,0,0,1,1
0.330885,0.369378,0.284,0,0,1,1
0.330885,0.369378,0.287,0,0,1,1
0.330885,0.369378,0.29,0,0,1,1
0.330885,0.369378,0.293,0,0,1,1
0.330885,0.369378,0.296,0,0,1,1
0.330885,0.369378,0.299,0,0,1,1
0.330885,0.369378,0.302,0,0,1,1
0.330885,0.369378,0.305,0,0,1,1
0.330885,0.369378,0.308,0,0,1,1
0.330885,0.369378,0.311,0,0,1,1
0.330885,0.369378,0.314,0,0,1,1
0.330885,0.369378,0.317,0,0,1,1
0.330885,0.369378,0.32,0,0,1,1
0.330885,0.369378,0.323,0,0,1,1
0.330885,0.369378,0.326,0,0,1,1
0.330885,0.369378,0.329,0,0,1,1
0.330885,0.369378,0.332,0,0,1,1
0.330885,0.369378,0.335,0,0,1,1
0.330885,0.369378,0.338,0,0,1,1
0.330885,0.369378,0.341,0,0,1,1
0.330885,0.369378,0.344,0,0,1,1
0.330885,0.369378,0.347,0,0,1,1
0.330885,0.369378,0.35,0,0,1,1
0.330885,0.369378,0.353,0,0,1,1
0.330885,0.369378,0.356,0,0,1,1
0.330885,0.369378,0.359,0,0,1,1
0.330885,0.369378,0.362,0,0,1,1
0.330885,0.369378,0.365,0,0,1,1
0.330885,0.369378,0.368,0,0,1,1
0.330885,0.369378,0.371,0,0,1,1
0.330885,0.369378,0.374,0,0,1,1
0.330885,0.369378,0.377,0,0,1,1
0.330885,0.369378,0.38,0,0,1,1
0.330885,0.369378,0.383,0,0,1,1
0.330885,0.369378,0.386,0,0,1,1
0.330885,0.369378,0.389,0,0,1,1
0.330885,0.369378,0.392,0,0,1,1
0.330885,0.369378,0.395,0,0,1,1
0.330885,0.369378,0.398,0,0,1,1
0.330885,0.369378,0.401,0,0,1,1
0.330885,0.369378,0.404,0,0,1,1
0.330885,0.369378,0.407,0,0,1,1
0.330885,0.369378,0.41,0,0,1,1
0.330885,0.369378,0.413,0,0,1,1
0.330885,0.369378,0.416,0,0,1,1
0.330885,0.369378,0.419,0,0,1,1
0.330885,0.369378,0.422,0,0,1,1
0.330885,0.369378,0.425,0,0,1,1
0.330885,0.369378,0.427999,0,0,1,1
0.330885,0.369378,0.430999,0,0,1,1
0.330885,0.369378,0.433999,0,0,1,1
0.330885,0.369378,0.436999,0,0,1,1
0.330885,0.369378,0.439999,0,0,1,1
0.333483,0.370878,0.26,0,0,1,1
0.333483,0.370878,0.263,0,0,1,1
0.333483,0.370878,0.266,0,0,1,1
0.333483,0.370878,0.269,0,0,1,1
0.333483,0.370878,0.272,0,0,1,1
0.333483,0.370878,0.275,0,0,1,1
0.333483,0.370878,0.278,0,0,1,1
0.333483,0.370878,0.281,0,0,1,1
0.333483,0.370878,0.284,0,0,1,1
0.333483,0.370878,0.287,0,0,1,1
0.333483,0.370878,0.29,0,0,1,1
0.333483,0.370878,0.293,0,0,1,1
0.333483,0.370878,0.296,0,0,1,1
0.333483,0.370878,0.299,0,0,1,1
0.333483,0.370878,0.302,0,0,1,1
0.333483,0.370878,0.305,0,0,1,1
0.333483,0.370878,0.308,0,0,1,1
0.333483,0.370878,0.311,0,0,1,1
0.333483,0.370878,0.314,0,0,1,1
0.333483,0.370878,0.317,0,0,1,1
0.333483,0.370878,0.32,0,0,1,1
0.333483,0.370878,0.323,0,0,1,1
0.333483,0.370878,0.326,0,0,1,1
0.333483,0.370878,0.329,0,0,1,1
0.333483,0.370878,0.332,0,0,1,1
0.333483,0.370878,0.335,0,0,1,1
0.333483,0.370878,0.338,0,0,1,1
0.333483,0.370878,0.341,0,0,1,1
0.333483,0.370878,0.344,0,0,1,1
0.333483,0.370878,0.347,0,0,1,1
0.333483,0.370878,0.35,0,0,1,1
0.333483,0.370878,0.353,0,0,1,1
0.333483,0.370878,0.356,0,0,1,1
0.333483,0.370878,0.359,0,0,1,1
0.333483,0.370878,0.362,0,0,1,1
0.333483,0.370878,0.365,0,0,1,1
0.333483,0.370878,0.368,0,0,1,1
0.333483,0.370878,0.371,0,0,1,1
0.333483,0.370878,0.374,0,0,1,1
0.333483,0.370878,0.377,0,0,1,1
0.333483,0.370878,0.38,0,0,1,1
0.333483,0.370878,0.383,0,0,1,1
0.333483,0.370878,0.386,0,0,1,1
0.333483,0.370878,0.389,0,0,1,1
0.333483,0.370878,0.392,0,0,1,1
0.333483,0.370878,0.395,0,0,1,1
0.333483,0.370878,0.398,0,0,1,1
0.333483,0.370878,0.401,0,0,1,1
0.333483,0.370878,0.404,0,0,1,1
0.333483,0.370878,0.407,0,0,1,1
0.333483,0.370878,0.41,0,0,1,1
0.333483,0.370878,0.413,0,0,1,1
0.333483,0.370878,0.416,0,0,1,1
0.333483,0.370878,0.419,0,0,1,1
0.333483,0.370878,0.422,0,0,1,1
0.333483,0.370878,0.425,0,0,1,1
0.333483,0.370878,0.427999,0,0,1,1
0.333483,0.370878,0.430999,0,0,1,1
0.333483,0.370878,0.433999,0,0,1,1
0.333483,0.370878,0.436999,0,0,1,1
0.333483,0.370878,0.439999,0,0,1,1
0.336081,0.372378,0.26,0,0,1,1
0.336081,0.372378,0.263,0,0,1,1
0.336081,0.372378,0.266,0,0,1,1
0.336081,0.372378,0.269,0,0,1,1
0.336081,0.372378,0.272,0,0,1,1
0.336081,0.372378,0.275,0,0,1,1
0.336081,0.372378,0.278,0,0,1,1
0.336081,0.372378,0.281,0,0,1,1
0.336081,0.372378,0.284,0,0,1,1
0.336081,0.372378,0.287,0,0,1,1
0.336081,0.372378,0.29,0,0,1,1
0.336081,0.372378,0.293,0,0,1,1
0.336081,0.372378,0.296,0,0,1,1
0.336081,0.372378,0.299,0,0,1,1
0.336081,0.372378,0.302,0,0,1,1
0.336081,0.372378,0.305,0,0,1,1
0.336081,0.372378,0.308,0,0,1,1
0.336081,0.372378,0.311,0,0,1,1
0.336081,0.372378,0.314,0,0,1,1
0.336081,0.372378,0.317,0,0,1,1
0.336081,0.372378,0.32,0,0,1,1
0.336081,0.372378,0.323,0,0,1,1
0.336081,0.372378,0.326,0,0,1,1
0.336081,0.372378,0.329,0,0,1,1
0.336081,0.372378,0.332,0,0,1,1
0.336081,0.372378,0.335,0,0,1,1
0.336081,0.372378,0.338,0,0,1,1
0.336081,0.372378,0.341,0,0,1,1
0.336081,0.372378,0.344,0,0,1,1
0.336081,0.372378,0.347,0,0,1,1
0.336081,0.372378,0.35,0,0,1,1
0.336081,0.372378,0.353,0,0,1,1
0.336081,0.372378,0.356,0,0,1,1
0.336081,0.372378,0.359,0,0,1,1
0.336081,0.372378,0.362,0,0,1,1
0.336081,0.372378,0.365,0,0,1,1
0.336081,0.372378,0.368,0,0,1,1
0.336081,0.372378,0.371,0,0,1,1
0.336081,0.372378,0.374,0,0,1,1
0.336081,0.372378,0.377,0,0,1,1
0.336081,0.372378,0.38,0,0,1,1
0.336081,0.372378,0.383,0,0,1,1
0.336081,0.372378,0.386,0,0,1,1
0.336081,0.372378,0.389,0,0,1,1
0.336081,0.372378,0.392,0,0,1,1
0.336081,0.372378,0.395,0,0,1,1
0.336081,0.372378,0.398,0,0,1,1
0.336081,0.372378,0.401,0,0,1,1
0.336081,0.372378,0.404,0,0,1,1
0.336081,0.372378,0.407,0,0,1,1
0.336081,0.372378,0.41,0,0,1,1
0.336081,0.372378,0.413,0,0,1,1
0.336081,0.372378,0.416,0,0,1,1
0.336081,0.372378,0.419,0,0,1,1
0.336081,0.372378,0.422,0,0,1,1
0.336081,0.372378,0.425,0,0,1,1
0.336081,0.372378,0.427999,0,0,1,1
0.336081,0.372378,0.430999,0,0,1,1
0.336081,0.372378,0.433999,0,0,1,1
0.336081,0.372378,0.436999,0,0,1,1
0.336081,0.372378,0.439999,0,0,1,1
0.338679,0.373878,0.26,0,0,1,1
0.338679,0.373878,0.263,0,0,1,1
0.338679,0.373878,0.266,0,0,1,1
0.338679,0.373878,0.269,0,0,1,1
0.338679,0.373878,0.272,0,0,1,1
0.338679,0.373878,0.275,0,0,1,1
0.338679,0.373878,0.278,0,0,1,1
0.338679,0.373878,0.281,0,0,1,1
0.338679,0.373878,0.284,0,0,1,1
0.338679,0.373878,0.287,0,0,1,1
0.338679,0.373878,0.29,0,0,1,1
0.338679,0.373878,0.293,0,0,1,1
0.338679,0.373878,0.296,0,0,1,1
0.338679,0.373878,0.299,0,0,1,1
0.338679,0.373878,0.302,0,0,1,1
0.338679,0.373878,0.305,0,0,1,1
0.338679,0.373878,0.308,0,0,1,1
0.338679,0.373878,0.311,0,0,1,1
0.338679,0.373878,0.314,0,0,1,1
0.338679,0.373878,0.317,0,0,1,1
0.338679,0.373878,0.32,0,0,1,1
0.338679,0.373878,0.323,0,0,1,1
0.338679,0.373878,0.326,0,0,1,1
0.338679,0.373878,0.329,0,0,1,1
0.338679,0.373878,0.332,0,0,1,1
0.338679,0.373878,0.335,0,0,1,1
0.338679,0.373878,0.338,0,0,1,1
0.338679,0.373878,0.341,0,0,1,1
0.338679,0.373878,0.344,0,0,1,1
0.338679,0.373878,0.347,0,0,1,1
0.338679,0.373878,0.35,0,0,1,1
0.338679,0.373878,0.353,0,0,1,1
0.338679,0.373878,0.356,0,0,1,1
0.338679,0.373878,0.359,0,0,1,1
0.338679,0.373878,0.362,0,0,1,1
0.338679,0.373878,0.365,0,0,1,1
0.338679,0.373878,0.368,0,0,1,1
0.338679,0.373878,0.371,0,0,1,1
0.338679,0.373878,0.374,0,0,1,1
0.338679,0.373878,0.377,0,0,1,1
0.338679,0.373878,0.38,0,0,1,1
0.338679,0.373878,0.383,0,0,1,1
0.338679,0.373878,0.386,0,0,1,1
0.338679,0.373878,0.389,0,0,1,1
0.338679,0.373878,0.392,0,0,1,1
0.338679,0.373878,0.395,0,0,1,1
0.338679,0.373878,0.398,0,0,1,1
0.338679,0.373878,0.401,0,0,1,1
0.338679,0.373878,0.404,0,0,1,1
0.338679,0.373878,0.407,0,0,1,1
0.338679,0.373878,0.41,0,0,1,1
0.338679,0.373878,0.413,0,0,1,1
0.338679,0.373878,0.416,0,0,1,1
0.338679,0.373878,0.419,0,0,1,1
0.338679,0.373878,0.422,0,0,1,1
0.338679,0.373878,0.425,0,0,1,1
0.338679,0.373878,0.427999,0,0,1,1
0.338679,0.373878,0.430999,0,0,1,1
0.338679,0.373878,0.433999,0,0,1,1
0.338679,0.373878,0.436999,0,0,1,1
0.338679,0.373878,0.439999,0,0,1,1
0.341277,0.375378,0.26,0,0,1,1
0.341277,0.375378,0.263,0,0,1,1
0.341277,0.375378,0.266,0,0,1,1
0.341277,0.375378,0.269,0,0,1,1
0.341277,0.375378,0.272,0,0,1,1
0.341277,0.375378,0.275,0,0,1,1
0.341277,0.375378,0.278,0,0,1,1
0.341277,0.375378,0.281,0,0,1,1
0.341277,0.375378,0.284,0,0,1,1
0.341277,0.375378,0.287,0,0,1,1
0.341277,0.375378,0.29,0,0,1,1
0.341277,0.375378,0.293,0,0,1,1
0.341277,0.375378,0.296,0,0,1,1
0.341277,0.375378,0.299,0,0,1,1
0.341277,0.375378,0.302,0,0,1,1
0.341277,0.375378,0.305,0,0,1,1
0.341277,0.375378,0.308,0,0,1,1
0.341277,0.375378,0.311,0,0,1,1
0.341277,0.375378,0.314,0,0,1,1
0.341277,0.375378,0.317,0,0,1,1
0.341277,0.375378,0.32,0,0,1,1
0.341277,0.375378,0.323,0,0,1,1
0.341277,0.375378,0.326,0,0,1,1
0.341277,0.375378,0.329,0,0,1,1
0.341277,0.375378,0.332,0,0,1,1
0.341277,0.375378,0.335,0,0,1,1
0.341277,0.375378,0.338,0,0,1,1
0.341277,0.375378,0.341,0,0,1,1
0.341277,0.375378,0.344,0,0,1,1
0.341277,0.375378,0.347,0,0,1,1
0.341277,0.375378,0.35,0,0,1,1
0.341277,0.375378,0.353,0,0,1,1
0.341277,0.375378,0.356,0,0,1,1
0.341277,0.375378,0.359,0,0,1,1
0.341277,0.375378,0.362,0,0,1,1
0.341277,0.375378,0.365,0,0,1,1
0.341277,0.375378,0.368,0,0,1,1
0.341277,0.375378,0.371,0,0,1,1
0.341277,0.375378,0.374,0,0,1,1
0.341277,0.375378,0.377,0,0,1,1
0.341277,0.375378,0.38,0,0,1,1
0.341277,0.375378,0.383,0,0,1,1
0.341277,0.375378,0.386,0,0,1,1
0.341277,0.375378,0.389,0,0,1,1
0.341277,0.375378,0.392,0,0,1,1
0.341277,0.375378,0.395,0,0,1,1
0.341277,0.375378,0.398,0,0,1,1
0.341277,0.375378,0.401,0,0,1,1
0.341277,0.375378,0.404,0,0,1,1
0.341277,0.375378,0.407,0,0,1,1
0.341277,0.375378,0.41,0,0,1,1
0.341277,0.375378,0.413,0,0,1,1
0.341277,0.375378,0.416,0,0,1,1
0.341277,0.375378,0.419,0,0,1,1
0.341277,0.375378,0.422,0,0,1,1
0.341277,0.375378,0.425,0,0,1,1
0.341277,0.375378,0.427999,0,0,1,1
0.341277,0.375378,0.430999,0,0,1,1
0.341277,0.375378,0.433999,0,0,1,1
0.341277,0.375378,0.436999,0,0,1,1
0.341277,0.375378,0.439999,0,0,1,1
0.343875,0.376878,0.26,0,0,1,1
0.343875,0.376878,0.263,0,0,1,1
0.343875,0.376878,0.266,0,0,1,1
0.343875,0.376878,0.269,0,0,1,1
0.343875,0.376878,0.272,0,0,1,1
0.343875,0.376878,0.275,0,0,1,1
0.343875,0.376878,0.278,0,0,1,1
0.343875,0.376878,0.281,0,0,1,1
0.343875,0.376878,0.284,0,0,1,1
0.343875,0.376878,0.287,0,0,1,1
0.343875,0.376878,0.29,0,0,1,1
0.343875,0.376878,0.293,0,0,1,1
0.343875,0.376878,0.296,0,0,1,1
0.343875,0.376878,0.299,0,0,1,1
0.343875,0.376878,0.302,0,0,1,1
0.343875,0.376878,0.305,0,0,1,1
0.343875,0.376878,0.308,0,0,1,1
0.343875,0.376878,0.311,0,0,1,1
0.343875,0.376878,0.314,0,0,1,1
0.343875,0.376878,0.317,0,0,1,1
0.343875,0.376878,0.32,0,0,1,1
0.343875,0.376878,0.323,0,0,1,1
0.343875,0.376878,0.326,0,0,1,1
0.343875,0.376878,0.329,0,0,1,1
0.343875,0.376878,0.332,0,0,1,1
0.343875,0.376878,0.335,0,0,1,1
0.343875,0.376878,0.338,0,0,1,1
0.343875,0.376878,0.341,0,0,1,1
0.343875,0.376878,0.344,0,0,1,1
0.343875,0.376878,0.347,0,0,1,1
0.343875,0.376878,0.35,0,0,1,1
0.343875,0.376878,0.353,0,0,1,1
0.343875,0.376878,0.356,0,0,1,1
0.343875,0.376878,0.359,0,0,1,1
0.343875,0.376878,0.362,0,0,1,1
0.343875,0.376878,0.365,0,0,1,1
0.343875,0.376878,0.368,0,0,1,1
0.343875,0.376878,0.371,0,0,1,1
0.343875,0.376878,0.374,0,0,1,1
0.343875,0.376878,0.377,0,0,1,1
0.343875,0.376878,0.38,0,0,1,1
0.343875,0.376878,0.383,0,0,1,1
0.343875,0.376878,0.386,0,0,1,1
0.343875,0.376878,0.389,0,0,1,1
0.343875,0.376878,0.392,0,0,1,1
0.343875,0.376878,0.395,0,0,1,1
0.343875,0.376878,0.398,0,0,1,1
0.343875,0.376878,0.401,0,0,1,1
0.343875,0.376878,0.404,0,0,1,1
0.343875,0.376878,0.407,0,0,1,1
0.343875,0.376878,0.41,0,0,1,1
0.343875,0.376878,0.413,0,0,1,1
0.343875,0.376878,0.416,0,0,1,1
0.343875,0.376878,0.419,0,0,1,1
0.343875,0.376878,0.422,0,0,1,1
0.343875,0.376878,0.425,0,0,1,1
0.343875,0.376878,0.427999,0,0,1,1
0.343875,0.376878,0.430999,0,0,1,1
0.343875,0.376878,0.433999,0,0,1,1
0.343875,0.376878,0.436999,0,0,1,1
0.343875,0.376878,0.439999,0,0,1,1
0.346473,0.378378,0.26,0,0,1,1
0.346473,0.378378,0.263,0,0,1,1
0.346473,0.378378,0.266,0,0,1,1
0.346473,0.378378,0.269,0,0,1,1
0.346473,0.378378,0.272,0,0,1,1
0.346473,0.378378,0.275,0,0,1,1
0.346473,0.378378,0.278,0,0,1,1
0.346473,0.378378,0.281,0,0,1,1
0.346473,0.378378,0.284,0,0,1,1
0.346473,0.378378,0.287,0,0,1,1
0.346473,0.378378,0.29,0,0,1,1
0.346473,0.378378,0.293,0,0,1,1
0.346473,0.378378,0.296,0,0,1,1
0.346473,0.378378,0.299,0,0,1,1
0.346473,0.378378,0.302,0,0,1,1
0.346473,0.378378,0.305,0,0,1,1
0.346473,0.378378,0.308,0,0,1,1
0.346473,0.378378,0.311,0,0,1,1
0.346473,0.378378,0.314,0,0,1,1
0.346473,0.378378,0.317,0,0,1,1
0.346473,0.378378,0.32,0,0,1,1
0.346473,0.378378,0.323,0,0,1,1
0.346473,0.378378,0.326,0,0,1,1
0.346473,0.378378,0.329,0,0,1,1
0.346473,0.378378,0.332,0,0,1,1
0.346473,0.378378,0.335,0,0,1,1
0.346473,0.378378,0.338,0,0,1,1
0.346473,0.378378,0.341,0,0,1,1
0.346473,0.378378,0.344,0,0,1,1
0.346473,0.378378,0.347,0,0,1,1
0.346473,0.378378,0.35,0,0,1,1
0.346473,0.378378,0.353,0,0,1,1
0.346473,0.378378,0.356,0,0,1,1
0.346473,0.378378,0.359,0,0,1,1
0.346473,0.378378,0.362,0,0,1,1
0.346473,0.378378,0.365,0,0,1,1
0.346473,0.378378,0.368,0,0,1,1
0.346473,0.378378,0.371,0,0,1,1
0.346473,0.378378,0.374,0,0,1,1
0.346473,0.378378,0.377,0,0,1,1
0.346473,0.378378,0.38,0,0,1,1
0.346473,0.378378,0.383,0,0,1,1
0.346473,0.378378,0.386,0,0,1,1
0.346473,0.378378,0.389,0,0,1,1
0.346473,0.378378,0.392,0,0,1,1
0.346473,0.378378,0.395,0,0,1,1
0.346473,0.378378,0.398,0,0,1,1
0.346473,0.378378,0.401,0,0,1,1
0.346473,0.378378,0.404,0,0,1,1
0.346473,0.378378,0.407,0,0,1,1
0.346473,0.378378,0.41,0,0,1,1
0.346473,0.378378,0.413,0,0,1,1
0.346473,0.378378,0.416,0,0,1,1
0.346473,0.378378,0.419,0,0,1,1
0.346473,0.378378,0.422,0,0,1,1
0.346473,0.378378,0.425,0,0,1,1
0.346473,0.378378,0.427999,0,0,1,1
0.346473,0.378378,0.430999,0,0,1,1
0.346473,0.378378,0.433999,0,0,1,1
0.346473,0.378378,0.436999,0,0,1,1
0.346473,0.378378,0.439999,0,0,1,1
0.349071,0.379878,0.26,0,0,1,1
0.349071,0.379878,0.263,0,0,1,1
0.349071,0.379878,0.266,0,0,1,1
0.349071,0.379878,0.269,0,0,1,1
0.349071,0.379878,0.272,0,0,1,1
0.349071,0.379878,0.275,0,0,1,1
0.349071,0.379878,0.278,0,0,1,1
0.349071,0.379878,0.281,0,0,1,1
0.349071,0.379878,0.284,0,0,1,1
0.349071,0.379878,0.287,0,0,1,1
0.349071,0.379878,0.29,0,0,1,1
0.349071,0.379878,0.293,0,0,1,1
0.349071,0.379878,0.296,0,0,1,1
0.349071,0.379878,0.299,0,0,1,1
0.349071,0.379878,0.302,0,0,1,1
0.349071,0.379878,0.305,0,0,1,1
0.349071,0.379878,0.308,0,0,1,1
0.349071,0.379878,0.311,0,0,1,1
0.349071,0.379878,0.314,0,0,1,1
0.349071,0.379878,0.317,0,0,1,1
0.349071,0.379878,0.32,0,0,1,1
0.349071,0.379878,0.323,0,0,1,1
0.349071,0.379878,0.326,0,0,1,1
0.349071,0.379878,0.329,0,0,1,1
0.349071,0.379878,0.332,0,0,1,1
0.349071,0.379878,0.335,0,0,1,1
0.349071,0.379878,0.338,0,0,1,1
0.349071,0.379878,0.341,0,0,1,1
0.349071,0.379878,0.344,0,0,1,1
0.349071,0.379878,0.347,0,0,1,1
0.349071,0.379878,0.35,0,0,1,1
0.349071,0.379878,0.353,0,0,1,1
0.349071,0.379878,0.356,0,0,1,1
0.349071,0.379878,0.359,0,0,1,1
0.349071,0.379878,0.362,0,0,1,1
0.349071,0.379878,0.365,0,0,1,1
0.349071,0.379878,0.368,0,0,1,1
0.349071,0.379878,0.371,0,0,1,1
0.349071,0.379878,0.374,0,0,1,1
0.349071,0.379878,0.377,0,0,1,1
0.349071,0.379878,0.38,0,0,1,1
0.349071,0.379878,0.383,0,0,1,1
0.349071,0.379878,0.386,0,0,1,1
0.349071,0.379878,0.389,0,0,1,1
0.349071,0.379878,0.392,0,0,1,1
0.349071,0.379878,0.395,0,0,1,1
0.349071,0.379878,0.398,0,0,1,1
0.349071,0.379878,0.401,0,0,1,1
0.349071,0.379878,0.404,0,0,1,1
0.349071,0.379878,0.407,0,0,1,1
0.349071,0.379878,0.41,0,0,1,1
0.349071,0.379878,0.413,0,0,1,1
0.349071,0.379878,0.416,0,0,1,1
0.349071,0.379878,0.419,0,0,1,1
0.349071,0.379878,0.422,0,0,1,1
0.349071,0.379878,0.425,0,0,1,1
0.349071,0.379878,0.427999,0,0,1,1
0.349071,0.379878,0.430999,0,0,1,1
0.349071,0.379878,0.433999,0,0,1,1
0.349071,0.379878,0.436999,0,0,1,1
0.349071,0.379878,0.439999,0,0,1,1
0.105,0.400622,0.26,0,0,1,1
0.107598,0.402122,0.26,0,0,1,1
0.110196,0.403622,0.26,0,0,1,1
0.112794,0.405122,0.26,0,0,1,1
0.115392,0.406622,0.26,0,0,1,1
0.11799,0.408122,0.26,0,0,1,1
0.120588,0.409622,0.26,0,0,1,1
0.123187,0.411122,0.26,0,0,1,1
0.125785,0.412622,0.26,0,0,1,1
0.128383,0.414122,0.26,0,0,1,1
0.130981,0.415622,0.26,0,0,1,1
0.133579,0.417122,0.26,0,0,1,1
0.136177,0.418622,0.26,0,0,1,1
0.138775,0.420122,0.26,0,0,1,1
0.141373,0.421622,0.26,0,0,1,1
0.143971,0.423122,0.26,0,0,1,1
0.146569,0.424622,0.26,0,0,1,1
0.149167,0.426122,0.26,0,0,1,1
0.151765,0.427622,0.26,0,0,1,1
0.154363,0.429122,0.26,0,0,1,1
0.156962,0.430622,0.26,0,0,1,1
0.15956,0.432122,0.26,0,0,1,1
0.162158,0.433622,0.26,0,0,1,1
0.164756,0.435122,0.26,0,0,1,1
0.167354,0.436622,0.26,0,0,1,1
0.169952,0.438122,0.26,0,0,1,1
0.17255,0.439622,0.26,0,0,1,1
0.175148,0.441122,0.26,0,0,1,1
0.177746,0.442622,0.26,0,0,1,1
0.180344,0.444122,0.26,0,0,1,1
0.182942,0.445622,0.26,0,0,1,1
0.18554,0.447122,0.26,0,0,1,1
0.188138,0.448622,0.26,0,0,1,1
0.190737,0.450122,0.26,0,0,1,1
0.193335,0.451622,0.26,0,0,1,1
0.195933,0.453122,0.26,0,0,1,1
0.198531,0.454622,0.26,0,0,1,1
0.201129,0.456122,0.26,0,0,1,1
0.203727,0.457622,0.26,0,0,1,1
0.206325,0.459122,0.26,0,0,1,1
0.208923,0.460622,0.26,0,0,1,1
0.211521,0.462122,0.26,0,0,1,1
0.214119,0.463622,0.26,0,0,1,1
0.216717,0.465122,0.26,0,0,1,1
0.219315,0.466622,0.26,0,0,1,1
0.221913,0.468122,0.26,0,0,1,1
0.224512,0.469622,0.26,0,0,1,1
0.22711,0.471122,0.26,0,0,1,1
0.229708,0.472622,0.26,0,0,1,1
0.232306,0.474122,0.26,0,0,1,1
0.234904,0.475622,0.26,0,0,1,1
0.237502,0.477122,0.26,0,0,1,1
0.2401,0.478622,0.26,0,0,1,1
0.242698,0.480122,0.26,0,0,1,1
0.245296,0.481622,0.26,0,0,1,1
0.247894,0.483122,0.26,0,0,1,1
0.250492,0.484622,0.26,0,0,1,1
0.25309,0.486122,0.26,0,0,1,1
0.255688,0.487622,0.26,0,0,1,1
0.258287,0.489122,0.26,0,0,1,1
0.260885,0.490622,0.26,0,0,1,1
0.263483,0.492122,0.26,0,0,1,1
0.266081,0.493622,0.26,0,0,1,1
0.268679,0.495122,0.26,0,0,1,1
0.271277,0.496622,0.26,0,0,1,1
0.273875,0.498122,0.26,0,0,1,1
0.276473,0.499622,0.26,0,0,1,1
0.279071,0.501122,0.26,0,0,1,1
0.1065,0.398024,0.26,0,0,1,1
0.109098,0.399524,0.26,0,0,1,1
0.111696,0.401024,0.26,0,0,1,1
0.114294,0.402524,0.26,0,0,1,1
0.116892,0.404024,0.26,0,0,1,1
0.11949,0.405524,0.26,0,0,1,1
0.122088,0.407024,0.26,0,0,1,1
0.124687,0.408524,0.26,0,0,1,1
0.127285,0.410024,0.26,0,0,1,1
0.129883,0.411524,0.26,0,0,1,1
0.132481,0.413024,0.26,0,0,1,1
0.135079,0.414524,0.26,0,0,1,1
0.137677,0.416024,0.26,0,0,1,1
0.140275,0.417524,0.26,0,0,1,1
0.142873,0.419024,0.26,0,0,1,1
0.145471,0.420524,0.26,0,0,1,1
0.148069,0.422024,0.26,0,0,1,1
0.150667,0.423524,0.26,0,0,1,1
0.153265,0.425024,0.26,0,0,1,1
0.155863,0.426524,0.26,0,0,1,1
0.158462,0.428024,0.26,0,0,1,1
0.16106,0.429524,0.26,0,0,1,1
0.163658,0.431024,0.26,0,0,1,1
0.166256,0.432524,0.26,0,0,1,1
0.168854,0.434024,0.26,0,0,1,1
0.171452,0.435524,0.26,0,0,1,1
0.17405,0.437024,0.26,0,0,1,1
0.176648,0.438524,0.26,0,0,1,1
0.179246,0.440024,0.26,0,0,1,1
0.181844,0.441524,0.26,0,0,1,1
0.184442,0.443024,0.26,0,0,1,1
0.18704,0.444524,0.26,0,0,1,1
0.189638,0.446024,0.26,0,0,1,1
0.192236,0.447524,0.26,0,0,1,1
0.194835,0.449024,0.26,0,0,1,1
0.197433,0.450524,0.26,0,0,1,1
0.200031,0.452024,0.26,0,0,1,1
0.202629,0.453524,0.26,0,0,1,1
0.205227,0.455024,0.26,0,0,1,1
0.207825,0.456524,0.26,0,0,1,1
0.210423,0.458024,0.26,0,0,1,1
0.213021,0.459524,0.26,0,0,1,1
0.215619,0.461024,0.26,0,0,1,1
0.218217,0.462524,0.26,0,0,1,1
0.220815,0.464024,0.26,0,0,1,1
0.223413,0.465524,0.26,0,0,1,1
0.226012,0.467024,0.26,0,0,1,1
0.22861,0.468524,0.26,0,0,1,1
0.231208,0.470024,0.26,0,0,1,1
0.233806,0.471524,0.26,0,0,1,1
0.236404,0.473024,0.26,0,0,1,1
0.239002,0.474524,0.26,0,0,1,1
0.2416,0.476024,0.26,0,0,1,1
0.244198,0.477524,0.26,0,0,1,1
0.246796,0.479024,0.26,0,0,1,1
0.249394,0.480524,0.26,0,0,1,1
0.251992,0.482024,0.26,0,0,1,1
0.25459,0.483524,0.26,0,0,1,1
0.257188,0.485024,0.26,0,0,1,1
0.259787,0.486524,0.26,0,0,1,1
0.262385,0.488024,0.26,0,0,1,1
0.264983,0.489524,0.26,0,0,1,1
0.267581,0.491024,0.26,0,0,1,1
0.270179,0.492524,0.26,0,0,1,1
0.272777,0.494024,0.26,0,0,1,1
0.275375,0.495524,0.26,0,0,1,1
0.277973,0.497024,0.26,0,0,1,1
0.280571,0.498524,0.26,0,0,1,1
0.108,0.395426,0.26,0,0,1,1
0.110598,0.396926,0.26,0,0,1,1
0.113196,0.398426,0.26,0,0,1,1
0.115794,0.399926,0.26,0,0,1,1
0.118392,0.401426,0.26,0,0,1,1
0.12099,0.402926,0.26,0,0,1,1
0.123588,0.404426,0.26,0,0,1,1
0.126187,0.405926,0.26,0,0,1,1
0.128785,0.407426,0.26,0,0,1,1
0.131383,0.408926,0.26,0,0,1,1
0.133981,0.410426,0.26,0,0,1,1
0.136579,0.411926,0.26,0,0,1,1
0.139177,0.413426,0.26,0,0,1,1
0.141775,0.414926,0.26,0,0,1,1
0.144373,0.416426,0.26,0,0,1,1
0.146971,0.417926,0.26,0,0,1,1
0.149569,0.419426,0.26,0,0,1,1
0.152167,0.420926,0.26,0,0,1,1
0.154765,0.422426,0.26,0,0,1,1
0.157363,0.423926,0.26,0,0,1,1
0.159962,0.425426,0.26,0,0,1,1
0.16256,0.426926,0.26,0,0,1,1
0.165158,0.428426,0.26,0,0,1,1
0.167756,0.429926,0.26,0,0,1,1
0.170354,0.431426,0.26,0,0,1,1
0.172952,0.432926,0.26,0,0,1,1
0.17555,0.434426,0.26,0,0,1,1
0.178148,0.435926,0.26,0,0,1,1
0.180746,0.437426,0.26,0,0,1,1
0.183344,0.438926,0.26,0,0,1,1
0.185942,0.440426,0.26,0,0,1,1
0.18854,0.441926,0.26,0,0,1,1
0.191138,0.443426,0.26,0,0,1,1
0.193737,0.444926,0.26,0,0,1,1
0.196335,0.446426,0.26,0,0,1,1
0.198933,0.447926,0.26,0,0,1,1
0.201531,0.449426,0.26,0,0,1,1
0.204129,0.450926,0.26,0,0,1,1
0.206727,0.452426,0.26,0,0,1,1
0.209325,0.453926,0.26,0,0,1,1
0.211923,0.455426,0.26,0,0,1,1
0.214521,0.456926,0.26,0,0,1,1
0.217119,0.458426,0.26,0,0,1,1
0.219717,0.459926,0.26,0,0,1,1
0.222315,0.461426,0.26,0,0,1,1
0.224913,0.462926,0.26,0,0,1,1
0.227512,0.464426,0.26,0,0,1,1
0.23011,0.465926,0.26,0,0,1,1
0.232708,0.467426,0.26,0,0,1,1
0.235306,0.468926,0.26,0,0,1,1
0.237904,0.470426,0.26,0,0,1,1
0.240502,0.471926,0.26,0,0,1,1
0.2431,0.473426,0.26,0,0,1,1
0.245698,0.474926,0.26,0,0,1,1
0.248296,0.476426,0.26,0,0,1,1
0.250894,0.477926,0.26,0,0,1,1
0.253492,0.479426,0.26,0,0,1,1
0.25609,0.480926,0.26,0,0,1,1
0.258688,0.482426,0.26,0,0,1,1
0.261287,0.483926,0.26,0,0,1,1
0.263885,0.485426,0.26,0,0,1,1
0.266483,0.486926,0.26,0,0,1,1
0.269081,0.488426,0.26,0,0,1,1
0.271679,0.489926,0.26,0,0,1,1
0.274277,0.491426,0.26,0,0,1,1
0.276875,0.492926,0.26,0,0,1,1
0.279473,0.494426,0.26,0,0,1,1
0.282071,0.495926,0.26,0,0,1,1
0.1095,0.392828,0.26,0,0,1,1
0.112098,0.394328,0.26,0,0,1,1
0.114696,0.395828,0.26,0,0,1,1
0.117294,0.397328,0.26,0,0,1,1
0.119892,0.398828,0.26,0,0,1,1
0.12249,0.400328,0.26,0,0,1,1
0.125088,0.401828,0.26,0,0,1,1
0.127687,0.403328,0.26,0,0,1,1
0.130285,0.404828,0.26,0,0,1,1
0.132883,0.406328,0.26,0,0,1,1
0.135481,0.407828,0.26,0,0,1,1
0.138079,0.409328,0.26,0,0,1,1
0.140677,0.410828,0.26,0,0,1,1
0.143275,0.412328,0.26,0,0,1,1
0.145873,0.413828,0.26,0,0,1,1
0.148471,0.415328,0.26,0,0,1,1
0.151069,0.416828,0.26,0,0,1,1
0.153667,0.418328,0.26,0,0,1,1
0.156265,0.419828,0.26,0,0,1,1
0.158863,0.421328,0.26,0,0,1,1
0.161462,0.422828,0.26,0,0,1,1
0.16406,0.424328,0.26,0,0,1,1
0.166658,0.425828,0.26,0,0,1,1
0.169256,0.427328,0.26,0,0,1,1
0.171854,0.428828,0.26,0,0,1,1
0.174452,0.430328,0.26,0,0,1,1
0.17705,0.431828,0.26,0,0,1,1
0.179648,0.433328,0.26,0,0,1,1
0.182246,0.434828,0.26,0,0,1,1
0.184844,0.436328,0.26,0,0,1,1
0.187442,0.437828,0.26,0,0,1,1
0.19004,0.439328,0.26,0,0,1,1
0.192638,0.440828,0.26,0,0,1,1
0.195237,0.442328,0.26,0,0,1,1
0.197835,0.443828,0.26,0,0,1,1
0.200433,0.445328,0.26,0,0,1,1
0.203031,0.446828,0.26,0,0,1,1
0.205629,0.448328,0.26,0,0,1,1
0.208227,0.449828,0.26,0,0,1,1
0.210825,0.451328,0.26,0,0,1,1
0.213423,0.452828,0.26,0,0,1,1
0.216021,0.454328,0.26,0,0,1,1
0.218619,0.455828,0.26,0,0,1,1
0.221217,0.457328,0.26,0,0,1,1
0.223815,0.458828,0.26,0,0,1,1
0.226413,0.460328,0.26,0,0,1,1
0.229012,0.461828,0.26,0,0,1,1
0.23161,0.463328,0.26,0,0,1,1
0.234208,0.464828,0.26,0,0,1,1
0.236806,0.466328,0.26,0,0,1,1
0.239404,0.467828,0.26,0,0,1,1
0.242002,0.469328,0.26,0,0,1,1
0.2446,0.470828,0.26,0,0,1,1
0.247198,0.472328,0.26,0,0,1,1
0.249796,0.473828,0.26,0,0,1,1
0.252394,0.475328,0.26,0,0,1,1
0.254992,0.476828,0.26,0,0,1,1
0.25759,0.478328,0.26,0,0,1,1
0.260188,0.479828,0.26,0,0,1,1
0.262787,0.481328,0.26,0,0,1,1
0.265385,0.482828,0.26,0,0,1,1
0.267983,0.484328,0.26,0,0,1,1
0.270581,0.485828,0.26,0,0,1,1
0.273179,0.487328,0.26,0,0,1,1
0.275777,0.488828,0.26,0,0,1,1
0.278375,0.490328,0.26,0,0,1,1
0.280973,0.491828,0.26,0,0,1,1
0.283571,0.493328,0.26,0,0,1,1
0.111,0.390229,0.26,0,0,1,1
0.113598,0.39173,0.26,0,0,1,1
0.116196,0.393229,0.26,0,0,1,1
0.118794,0.394729,0.26,0,0,1,1
0.121392,0.39623,0.26,0,0,1,1
0.12399,0.397729,0.26,0,0,1,1
0.126588,0.399229,0.26,0,0,1,1
0.129187,0.40073,0.26,0,0,1,1
0.131785,0.402229,0.26,0,0,1,1
0.134383,0.403729,0.26,0,0,1,1
0.136981,0.40523,0.26,0,0,1,1
0.139579,0.406729,0.26,0,0,1,1
0.142177,0.40823,0.26,0,0,1,1
0.144775,0.409729,0.26,0,0,1,1
0.147373,0.411229,0.26,0,0,1,1
0.149971,0.41273,0.26,0,0,1,1
0.152569,0.414229,0.26,0,0,1,1
0.155167,0.415729,0.26,0,0,1,1
0.157765,0.41723,0.26,0,0,1,1
0.160363,0.418729,0.26,0,0,1,1
0.162962,0.420229,0.26,0,0,1,1
0.16556,0.421729,0.26,0,0,1,1
0.168158,0.423229,0.26,0,0,1,1
0.170756,0.424729,0.26,0,0,1,1
0.173354,0.426229,0.26,0,0,1,1
0.175952,0.427729,0.26,0,0,1,1
0.17855,0.429229,0.26,0,0,1,1
0.181148,0.430729,0.26,0,0,1,1
0.183746,0.432229,0.26,0,0,1,1
0.186344,0.433729,0.26,0,0,1,1
0.188942,0.435229,0.26,0,0,1,1
0.19154,0.436729,0.26,0,0,1,1
0.194138,0.438229,0.26,0,0,1,1
0.196736,0.439729,0.26,0,0,1,1
0.199335,0.441229,0.26,0,0,1,1
0.201933,0.442729,0.26,0,0,1,1
0.204531,0.444229,0.26,0,0,1,1
0.207129,0.445729,0.26,0,0,1,1
0.209727,0.447229,0.26,0,0,1,1
0.212325,0.448729,0.26,0,0,1,1
0.214923,0.450229,0.26,0,0,1,1
0.217521,0.451729,0.26,0,0,1,1
0.220119,0.453229,0.26,0,0,1,1
0.222717,0.454729,0.26,0,0,1,1
0.225315,0.456229,0.26,0,0,1,1
0.227913,0.457729,0.26,0,0,1,1
0.230512,0.459229,0.26,0,0,1,1
0.23311,0.460729,0.26,0,0,1,1
0.235708,0.462229,0.26,0,0,1,1
0.238306,0.46373,0.26,0,0,1,1
0.240904,0.46523,0.26,0,0,1,1
0.243502,0.466729,0.26,0,0,1,1
0.2461,0.46823,0.26,0,0,1,1
0.248698,0.46973,0.26,0,0,1,1
0.251296,0.47123,0.26,0,0,1,1
0.253894,0.47273,0.26,0,0,1,1
0.256492,0.47423,0.26,0,0,1,1
0.25909,0.47573,0.26,0,0,1,1
0.261689,0.47723,0.26,0,0,1,1
0.264287,0.47873,0.26,0,0,1,1
0.266885,0.48023,0.26,0,0,1,1
0.269483,0.48173,0.26,0,0,1,1
0.272081,0.48323,0.26,0,0,1,1
0.274679,0.48473,0.26,0,0,1,1
0.277277,0.48623,0.26,0,0,1,1
0.279875,0.48773,0.26,0,0,1,1
0.282473,0.48923,0.26,0,0,1,1
0.285071,0.49073,0.26,0,0,1,1
0.1125,0.387631,0.26,0,0,1,1
0.115098,0.389131,0.26,0,0,1,1
0.117696,0.390631,0.26,0,0,1,1
0.120294,0.392131,0.26,0,0,1,1
0.122892,0.393631,0.26,0,0,1,1
0.12549,0.395131,0.26,0,0,1,1
0.128088,0.396631,0.26,0,0,1,1
0.130687,0.398131,0.26,0,0,1,1
0.133285,0.399631,0.26,0,0,1,1
0.135883,0.401131,0.26,0,0,1,1
0.138481,0.402631,0.26,0,0,1,1
0.141079,0.404131,0.26,0,0,1,1
0.143677,0.405631,0.26,0,0,1,1
0.146275,0.407131,0.26,0,0,1,1
0.148873,0.408631,0.26,0,0,1,1
0.151471,0.410131,0.26,0,0,1,1
0.154069,0.411631,0.26,0,0,1,1
0.156667,0.413131,0.26,0,0,1,1
0.159265,0.414631,0.26,0,0,1,1
0.161863,0.416131,0.26,0,0,1,1
0.164462,0.417631,0.26,0,0,1,1
0.16706,0.419131,0.26,0,0,1,1
0.169658,0.420631,0.26,0,0,1,1
0.172256,0.422131,0.26,0,0,1,1
0.174854,0.423631,0.26,0,0,1,1
0.177452,0.425131,0.26,0,0,1,1
0.18005,0.426631,0.26,0,0,1,1
0.182648,0.428131,0.26,0,0,1,1
0.185246,0.429631,0.26,0,0,1,1
0.187844,0.431131,0.26,0,0,1,1
0.190442,0.432631,0.26,0,0,1,1
0.19304,0.434131,0.26,0,0,1,1
0.195638,0.435631,0.26,0,0,1,1
0.198236,0.437131,0.26,0,0,1,1
0.200835,0.438631,0.26,0,0,1,1
0.203433,0.440131,0.26,0,0,1,1
0.206031,0.441631,0.26,0,0,1,1
0.208629,0.443131,0.26,0,0,1,1
0.211227,0.444631,0.26,0,0,1,1
0.213825,0.446131,0.26,0,0,1,1
0.216423,0.447631,0.26,0,0,1,1
0.219021,0.449131,0.26,0,0,1,1
0.221619,0.450631,0.26,0,0,1,1
0.224217,0.452131,0.26,0,0,1,1
0.226815,0.453631,0.26,0,0,1,1
0.229413,0.455131,0.26,0,0,1,1
0.232012,0.456631,0.26,0,0,1,1
0.23461,0.458131,0.26,0,0,1,1
0.237208,0.459631,0.26,0,0,1,1
0.239806,0.461131,0.26,0,0,1,1
0.242404,0.462631,0.26,0,0,1,1
0.245002,0.464131,0.26,0,0,1,1
0.2476,0.465631,0.26,0,0,1,1
0.250198,0.467131,0.26,0,0,1,1
0.252796,0.468631,0.26,0,0,1,1
0.255394,0.470131,0.26,0,0,1,1
0.257992,0.471631,0.26,0,0,1,1
0.26059,0.473131,0.26,0,0,1,1
0.263188,0.474631,0.26,0,0,1,1
0.265787,0.476131,0.26,0,0,1,1
0.268385,0.477631,0.26,0,0,1,1
0.270983,0.479131,0.26,0,0,1,1
0.273581,0.480631,0.26,0,0,1,1
0.276179,0.482131,0.26,0,0,1,1
0.278777,0.483631,0.26,0,0,1,1
0.281375,0.485131,0.26,0,0,1,1
0.283973,0.486631,0.26,0,0,1,1
0.286571,0.488131,0.26,0,0,1,1
0.114,0.385033,0.26,0,0,1,1
0.116598,0.386533,0.26,0,0,1,1
0.119196,0.388033,0.26,0,0,1,1
0.121794,0.389533,0.26,0,0,1,1
0.124392,0.391033,0.26,0,0,1,1
0.12699,0.392533,0.26,0,0,1,1
0.129588,0.394033,0.26,0,0,1,1
0.132187,0.395533,0.26,0,0,1,1
0.134785,0.397033,0.26,0,0,1,1
0.137383,0.398533,0.26,0,0,1,1
0.139981,0.400033,0.26,0,0,1,1
0.142579,0.401533,0.26,0,0,1,1
0.145177,0.403033,0.26,0,0,1,1
0.147775,0.404533,0.26,0,0,1,1
0.150373,0.406033,0.26,0,0,1,1
0.152971,0.407533,0.26,0,0,1,1
0.155569,0.409033,0.26,0,0,1,1
0.158167,0.410533,0.26,0,0,1,1
0.160765,0.412033,0.26,0,0,1,1
0.163363,0.413533,0.26,0,0,1,1
0.165962,0.415033,0.26,0,0,1,1
0.16856,0.416533,0.26,0,0,1,1
0.171158,0.418033,0.26,0,0,1,1
0.173756,0.419533,0.26,0,0,1,1
0.176354,0.421033,0.26,0,0,1,1
0.178952,0.422533,0.26,0,0,1,1
0.18155,0.424033,0.26,0,0,1,1
0.184148,0.425533,0.26,0,0,1,1
0.186746,0.427033,0.26,0,0,1,1
0.189344,0.428533,0.26,0,0,1,1
0.191942,0.430033,0.26,0,0,1,1
0.19454,0.431533,0.26,0,0,1,1
0.197138,0.433033,0.26,0,0,1,1
0.199737,0.434533,0.26,0,0,1,1
0.202335,0.436033,0.26,0,0,1,1
0.204933,0.437533,0.26,0,0,1,1
0.207531,0.439033,0.26,0,0,1,1
0.210129,0.440533,0.26,0,0,1,1
0.212727,0.442033,0.26,0,0,1,1
0.215325,0.443533,0.26,0,0,1,1
0.217923,0.445033,0.26,0,0,1,1
0.220521,0.446533,0.26,0,0,1,1
0.223119,0.448033,0.26,0,0,1,1
0.225717,0.449533,0.26,0,0,1,1
0.228315,0.451033,0.26,0,0,1,1
0.230913,0.452533,0.26,0,0,1,1
0.233512,0.454033,0.26,0,0,1,1
0.23611,0.455533,0.26,0,0,1,1
0.238708,0.457033,0.26,0,0,1,1
0.241306,0.458533,0.26,0,0,1,1
0.243904,0.460033,0.26,0,0,1,1
0.246502,0.461533,0.26,0,0,1,1
0.2491,0.463033,0.26,0,0,1,1
0.251698,0.464533,0.26,0,0,1,1
0.254296,0.466033,0.26,0,0,1,1
0.256894,0.467533,0.26,0,0,1,1
0.259492,0.469033,0.26,0,0,1,1
0.26209,0.470533,0.26,0,0,1,1
0.264688,0.472033,0.26,0,0,1,1
0.267287,0.473533,0.26,0,0,1,1
0.269885,0.475033,0.26,0,0,1,1
0.272483,0.476533,0.26,0,0,1,1
0.275081,0.478033,0.26,0,0,1,1
0.277679,0.479533,0.26,0,0,1,1
0.280277,0.481033,0.26,0,0,1,1
0.282875,0.482533,0.26,0,0,1,1
0.285473,0.484033,0.26,0,0,1,1
0.288071,0.485533,0.26,0,0,1,1
0.1155,0.382435,0.26,0,0,1,1
0.118098,0.383935,0.26,0,0,1,1
0.120696,0.385435,0.26,0,0,1,1
0.123294,0.386935,0.26,0,0,1,1
0.125892,0.388435,0.26,0,0,1,1
0.12849,0.389935,0.26,0,0,1,1
0.131088,0.391435,0.26,0,0,1,1
0.133687,0.392935,0.26,0,0,1,1
0.136285,0.394435,0.26,0,0,1,1
0.138883,0.395935,0.26,0,0,1,1
0.141481,0.397435,0.26,0,0,1,1
0.144079,0.398935,0.26,0,0,1,1
0.146677,0.400435,0.26,0,0,1,1
0.149275,0.401935,0.26,0,0,1,1
0.151873,0.403435,0.26,0,0,1,1
0.154471,0.404935,0.26,0,0,1,1
0.157069,0.406435,0.26,0,0,1,1
0.159667,0.407935,0.26,0,0,1,1
0.162265,0.409435,0.26,0,0,1,1
0.164863,0.410935,0.26,0,0,1,1
0.167462,0.412435,0.26,0,0,1,1
0.17006,0.413935,0.26,0,0,1,1
0.172658,0.415435,0.26,0,0,1,1
0.175256,0.416935,0.26,0,0,1,1
0.177854,0.418435,0.26,0,0,1,1
0.180452,0.419935,0.26,0,0,1,1
0.18305,0.421435,0.26,0,0,1,1
0.185648,0.422935,0.26,0,0,1,1
0.188246,0.424435,0.26,0,0,1,1
0.190844,0.425935,0.26,0,0,1,1
0.193442,0.427435,0.26,0,0,1,1
0.19604,0.428935,0.26,0,0,1,1
0.198638,0.430435,0.26,0,0,1,1
0.201237,0.431935,0.26,0,0,1,1
0.203835,0.433435,0.26,0,0,1,1
0.206433,0.434935,0.26,0,0,1,1
0.209031,0.436435,0.26,0,0,1,1
0.211629,0.437935,0.26,0,0,1,1
0.214227,0.439435,0.26,0,0,1,1
0.216825,0.440935,0.26,0,0,1,1
0.219423,0.442435,0.26,0,0,1,1
0.222021,0.443935,0.26,0,0,1,1
0.224619,0.445435,0.26,0,0,1,1
0.227217,0.446935,0.26,0,0,1,1
0.229815,0.448435,0.26,0,0,1,1
0.232413,0.449935,0.26,0,0,1,1
0.235012,0.451435,0.26,0,0,1,1
0.23761,0.452935,0.26,0,0,1,1
0.240208,0.454435,0.26,0,0,1,1
0.242806,0.455935,0.26,0,0,1,1
0.245404,0.457435,0.26,0,0,1,1
0.248002,0.458935,0.26,0,0,1,1
0.2506,0.460435,0.26,0,0,1,1
0.253198,0.461935,0.26,0,0,1,1
0.255796,0.463435,0.26,0,0,1,1
0.258394,0.464935,0.26,0,0,1,1
0.260992,0.466435,0.26,0,0,1,1
0.26359,0.467935,0.26,0,0,1,1
0.266188,0.469435,0.26,0,0,1,1
0.268787,0.470935,0.26,0,0,1,1
0.271385,0.472435,0.26,0,0,1,1
0.273983,0.473935,0.26,0,0,1,1
0.276581,0.475435,0.26,0,0,1,1
0.279179,0.476935,0.26,0,0,1,1
0.281777,0.478435,0.26,0,0,1,1
0.284375,0.479935,0.26,0,0,1,1
0.286973,0.481435,0.26,0,0,1,1
0.289571,0.482935,0.26,0,0,1,1
0.117,0.379837,0.26,0,0,1,1
0.119598,0.381337,0.26,0,0,1,1
0.122196,0.382837,0.26,0,0,1,1
0.124794,0.384337,0.26,0,0,1,1
0.127392,0.385837,0.26,0,0,1,1
0.12999,0.387337,0.26,0,0,1,1
0.132588,0.388837,0.26,0,0,1,1
0.135187,0.390337,0.26,0,0,1,1
0.137785,0.391837,0.26,0,0,1,1
0.140383,0.393337,0.26,0,0,1,1
0.142981,0.394837,0.26,0,0,1,1
0.145579,0.396337,0.26,0,0,1,1
0.148177,0.397837,0.26,0,0,1,1
0.150775,0.399337,0.26,0,0,1,1
0.153373,0.400837,0.26,0,0,1,1
0.155971,0.402337,0.26,0,0,1,1
0.158569,0.403837,0.26,0,0,1,1
0.161167,0.405337,0.26,0,0,1,1
0.163765,0.406837,0.26,0,0,1,1
0.166363,0.408337,0.26,0,0,1,1
0.168962,0.409837,0.26,0,0,1,1
0.17156,0.411337,0.26,0,0,1,1
0.174158,0.412837,0.26,0,0,1,1
0.176756,0.414337,0.26,0,0,1,1
0.179354,0.415837,0.26,0,0,1,1
0.181952,0.417337,0.26,0,0,1,1
0.18455,0.418837,0.26,0,0,1,1
0.187148,0.420337,0.26,0,0,1,1
0.189746,0.421837,0.26,0,0,1,1
0.192344,0.423337,0.26,0,0,1,1
0.194942,0.424837,0.26,0,0,1,1
0.19754,0.426337,0.26,0,0,1,1
0.200138,0.427837,0.26,0,0,1,1
0.202736,0.429337,0.26,0,0,1,1
0.205335,0.430837,0.26,0,0,1,1
0.207933,0.432337,0.26,0,0,1,1
0.210531,0.433837,0.26,0,0,1,1
0.213129,0.435337,0.26,0,0,1,1
0.215727,0.436837,0.26,0,0,1,1
0.218325,0.438337,0.26,0,0,1,1
0.220923,0.439837,0.26,0,0,1,1
0.223521,0.441337,0.26,0,0,1,1
0.226119,0.442837,0.26,0,0,1,1
0.228717,0.444337,0.26,0,0,1,1
0.231315,0.445837,0.26,0,0,1,1
0.233913,0.447337,0.26,0,0,1,1
0.236512,0.448837,0.26,0,0,1,1
0.23911,0.450337,0.26,0,0,1,1
0.241708,0.451837,0.26,0,0,1,1
0.244306,0.453337,0.26,0,0,1,1
0.246904,0.454837,0.26,0,0,1,1
0.249502,0.456337,0.26,0,0,1,1
0.2521,0.457837,0.26,0,0,1,1
0.254698,0.459337,0.26,0,0,1,1
0.257296,0.460837,0.26,0,0,1,1
0.259894,0.462337,0.26,0,0,1,1
0.262492,0.463837,0.26,0,0,1,1
0.26509,0.465337,0.26,0,0,1,1
0.267688,0.466837,0.26,0,0,1,1
0.270287,0.468337,0.26,0,0,1,1
0.272885,0.469837,0.26,0,0,1,1
0.275483,0.471337,0.26,0,0,1,1
0.278081,0.472837,0.26,0,0,1,1
0.280679,0.474337,0.26,0,0,1,1
0.283277,0.475837,0.26,0,0,1,1
0.285875,0.477337,0.26,0,0,1,1
0.288473,0.478837,0.26,0,0,1,1
0.291071,0.480337,0.26,0,0,1,1
0.1185,0.377239,0.26,0,0,1,1
0.121098,0.378739,0.26,0,0,1,1
0.123696,0.380239,0.26,0,0,1,1
0.126294,0.381739,0.26,0,0,1,1
0.128892,0.383239,0.26,0,0,1,1
0.13149,0.384739,0.26,0,0,1,1
0.134088,0.386239,0.26,0,0,1,1
0.136687,0.387739,0.26,0,0,1,1
0.139285,0.389239,0.26,0,0,1,1
0.141883,0.390739,0.26,0,0,1,1
0.144481,0.392239,0.26,0,0,1,1
0.147079,0.393739,0.26,0,0,1,1
0.149677,0.395239,0.26,0,0,1,1
0.152275,0.396739,0.26,0,0,1,1
0.154873,0.398239,0.26,0,0,1,1
0.157471,0.399739,0.26,0,0,1,1
0.160069,0.401239,0.26,0,0,1,1
0.162667,0.402739,0.26,0,0,1,1
0.165265,0.404239,0.26,0,0,1,1
0.167863,0.405739,0.26,0,0,1,1
0.170462,0.407239,0.26,0,0,1,1
0.17306,0.408739,0.26,0,0,1,1
0.175658,0.410239,0.26,0,0,1,1
0.178256,0.411739,0.26,0,0,1,1
0.180854,0.413239,0.26,0,0,1,1
0.183452,0.414739,0.26,0,0,1,1
0.18605,0.416239,0.26,0,0,1,1
0.188648,0.417739,0.26,0,0,1,1
0.191246,0.419239,0.26,0,0,1,1
0.193844,0.420739,0.26,0,0,1,1
0.196442,0.422239,0.26,0,0,1,1
0.19904,0.423739,0.26,0,0,1,1
0.201638,0.425239,0.26,0,0,1,1
0.204236,0.426739,0.26,0,0,1,1
0.206835,0.428239,0.26,0,0,1,1
0.209433,0.429739,0.26,0,0,1,1
0.212031,0.431239,0.26,0,0,1,1
0.214629,0.432739,0.26,0,0,1,1
0.217227,0.434239,0.26,0,0,1,1
0.219825,0.435739,0.26,0,0,1,1
0.222423,0.437239,0.26,0,0,1,1
0.225021,0.438739,0.26,0,0,1,1
0.227619,0.440239,0.26,0,0,1,1
0.230217,0.441739,0.26,0,0,1,1
0.232815,0.443239,0.26,0,0,1,1
0.235413,0.444739,0.26,0,0,1,1
0.238012,0.446239,0.26,0,0,1,1
0.24061,0.447739,0.26,0,0,1,1
0.243208,0.449239,0.26,0,0,1,1
0.245806,0.450739,0.26,0,0,1,1
0.248404,0.452239,0.26,0,0,1,1
0.251002,0.453739,0.26,0,0,1,1
0.2536,0.455239,0.26,0,0,1,1
0.256198,0.456739,0.26,0,0,1,1
0.258796,0.458239,0.26,0,0,1,1
0.261394,0.459739,0.26,0,0,1,1
0.263992,0.461239,0.26,0,0,1,1
0.26659,0.462739,0.26,0,0,1,1
0.269188,0.464239,0.26,0,0,1,1
0.271787,0.465739,0.26,0,0,1,1
0.274385,0.467239,0.26,0,0,1,1
0.276983,0.468739,0.26,0,0,1,1
0.279581,0.470239,0.26,0,0,1,1
0.282179,0.471739,0.26,0,0,1,1
0.284777,0.473239,0.26,0,0,1,1
0.287375,0.474739,0.26,0,0,1,1
0.289973,0.476239,0.26,0,0,1,1
0.292571,0.477739,0.26,0,0,1,1
0.12,0.374641,0.26,0,0,1,1
0.122598,0.376141,0.26,0,0,1,1
0.125196,0.377641,0.26,0,0,1,1
0.127794,0.379141,0.26,0,0,1,1
0.130392,0.380641,0.26,0,0,1,1
0.13299,0.382141,0.26,0,0,1,1
0.135588,0.383641,0.26,0,0,1,1
0.138187,0.385141,0.26,0,0,1,1
0.140785,0.386641,0.26,0,0,1,1
0.143383,0.388141,0.26,0,0,1,1
0.145981,0.389641,0.26,0,0,1,1
0.148579,0.391141,0.26,0,0,1,1
0.151177,0.392641,0.26,0,0,1,1
0.153775,0.394141,0.26,0,0,1,1
0.156373,0.395641,0.26,0,0,1,1
0.158971,0.397141,0.26,0,0,1,1
0.161569,0.398641,0.26,0,0,1,1
0.164167,0.400141,0.26,0,0,1,1
0.166765,0.401641,0.26,0,0,1,1
0.169363,0.403141,0.26,0,0,1,1
0.171962,0.404641,0.26,0,0,1,1
0.17456,0.406141,0.26,0,0,1,1
0.177158,0.407641,0.26,0,0,1,1
0.179756,0.409141,0.26,0,0,1,1
0.182354,0.410641,0.26,0,0,1,1
0.184952,0.412141,0.26,0,0,1,1
0.18755,0.413641,0.26,0,0,1,1
0.190148,0.415141,0.26,0,0,1,1
0.192746,0.416641,0.26,0,0,1,1
0.195344,0.418141,0.26,0,0,1,1
0.197942,0.419641,0.26,0,0,1,1
0.20054,0.421141,0.26,0,0,1,1
0.203138,0.422641,0.26,0,0,1,1
0.205737,0.424141,0.26,0,0,1,1
0.208335,0.425641,0.26,0,0,1,1
0.210933,0.427141,0.26,0,0,1,1
0.213531,0.428641,0.26,0,0,1,1
0.216129,0.430141,0.26,0,0,1,1
0.218727,0.431641,0.26,0,0,1,1
0.221325,0.433141,0.26,0,0,1,1
0.223923,0.434641,0.26,0,0,1,1
0.226521,0.436141,0.26,0,0,1,1
0.229119,0.437641,0.26,0,0,1,1
0.231717,0.439141,0.26,0,0,1,1
0.234315,0.440641,0.26,0,0,1,1
0.236913,0.442141,0.26,0,0,1,1
0.239512,0.443641,0.26,0,0,1,1
0.24211,0.445141,0.26,0,0,1,1
0.244708,0.446641,0.26,0,0,1,1
0.247306,0.448141,0.26,0,0,1,1
0.249904,0.449641,0.26,0,0,1,1
0.252502,0.451141,0.26,0,0,1,1
0.2551,0.452641,0.26,0,0,1,1
0.257698,0.454141,0.26,0,0,1,1
0.260296,0.455641,0.26,0,0,1,1
0.262894,0.457141,0.26,0,0,1,1
0.265492,0.458641,0.26,0,0,1,1
0.26809,0.460141,0.26,0,0,1,1
0.270688,0.461641,0.26,0,0,1,1
0.273287,0.463141,0.26,0,0,1,1
0.275885,0.464641,0.26,0,0,1,1
0.278483,0.466141,0.26,0,0,1,1
0.281081,0.467641,0.26,0,0,1,1
0.283679,0.469141,0.26,0,0,1,1
0.286277,0.470641,0.26,0,0,1,1
0.288875,0.472141,0.26,0,0,1,1
0.291473,0.473641,0.26,0,0,1,1
0.294071,0.475141,0.26,0,0,1,1
0.1215,0.372043,0.26,0,0,1,1
0.124098,0.373543,0.26,0,0,1,1
0.126696,0.375043,0.26,0,0,1,1
0.129294,0.376543,0.26,0,0,1,1
0.131892,0.378043,0.26,0,0,1,1
0.13449,0.379543,0.26,0,0,1,1
0.137088,0.381043,0.26,0,0,1,1
0.139687,0.382543,0.26,0,0,1,1
0.142285,0.384043,0.26,0,0,1,1
0.144883,0.385543,0.26,0,0,1,1
0.147481,0.387043,0.26,0,0,1,1
0.150079,0.388543,0.26,0,0,1,1
0.152677,0.390043,0.26,0,0,1,1
0.155275,0.391543,0.26,0,0,1,1
0.157873,0.393043,0.26,0,0,1,1
0.160471,0.394543,0.26,0,0,1,1
0.163069,0.396043,0.26,0,0,1,1
0.165667,0.397543,0.26,0,0,1,1
0.168265,0.399043,0.26,0,0,1,1
0.170863,0.400543,0.26,0,0,1,1
0.173462,0.402043,0.26,0,0,1,1
0.17606,0.403543,0.26,0,0,1,1
0.178658,0.405043,0.26,0,0,1,1
0.181256,0.406543,0.26,0,0,1,1
0.183854,0.408043,0.26,0,0,1,1
0.186452,0.409543,0.26,0,0,1,1
0.18905,0.411043,0.26,0,0,1,1
0.191648,0.412543,0.26,0,0,1,1
0.194246,0.414043,0.26,0,0,1,1
0.196844,0.415543,0.26,0,0,1,1
0.199442,0.417043,0.26,0,0,1,1
0.20204,0.418543,0.26,0,0,1,1
0.204638,0.420043,0.26,0,0,1,1
0.207236,0.421543,0.26,0,0,1,1
0.209835,0.423043,0.26,0,0,1,1
0.212433,0.424543,0.26,0,0,1,1
0.215031,0.426043,0.26,0,0,1,1
0.217629,0.427543,0.26,0,0,1,1
0.220227,0.429043,0.26,0,0,1,1
0.222825,0.430543,0.26,0,0,1,1
0.225423,0.432043,0.26,0,0,1,1
0.228021,0.433543,0.26,0,0,1,1
0.230619,0.435043,0.26,0,0,1,1
0.233217,0.436543,0.26,0,0,1,1
0.235815,0.438043,0.26,0,0,1,1
0.238413,0.439543,0.26,0,0,1,1
0.241012,0.441043,0.26,0,0,1,1
0.24361,0.442543,0.26,0,0,1,1
0.246208,0.444043,0.26,0,0,1,1
0.248806,0.445543,0.26,0,0,1,1
0.251404,0.447043,0.26,0,0,1,1
0.254002,0.448543,0.26,0,0,1,1
0.2566,0.450043,0.26,0,0,1,1
0.259198,0.451543,0.26,0,0,1,1
0.261796,0.453043,0.26,0,0,1,1
0.264394,0.454543,0.26,0,0,1,1
0.266992,0.456043,0.26,0,0,1,1
0.26959,0.457543,0.26,0,0,1,1
0.272188,0.459043,0.26,0,0,1,1
0.274787,0.460543,0.26,0,0,1,1
0.277385,0.462043,0.26,0,0,1,1
0.279983,0.463543,0.26,0,0,1,1
0.282581,0.465043,0.26,0,0,1,1
0.285179,0.466543,0.26,0,0,1,1
0.287777,0.468043,0.26,0,0,1,1
0.290375,0.469543,0.26,0,0,1,1
0.292973,0.471043,0.26,0,0,1,1
0.295571,0.472543,0.26,0,0,1,1
0.123,0.369445,0.26,0,0,1,1
0.125598,0.370945,0.26,0,0,1,1
0.128196,0.372445,0.26,0,0,1,1
0.130794,0.373945,0.26,0,0,1,1
0.133392,0.375445,0.26,0,0,1,1
0.13599,0.376945,0.26,0,0,1,1
0.138588,0.378445,0.26,0,0,1,1
0.141187,0.379945,0.26,0,0,1,1
0.143785,0.381445,0.26,0,0,1,1
0.146383,0.382945,0.26,0,0,1,1
0.148981,0.384445,0.26,0,0,1,1
0.151579,0.385945,0.26,0,0,1,1
0.154177,0.387445,0.26,0,0,1,1
0.156775,0.388945,0.26,0,0,1,1
0.159373,0.390445,0.26,0,0,1,1
0.161971,0.391945,0.26,0,0,1,1
0.164569,0.393445,0.26,0,0,1,1
0.167167,0.394945,0.26,0,0,1,1
0.169765,0.396445,0.26,0,0,1,1
0.172363,0.397945,0.26,0,0,1,1
0.174962,0.399445,0.26,0,0,1,1
0.17756,0.400945,0.26,0,0,1,1
0.180158,0.402445,0.26,0,0,1,1
0.182756,0.403945,0.26,0,0,1,1
0.185354,0.405445,0.26,0,0,1,1
0.187952,0.406945,0.26,0,0,1,1
0.19055,0.408445,0.26,0,0,1,1
0.193148,0.409945,0.26,0,0,1,1
0.195746,0.411445,0.26,0,0,1,1
0.198344,0.412945,0.26,0,0,1,1
0.200942,0.414445,0.26,0,0,1,1
0.20354,0.415945,0.26,0,0,1,1
0.206138,0.417445,0.26,0,0,1,1
0.208736,0.418945,0.26,0,0,1,1
0.211335,0.420445,0.26,0,0,1,1
0.213933,0.421945,0.26,0,0,1,1
0.216531,0.423445,0.26,0,0,1,1
0.219129,0.424945,0.26,0,0,1,1
0.221727,0.426445,0.26,0,0,1,1
0.224325,0.427945,0.26,0,0,1,1
0.226923,0.429445,0.26,0,0,1,1
0.229521,0.430945,0.26,0,0,1,1
0.232119,0.432445,0.26,0,0,1,1
0.234717,0.433945,0.26,0,0,1,1
0.237315,0.435445,0.26,0,0,1,1
0.239913,0.436945,0.26,0,0,1,1
0.242512,0.438445,0.26,0,0,1,1
0.24511,0.439945,0.26,0,0,1,1
0.247708,0.441445,0.26,0,0,1,1
0.250306,0.442945,0.26,0,0,1,1
0.252904,0.444445,0.26,0,0,1,1
0.255502,0.445945,0.26,0,0,1,1
0.2581,0.447445,0.26,0,0,1,1
0.260698,0.448945,0.26,0,0,1,1
0.263296,0.450445,0.26,0,0,1,1
0.265894,0.451945,0.26,0,0,1,1
0.268492,0.453445,0.26,0,0,1,1
0.27109,0.454945,0.26,0,0,1,1
0.273688,0.456445,0.26,0,0,1,1
0.276287,0.457945,0.26,0,0,1,1
0.278885,0.459445,0.26,0,0,1,1
0.281483,0.460945,0.26,0,0,1,1
0.284081,0.462445,0.26,0,0,1,1
0.286679,0.463945,0.26,0,0,1,1
0.289277,0.465445,0.26,0,0,1,1
0.291875,0.466945,0.26,0,0,1,1
0.294473,0.468445,0.26,0,0,1,1
0.297071,0.469945,0.26,0,0,1,1
0.1245,0.366847,0.26,0,0,1,1
0.127098,0.368347,0.26,0,0,1,1
0.129696,0.369847,0.26,0,0,1,1
0.132294,0.371347,0.26,0,0,1,1
0.134892,0.372847,0.26,0,0,1,1
0.13749,0.374347,0.26,0,0,1,1
0.140088,0.375847,0.26,0,0,1,1
0.142687,0.377347,0.26,0,0,1,1
0.145285,0.378847,0.26,0,0,1,1
0.147883,0.380347,0.26,0,0,1,1
0.150481,0.381847,0.26,0,0,1,1
0.153079,0.383347,0.26,0,0,1,1
0.155677,0.384847,0.26,0,0,1,1
0.158275,0.386347,0.26,0,0,1,1
0.160873,0.387847,0.26,0,0,1,1
0.163471,0.389347,0.26,0,0,1,1
0.166069,0.390847,0.26,0,0,1,1
0.168667,0.392347,0.26,0,0,1,1
0.171265,0.393847,0.26,0,0,1,1
0.173863,0.395347,0.26,0,0,1,1
0.176462,0.396847,0.26,0,0,1,1
0.17906,0.398347,0.26,0,0,1,1
0.181658,0.399847,0.26,0,0,1,1
0.184256,0.401347,0.26,0,0,1,1
0.186854,0.402847,0.26,0,0,1,1
0.189452,0.404347,0.26,0,0,1,1
0.19205,0.405847,0.26,0,0,1,1
0.194648,0.407347,0.26,0,0,1,1
0.197246,0.408847,0.26,0,0,1,1
0.199844,0.410347,0.26,0,0,1,1
0.202442,0.411847,0.26,0,0,1,1
0.20504,0.413347,0.26,0,0,1,1
0.207638,0.414847,0.26,0,0,1,1
0.210236,0.416347,0.26,0,0,1,1
0.212835,0.417847,0.26,0,0,1,1
0.215433,0.419347,0.26,0,0,1,1
0.218031,0.420847,0.26,0,0,1,1
0.220629,0.422347,0.26,0,0,1,1
0.223227,0.423847,0.26,0,0,1,1
0.225825,0.425347,0.26,0,0,1,1
0.228423,0.426847,0.26,0,0,1,1
0.231021,0.428347,0.26,0,0,1,1
0.233619,0.429847,0.26,0,0,1,1
0.236217,0.431347,0.26,0,0,1,1
0.238815,0.432847,0.26,0,0,1,1
0.241413,0.434347,0.26,0,0,1,1
0.244012,0.435847,0.26,0,0,1,1
0.24661,0.437347,0.26,0,0,1,1
0.249208,0.438847,0.26,0,0,1,1
0.251806,0.440347,0.26,0,0,1,1
0.254404,0.441847,0.26,0,0,1,1
0.257002,0.443347,0.26,0,0,1,1
0.2596,0.444847,0.26,0,0,1,1
0.262198,0.446347,0.26,0,0,1,1
0.264796,0.447847,0.26,0,0,1,1
0.267394,0.449347,0.26,0,0,1,1
0.269992,0.450847,0.26,0,0,1,1
0.27259,0.452347,0.26,0,0,1,1
0.275188,0.453847,0.26,0,0,1,1
0.277787,0.455347,0.26,0,0,1,1
0.280385,0.456847,0.26,0,0,1,1
0.282983,0.458347,0.26,0,0,1,1
0.285581,0.459847,0.26,0,0,1,1
0.288179,0.461347,0.26,0,0,1,1
0.290777,0.462847,0.26,0,0,1,1
0.293375,0.464347,0.26,0,0,1,1
0.295973,0.465847,0.26,0,0,1,1
0.298571,0.467347,0.26,0,0,1,1
0.126,0.364249,0.26,0,0,1,1
0.128598,0.365749,0.26,0,0,1,1
0.131196,0.367249,0.26,0,0,1,1
0.133794,0.368749,0.26,0,0,1,1
0.136392,0.370249,0.26,0,0,1,1
0.13899,0.371749,0.26,0,0,1,1
0.141588,0.373249,0.26,0,0,1,1
0.144187,0.374749,0.26,0,0,1,1
0.146785,0.376249,0.26,0,0,1,1
0.149383,0.377749,0.26,0,0,1,1
0.151981,0.379249,0.26,0,0,1,1
0.154579,0.380749,0.26,0,0,1,1
0.157177,0.382249,0.26,0,0,1,1
0.159775,0.383749,0.26,0,0,1,1
0.162373,0.385249,0.26,0,0,1,1
0.164971,0.386749,0.26,0,0,1,1
0.167569,0.388249,0.26,0,0,1,1
0.170167,0.389749,0.26,0,0,1,1
0.172765,0.391249,0.26,0,0,1,1
0.175363,0.392749,0.26,0,0,1,1
0.177962,0.394249,0.26,0,0,1,1
0.18056,0.395749,0.26,0,0,1,1
0.183158,0.397249,0.26,0,0,1,1
0.185756,0.398749,0.26,0,0,1,1
0.188354,0.400249,0.26,0,0,1,1
0.190952,0.401749,0.26,0,0,1,1
0.19355,0.403249,0.26,0,0,1,1
0.196148,0.404749,0.26,0,0,1,1
0.198746,0.406249,0.26,0,0,1,1
0.201344,0.407749,0.26,0,0,1,1
0.203942,0.409249,0.26,0,0,1,1
0.20654,0.410749,0.26,0,0,1,1
0.209138,0.412249,0.26,0,0,1,1
0.211736,0.413749,0.26,0,0,1,1
0.214335,0.415249,0.26,0,0,1,1
0.216933,0.416749,0.26,0,0,1,1
0.219531,0.418249,0.26,0,0,1,1
0.222129,0.419749,0.26,0,0,1,1
0.224727,0.421249,0.26,0,0,1,1
0.227325,0.422749,0.26,0,0,1,1
0.229923,0.424249,0.26,0,0,1,1
0.232521,0.425749,0.26,0,0,1,1
0.235119,0.427249,0.26,0,0,1,1
0.237717,0.428749,0.26,0,0,1,1
0.240315,0.430249,0.26,0,0,1,1
0.242913,0.431749,0.26,0,0,1,1
0.245512,0.433249,0.26,0,0,1,1
0.24811,0.434749,0.26,0,0,1,1
0.250708,0.436249,0.26,0,0,1,1
0.253306,0.437749,0.26,0,0,1,1
0.255904,0.439249,0.26,0,0,1,1
0.258502,0.440749,0.26,0,0,1,1
0.2611,0.442249,0.26,0,0,1,1
0.263698,0.443749,0.26,0,0,1,1
0.266296,0.445249,0.26,0,0,1,1
0.268894,0.446749,0.26,0,0,1,1
0.271492,0.448249,0.26,0,0,1,1
0.27409,0.449749,0.26,0,0,1,1
0.276688,0.451249,0.26,0,0,1,1
0.279287,0.452749,0.26,0,0,1,1
0.281885,0.454249,0.26,0,0,1,1
0.284483,0.455749,0.26,0,0,1,1
0.287081,0.457249,0.26,0,0,1,1
0.289679,0.458749,0.26,0,0,1,1
0.292277,0.460249,0.26,0,0,1,1
0.294875,0.461749,0.26,0,0,1,1
0.297473,0.463249,0.26,0,0,1,1
0.300071,0.464749,0.26,0,0,1,1
0.1275,0.361651,0.26,0,0,1,1
0.130098,0.363151,0.26,0,0,1,1
0.132696,0.364651,0.26,0,0,1,1
0.135294,0.366151,0.26,0,0,1,1
0.137892,0.367651,0.26,0,0,1,1
0.14049,0.369151,0.26,0,0,1,1
0.143088,0.370651,0.26,0,0,1,1
0.145687,0.372151,0.26,0,0,1,1
0.148285,0.373651,0.26,0,0,1,1
0.150883,0.375151,0.26,0,0,1,1
0.153481,0.376651,0.26,0,0,1,1
0.156079,0.378151,0.26,0,0,1,1
0.158677,0.379651,0.26,0,0,1,1
0.161275,0.381151,0.26,0,0,1,1
0.163873,0.382651,0.26,0,0,1,1
0.166471,0.384151,0.26,0,0,1,1
0.169069,0.385651,0.26,0,0,1,1
0.171667,0.387151,0.26,0,0,1,1
0.174265,0.388651,0.26,0,0,1,1
0.176863,0.390151,0.26,0,0,1,1
0.179462,0.391651,0.26,0,0,1,1
0.18206,0.393151,0.26,0,0,1,1
0.184658,0.394651,0.26,0,0,1,1
0.187256,0.396151,0.26,0,0,1,1
0.189854,0.397651,0.26,0,0,1,1
0.192452,0.399151,0.26,0,0,1,1
0.19505,0.400651,0.26,0,0,1,1
0.197648,0.402151,0.26,0,0,1,1
0.200246,0.403651,0.26,0,0,1,1
0.202844,0.405151,0.26,0,0,1,1
0.205442,0.406651,0.26,0,0,1,1
0.20804,0.408151,0.26,0,0,1,1
0.210638,0.409651,0.26,0,0,1,1
0.213236,0.411151,0.26,0,0,1,1
0.215835,0.412651,0.26,0,0,1,1
0.218433,0.414151,0.26,0,0,1,1
0.221031,0.415651,0.26,0,0,1,1
0.223629,0.417151,0.26,0,0,1,1
0.226227,0.418651,0.26,0,0,1,1
0.228825,0.420151,0.26,0,0,1,1
0.231423,0.421651,0.26,0,0,1,1
0.234021,0.423151,0.26,0,0,1,1
0.236619,0.424651,0.26,0,0,1,1
0.239217,0.426151,0.26,0,0,1,1
0.241815,0.427651,0.26,0,0,1,1
0.244413,0.429151,0.26,0,0,1,1
0.247012,0.430651,0.26,0,0,1,1
0.24961,0.432151,0.26,0,0,1,1
0.252208,0.433651,0.26,0,0,1,1
0.254806,0.435151,0.26,0,0,1,1
0.257404,0.436651,0.26,0,0,1,1
0.260002,0.438151,0.26,0,0,1,1
0.2626,0.439651,0.26,0,0,1,1
0.265198,0.441151,0.26,0,0,1,1
0.267796,0.442651,0.26,0,0,1,1
0.270394,0.444151,0.26,0,0,1,1
0.272992,0.445651,0.26,0,0,1,1
0.27559,0.447151,0.26,0,0,1,1
0.278188,0.448651,0.26,0,0,1,1
0.280787,0.450151,0.26,0,0,1,1
0.283385,0.451651,0.26,0,0,1,1
0.285983,0.453151,0.26,0,0,1,1
0.288581,0.454651,0.26,0,0,1,1
0.291179,0.456151,0.26,0,0,1,1
0.293777,0.457651,0.26,0,0,1,1
0.296375,0.459151,0.26,0,0,1,1
0.298973,0.460651,0.26,0,0,1,1
0.301571,0.462151,0.26,0,0,1,1
0.129,0.359053,0.26,0,0,1,1
0.131598,0.360553,0.26,0,0,1,1
0.134196,0.362053,0.26,0,0,1,1
0.136794,0.363553,0.26,0,0,1,1
0.139392,0.365053,0.26,0,0,1,1
0.14199,0.366553,0.26,0,0,1,1
0.144588,0.368053,0.26,0,0,1,1
0.147187,0.369553,0.26,0,0,1,1
0.149785,0.371053,0.26,0,0,1,1
0.152383,0.372553,0.26,0,0,1,1
0.154981,0.374053,0.26,0,0,1,1
0.157579,0.375553,0.26,0,0,1,1
0.160177,0.377053,0.26,0,0,1,1
0.162775,0.378553,0.26,0,0,1,1
0.165373,0.380053,0.26,0,0,1,1
0.167971,0.381553,0.26,0,0,1,1
0.170569,0.383053,0.26,0,0,1,1
0.173167,0.384553,0.26,0,0,1,1
0.175765,0.386053,0.26,0,0,1,1
0.178363,0.387553,0.26,0,0,1,1
0.180962,0.389053,0.26,0,0,1,1
0.18356,0.390553,0.26,0,0,1,1
0.186158,0.392053,0.26,0,0,1,1
0.188756,0.393553,0.26,0,0,1,1
0.191354,0.395053,0.26,0,0,1,1
0.193952,0.396553,0.26,0,0,1,1
0.19655,0.398053,0.26,0,0,1,1
0.199148,0.399553,0.26,0,0,1,1
0.201746,0.401053,0.26,0,0,1,1
0.204344,0.402553,0.26,0,0,1,1
0.206942,0.404053,0.26,0,0,1,1
0.20954,0.405553,0.26,0,0,1,1
0.212138,0.407053,0.26,0,0,1,1
0.214736,0.408553,0.26,0,0,1,1
0.217335,0.410053,0.26,0,0,1,1
0.219933,0.411553,0.26,0,0,1,1
0.222531,0.413053,0.26,0,0,1,1
0.225129,0.414553,0.26,0,0,1,1
0.227727,0.416053,0.26,0,0,1,1
0.230325,0.417553,0.26,0,0,1,1
0.232923,0.419053,0.26,0,0,1,1
0.235521,0.420553,0.26,0,0,1,1
0.238119,0.422053,0.26,0,0,1,1
0.240717,0.423553,0.26,0,0,1,1
0.243315,0.425053,0.26,0,0,1,1
0.245913,0.426553,0.26,0,0,1,1
0.248512,0.428053,0.26,0,0,1,1
0.25111,0.429553,0.26,0,0,1,1
0.253708,0.431053,0.26,0,0,1,1
0.256306,0.432553,0.26,0,0,1,1
0.258904,0.434053,0.26,0,0,1,1
0.261502,0.435553,0.26,0,0,1,1
0.2641,0.437053,0.26,0,0,1,1
0.266698,0.438553,0.26,0,0,1,1
0.269296,0.440053,0.26,0,0,1,1
0.271894,0.441553,0.26,0,0,1,1
0.274492,0.443053,0.26,0,0,1,1
0.27709,0.444553,0.26,0,0,1,1
0.279688,0.446053,0.26,0,0,1,1
0.282287,0.447553,0.26,0,0,1,1
0.284885,0.449053,0.26,0,0,1,1
0.287483,0.450553,0.26,0,0,1,1
0.290081,0.452053,0.26,0,0,1,1
0.292679,0.453553,0.26,0,0,1,1
0.295277,0.455053,0.26,0,0,1,1
0.297875,0.456553,0.26,0,0,1,1
0.300473,0.458053,0.26,0,0,1,1
0.303071,0.459553,0.26,0,0,1,1
0.1305,0.356454,0.26,0,0,1,1
0.133098,0.357955,0.26,0,0,1,1
0.135696,0.359454,0.26,0,0,1,1
0.138294,0.360954,0.26,0,0,1,1
0.140892,0.362455,0.26,0,0,1,1
0.14349,0.363954,0.26,0,0,1,1
0.146088,0.365454,0.26,0,0,1,1
0.148687,0.366955,0.26,0,0,1,1
0.151285,0.368454,0.26,0,0,1,1
0.153883,0.369954,0.26,0,0,1,1
0.156481,0.371455,0.26,0,0,1,1
0.159079,0.372954,0.26,0,0,1,1
0.161677,0.374454,0.26,0,0,1,1
0.164275,0.375954,0.26,0,0,1,1
0.166873,0.377454,0.26,0,0,1,1
0.169471,0.378954,0.26,0,0,1,1
0.172069,0.380454,0.26,0,0,1,1
0.174667,0.381954,0.26,0,0,1,1
0.177265,0.383455,0.26,0,0,1,1
0.179863,0.384954,0.26,0,0,1,1
0.182462,0.386454,0.26,0,0,1,1
0.18506,0.387954,0.26,0,0,1,1
0.187658,0.389454,0.26,0,0,1,1
0.190256,0.390954,0.26,0,0,1,1
0.192854,0.392454,0.26,0,0,1,1
0.195452,0.393954,0.26,0,0,1,1
0.19805,0.395454,0.26,0,0,1,1
0.200648,0.396954,0.26,0,0,1,1
0.203246,0.398454,0.26,0,0,1,1
0.205844,0.399954,0.26,0,0,1,1
0.208442,0.401454,0.26,0,0,1,1
0.21104,0.402954,0.26,0,0,1,1
0.213638,0.404454,0.26,0,0,1,1
0.216236,0.405954,0.26,0,0,1,1
0.218835,0.407454,0.26,0,0,1,1
0.221433,0.408954,0.26,0,0,1,1
0.224031,0.410454,0.26,0,0,1,1
0.226629,0.411954,0.26,0,0,1,1
0.229227,0.413454,0.26,0,0,1,1
0.231825,0.414954,0.26,0,0,1,1
0.234423,0.416454,0.26,0,0,1,1
0.237021,0.417954,0.26,0,0,1,1
0.239619,0.419454,0.26,0,0,1,1
0.242217,0.420954,0.26,0,0,1,1
0.244815,0.422454,0.26,0,0,1,1
0.247413,0.423954,0.26,0,0,1,1
0.250012,0.425454,0.26,0,0,1,1
0.25261,0.426954,0.26,0,0,1,1
0.255208,0.428454,0.26,0,0,1,1
0.257806,0.429954,0.26,0,0,1,1
0.260404,0.431455,0.26,0,0,1,1
0.263002,0.432954,0.26,0,0,1,1
0.2656,0.434455,0.26,0,0,1,1
0.268198,0.435955,0.26,0,0,1,1
0.270796,0.437455,0.26,0,0,1,1
0.273394,0.438955,0.26,0,0,1,1
0.275992,0.440455,0.26,0,0,1,1
0.27859,0.441955,0.26,0,0,1,1
0.281188,0.443455,0.26,0,0,1,1
0.283787,0.444955,0.26,0,0,1,1
0.286385,0.446455,0.26,0,0,1,1
0.288983,0.447955,0.26,0,0,1,1
0.291581,0.449455,0.26,0,0,1,1
0.294179,0.450955,0.26,0,0,1,1
0.296777,0.452455,0.26,0,0,1,1
0.299375,0.453955,0.26,0,0,1,1
0.301973,0.455455,0.26,0,0,1,1
0.304571,0.456955,0.26,0,0,1,1
0.132,0.353856,0.26,0,0,1,1
0.134598,0.355356,0.26,0,0,1,1
0.137196,0.356856,0.26,0,0,1,1
0.139794,0.358356,0.26,0,0,1,1
0.142392,0.359856,0.26,0,0,1,1
0.14499,0.361356,0.26,0,0,1,1
0.147588,0.362856,0.26,0,0,1,1
0.150187,0.364356,0.26,0,0,1,1
0.152785,0.365856,0.26,0,0,1,1
0.155383,0.367356,0.26,0,0,1,1
0.157981,0.368856,0.26,0,0,1,1
0.160579,0.370356,0.26,0,0,1,1
0.163177,0.371856,0.26,0,0,1,1
0.165775,0.373356,0.26,0,0,1,1
0.168373,0.374856,0.26,0,0,1,1
0.170971,0.376356,0.26,0,0,1,1
0.173569,0.377856,0.26,0,0,1,1
0.176167,0.379356,0.26,0,0,1,1
0.178765,0.380856,0.26,0,0,1,1
0.181363,0.382356,0.26,0,0,1,1
0.183962,0.383856,0.26,0,0,1,1
0.18656,0.385356,0.26,0,0,1,1
0.189158,0.386856,0.26,0,0,1,1
0.191756,0.388356,0.26,0,0,1,1
0.194354,0.389856,0.26,0,0,1,1
0.196952,0.391356,0.26,0,0,1,1
0.19955,0.392856,0.26,0,0,1,1
0.202148,0.394356,0.26,0,0,1,1
0.204746,0.395856,0.26,0,0,1,1
0.207344,0.397356,0.26,0,0,1,1
0.209942,0.398856,0.26,0,0,1,1
0.21254,0.400356,0.26,0,0,1,1
0.215138,0.401856,0.26,0,0,1,1
0.217736,0.403356,0.26,0,0,1,1
0.220335,0.404856,0.26,0,0,1,1
0.222933,0.406356,0.26,0,0,1,1
0.225531,0.407856,0.26,0,0,1,1
0.228129,0.409356,0.26,0,0,1,1
0.230727,0.410856,0.26,0,0,1,1
0.233325,0.412356,0.26,0,0,1,1
0.235923,0.413856,0.26,0,0,1,1
0.238521,0.415356,0.26,0,0,1,1
0.241119,0.416856,0.26,0,0,1,1
0.243717,0.418356,0.26,0,0,1,1
0.246315,0.419856,0.26,0,0,1,1
0.248913,0.421356,0.26,0,0,1,1
0.251512,0.422856,0.26,0,0,1,1
0.25411,0.424356,0.26,0,0,1,1
0.256708,0.425856,0.26,0,0,1,1
0.259306,0.427356,0.26,0,0,1,1
0.261904,0.428856,0.26,0,0,1,1
0.264502,0.430356,0.26,0,0,1,1
0.2671,0.431856,0.26,0,0,1,1
0.269698,0.433356,0.26,0,0,1,1
0.272296,0.434856,0.26,0,0,1,1
0.274894,0.436356,0.26,0,0,1,1
0.277492,0.437856,0.26,0,0,1,1
0.28009,0.439356,0.26,0,0,1,1
0.282688,0.440856,0.26,0,0,1,1
0.285287,0.442356,0.26,0,0,1,1
0.287885,0.443856,0.26,0,0,1,1
0.290483,0.445356,0.26,0,0,1,1
0.293081,0.446856,0.26,0,0,1,1
0.295679,0.448356,0.26,0,0,1,1
0.298277,0.449856,0.26,0,0,1,1
0.300875,0.451356,0.26,0,0,1,1
0.303473,0.452856,0.26,0,0,1,1
0.306071,0.454356,0.26,0,0,1,1
0.1335,0.351258,0.26,0,0,1,1
0.136098,0.352758,0.26,0,0,1,1
0.138696,0.354258,0.26,0,0,1,1
0.141294,0.355758,0.26,0,0,1,1
0.143892,0.357258,0.26,0,0,1,1
0.14649,0.358758,0.26,0,0,1,1
0.149088,0.360258,0.26,0,0,1,1
0.151687,0.361758,0.26,0,0,1,1
0.154285,0.363258,0.26,0,0,1,1
0.156883,0.364758,0.26,0,0,1,1
0.159481,0.366258,0.26,0,0,1,1
0.162079,0.367758,0.26,0,0,1,1
0.164677,0.369258,0.26,0,0,1,1
0.167275,0.370758,0.26,0,0,1,1
0.169873,0.372258,0.26,0,0,1,1
0.172471,0.373758,0.26,0,0,1,1
0.175069,0.375258,0.26,0,0,1,1
0.177667,0.376758,0.26,0,0,1,1
0.180265,0.378258,0.26,0,0,1,1
0.182863,0.379758,0.26,0,0,1,1
0.185462,0.381258,0.26,0,0,1,1
0.18806,0.382758,0.26,0,0,1,1
0.190658,0.384258,0.26,0,0,1,1
0.193256,0.385758,0.26,0,0,1,1
0.195854,0.387258,0.26,0,0,1,1
0.198452,0.388758,0.26,0,0,1,1
0.20105,0.390258,0.26,0,0,1,1
0.203648,0.391758,0.26,0,0,1,1
0.206246,0.393258,0.26,0,0,1,1
0.208844,0.394758,0.26,0,0,1,1
0.211442,0.396258,0.26,0,0,1,1
0.21404,0.397758,0.26,0,0,1,1
0.216638,0.399258,0.26,0,0,1,1
0.219236,0.400758,0.26,0,0,1,1
0.221835,0.402258,0.26,0,0,1,1
0.224433,0.403758,0.26,0,0,1,1
0.227031,0.405258,0.26,0,0,1,1
0.229629,0.406758,0.26,0,0,1,1
0.232227,0.408258,0.26,0,0,1,1
0.234825,0.409758,0.26,0,0,1,1
0.237423,0.411258,0.26,0,0,1,1
0.240021,0.412758,0.26,0,0,1,1
0.242619,0.414258,0.26,0,0,1,1
0.245217,0.415758,0.26,0,0,1,1
0.247815,0.417258,0.26,0,0,1,1
0.250413,0.418758,0.26,0,0,1,1
0.253011,0.420258,0.26,0,0,1,1
0.25561,0.421758,0.26,0,0,1,1
0.258208,0.423258,0.26,0,0,1,1
0.260806,0.424758,0.26,0,0,1,1
0.263404,0.426258,0.26,0,0,1,1
0.266002,0.427758,0.26,0,0,1,1
0.2686,0.429258,0.26,0,0,1,1
0.271198,0.430758,0.26,0,0,1,1
0.273796,0.432258,0.26,0,0,1,1
0.276394,0.433758,0.26,0,0,1,1
0.278992,0.435258,0.26,0,0,1,1
0.28159,0.436758,0.26,0,0,1,1
0.284188,0.438258,0.26,0,0,1,1
0.286787,0.439758,0.26,0,0,1,1
0.289385,0.441258,0.26,0,0,1,1
0.291983,0.442758,0.26,0,0,1,1
0.294581,0.444258,0.26,0,0,1,1
0.297179,0.445758,0.26,0,0,1,1
0.299777,0.447258,0.26,0,0,1,1
0.302375,0.448758,0.26,0,0,1,1
0.304973,0.450258,0.26,0,0,1,1
0.307571,0.451758,0.26,0,0,1,1
0.135,0.34866,0.26,0,0,1,1
0.137598,0.35016,0.26,0,0,1,1
0.140196,0.35166,0.26,0,0,1,1
0.142794,0.35316,0.26,0,0,1,1
0.145392,0.35466,0.26,0,0,1,1
0.14799,0.35616,0.26,0,0,1,1
0.150588,0.35766,0.26,0,0,1,1
0.153187,0.35916,0.26,0,0,1,1
0.155785,0.36066,0.26,0,0,1,1
0.158383,0.36216,0.26,0,0,1,1
0.160981,0.36366,0.26,0,0,1,1
0.163579,0.36516,0.26,0,0,1,1
0.166177,0.36666,0.26,0,0,1,1
0.168775,0.36816,0.26,0,0,1,1
0.171373,0.36966,0.26,0,0,1,1
0.173971,0.37116,0.26,0,0,1,1
0.176569,0.37266,0.26,0,0,1,1
0.179167,0.37416,0.26,0,0,1,1
0.181765,0.37566,0.26,0,0,1,1
0.184363,0.37716,0.26,0,0,1,1
0.186962,0.37866,0.26,0,0,1,1
0.18956,0.38016,0.26,0,0,1,1
0.192158,0.38166,0.26,0,0,1,1
0.194756,0.38316,0.26,0,0,1,1
0.197354,0.38466,0.26,0,0,1,1
0.199952,0.38616,0.26,0,0,1,1
0.20255,0.38766,0.26,0,0,1,1
0.205148,0.38916,0.26,0,0,1,1
0.207746,0.39066,0.26,0,0,1,1
0.210344,0.39216,0.26,0,0,1,1
0.212942,0.39366,0.26,0,0,1,1
0.21554,0.39516,0.26,0,0,1,1
0.218138,0.39666,0.26,0,0,1,1
0.220736,0.39816,0.26,0,0,1,1
0.223335,0.39966,0.26,0,0,1,1
0.225933,0.40116,0.26,0,0,1,1
0.228531,0.40266,0.26,0,0,1,1
0.231129,0.40416,0.26,0,0,1,1
0.233727,0.40566,0.26,0,0,1,1
0.236325,0.40716,0.26,0,0,1,1
0.238923,0.40866,0.26,0,0,1,1
0.241521,0.41016,0.26,0,0,1,1
0.244119,0.41166,0.26,0,0,1,1
0.246717,0.41316,0.26,0,0,1,1
0.249315,0.41466,0.26,0,0,1,1
0.251913,0.41616,0.26,0,0,1,1
0.254512,0.41766,0.26,0,0,1,1
0.25711,0.41916,0.26,0,0,1,1
0.259708,0.42066,0.26,0,0,1,1
0.262306,0.42216,0.26,0,0,1,1
0.264904,0.42366,0.26,0,0,1,1
0.267502,0.42516,0.26,0,0,1,1
0.2701,0.42666,0.26,0,0,1,1
0.272698,0.42816,0.26,0,0,1,1
0.275296,0.42966,0.26,0,0,1,1
0.277894,0.43116,0.26,0,0,1,1
0.280492,0.43266,0.26,0,0,1,1
0.28309,0.43416,0.26,0,0,1,1
0.285688,0.43566,0.26,0,0,1,1
0.288287,0.43716,0.26,0,0,1,1
0.290885,0.43866,0.26,0,0,1,1
0.293483,0.44016,0.26,0,0,1,1
0.296081,0.44166,0.26,0,0,1,1
0.298679,0.44316,0.26,0,0,1,1
0.301277,0.44466,0.26,0,0,1,1
0.303875,0.44616,0.26,0,0,1,1
0.306473,0.44766,0.26,0,0,1,1
0.309071,0.44916,0.26,0,0,1,1
0.1365,0.346062,0.26,0,0,1,1
0.139098,0.347562,0.26,0,0,1,1
0.141696,0.349062,0.26,0,0,1,1
0.144294,0.350562,0.26,0,0,1,1
0.146892,0.352062,0.26,0,0,1,1
0.14949,0.353562,0.26,0,0,1,1
0.152088,0.355062,0.26,0,0,1,1
0.154687,0.356562,0.26,0,0,1,1
0.157285,0.358062,0.26,0,0,1,1
0.159883,0.359562,0.26,0,0,1,1
0.162481,0.361062,0.26,0,0,1,1
0.165079,0.362562,0.26,0,0,1,1
0.167677,0.364062,0.26,0,0,1,1
0.170275,0.365562,0.26,0,0,1,1
0.172873,0.367062,0.26,0,0,1,1
0.175471,0.368562,0.26,0,0,1,1
0.178069,0.370062,0.26,0,0,1,1
0.180667,0.371562,0.26,0,0,1,1
0.183265,0.373062,0.26,0,0,1,1
0.185863,0.374562,0.26,0,0,1,1
0.188462,0.376062,0.26,0,0,1,1
0.19106,0.377562,0.26,0,0,1,1
0.193658,0.379062,0.26,0,0,1,1
0.196256,0.380562,0.26,0,0,1,1
0.198854,0.382062,0.26,0,0,1,1
0.201452,0.383562,0.26,0,0,1,1
0.20405,0.385062,0.26,0,0,1,1
0.206648,0.386562,0.26,0,0,1,1
0.209246,0.388062,0.26,0,0,1,1
0.211844,0.389562,0.26,0,0,1,1
0.214442,0.391062,0.26,0,0,1,1
0.21704,0.392562,0.26,0,0,1,1
0.219638,0.394062,0.26,0,0,1,1
0.222236,0.395562,0.26,0,0,1,1
0.224835,0.397062,0.26,0,0,1,1
0.227433,0.398562,0.26,0,0,1,1
0.230031,0.400062,0.26,0,0,1,1
0.232629,0.401562,0.26,0,0,1,1
0.235227,0.403062,0.26,0,0,1,1
0.237825,0.404562,0.26,0,0,1,1
0.240423,0.406062,0.26,0,0,1,1
0.243021,0.407562,0.26,0,0,1,1
0.245619,0.409062,0.26,0,0,1,1
0.248217,0.410562,0.26,0,0,1,1
0.250815,0.412062,0.26,0,0,1,1
0.253413,0.413562,0.26,0,0,1,1
0.256012,0.415062,0.26,0,0,1,1
0.25861,0.416562,0.26,0,0,1,1
0.261208,0.418062,0.26,0,0,1,1
0.263806,0.419562,0.26,0,0,1,1
0.266404,0.421062,0.26,0,0,1,1
0.269002,0.422562,0.26,0,0,1,1
0.2716,0.424062,0.26,0,0,1,1
0.274198,0.425562,0.26,0,0,1,1
0.276796,0.427062,0.26,0,0,1,1
0.279394,0.428562,0.26,0,0,1,1
0.281992,0.430062,0.26,0,0,1,1
0.28459,0.431562,0.26,0,0,1,1
0.287189,0.433062,0.26,0,0,1,1
0.289787,0.434562,0.26,0,0,1,1
0.292385,0.436062,0.26,0,0,1,1
0.294983,0.437562,0.26,0,0,1,1
0.297581,0.439062,0.26,0,0,1,1
0.300179,0.440562,0.26,0,0,1,1
0.302777,0.442062,0.26,0,0,1,1
0.305375,0.443562,0.26,0,0,1,1
0.307973,0.445062,0.26,0,0,1,1
0.310571,0.446562,0.26,0,0,1,1
0.138,0.343464,0.26,0,0,1,1
0.140598,0.344964,0.26,0,0,1,1
0.143196,0.346464,0.26,0,0,1,1
0.145794,0.347964,0.26,0,0,1,1
0.148392,0.349464,0.26,0,0,1,1
0.15099,0.350964,0.26,0,0,1,1
0.153588,0.352464,0.26,0,0,1,1
0.156187,0.353964,0.26,0,0,1,1
0.158785,0.355464,0.26,0,0,1,1
0.161383,0.356964,0.26,0,0,1,1
0.163981,0.358464,0.26,0,0,1,1
0.166579,0.359964,0.26,0,0,1,1
0.169177,0.361464,0.26,0,0,1,1
0.171775,0.362964,0.26,0,0,1,1
0.174373,0.364464,0.26,0,0,1,1
0.176971,0.365964,0.26,0,0,1,1
0.179569,0.367464,0.26,0,0,1,1
0.182167,0.368964,0.26,0,0,1,1
0.184765,0.370464,0.26,0,0,1,1
0.187363,0.371964,0.26,0,0,1,1
0.189962,0.373464,0.26,0,0,1,1
0.19256,0.374964,0.26,0,0,1,1
0.195158,0.376464,0.26,0,0,1,1
0.197756,0.377964,0.26,0,0,1,1
0.200354,0.379464,0.26,0,0,1,1
0.202952,0.380964,0.26,0,0,1,1
0.20555,0.382464,0.26,0,0,1,1
0.208148,0.383964,0.26,0,0,1,1
0.210746,0.385464,0.26,0,0,1,1
0.213344,0.386964,0.26,0,0,1,1
0.215942,0.388464,0.26,0,0,1,1
0.21854,0.389964,0.26,0,0,1,1
0.221138,0.391464,0.26,0,0,1,1
0.223736,0.392964,0.26,0,0,1,1
0.226335,0.394464,0.26,0,0,1,1
0.228933,0.395964,0.26,0,0,1,1
0.231531,0.397464,0.26,0,0,1,1
0.234129,0.398964,0.26,0,0,1,1
0.236727,0.400464,0.26,0,0,1,1
0.239325,0.401964,0.26,0,0,1,1
0.241923,0.403464,0.26,0,0,1,1
0.244521,0.404964,0.26,0,0,1,1
0.247119,0.406464,0.26,0,0,1,1
0.249717,0.407964,0.26,0,0,1,1
0.252315,0.409464,0.26,0,0,1,1
0.254913,0.410964,0.26,0,0,1,1
0.257511,0.412464,0.26,0,0,1,1
0.26011,0.413964,0.26,0,0,1,1
0.262708,0.415464,0.26,0,0,1,1
0.265306,0.416964,0.26,0,0,1,1
0.267904,0.418464,0.26,0,0,1,1
0.270502,0.419964,0.26,0,0,1,1
0.2731,0.421464,0.26,0,0,1,1
0.275698,0.422964,0.26,0,0,1,1
0.278296,0.424464,0.26,0,0,1,1
0.280894,0.425964,0.26,0,0,1,1
0.283492,0.427464,0.26,0,0,1,1
0.28609,0.428964,0.26,0,0,1,1
0.288688,0.430464,0.26,0,0,1,1
0.291287,0.431964,0.26,0,0,1,1
0.293885,0.433464,0.26,0,0,1,1
0.296483,0.434964,0.26,0,0,1,1
0.299081,0.436464,0.26,0,0,1,1
0.301679,0.437964,0.26,0,0,1,1
0.304277,0.439464,0.26,0,0,1,1
0.306875,0.440964,0.26,0,0,1,1
0.309473,0.442464,0.26,0,0,1,1
0.312071,0.443964,0.26,0,0,1,1
0.1395,0.340866,0.26,0,0,1,1
0.142098,0.342366,0.26,0,0,1,1
0.144696,0.343866,0.26,0,0,1,1
0.147294,0.345366,0.26,0,0,1,1
0.149892,0.346866,0.26,0,0,1,1
0.15249,0.348366,0.26,0,0,1,1
0.155088,0.349866,0.26,0,0,1,1
0.157687,0.351366,0.26,0,0,1,1
0.160285,0.352866,0.26,0,0,1,1
0.162883,0.354366,0.26,0,0,1,1
0.165481,0.355866,0.26,0,0,1,1
0.168079,0.357366,0.26,0,0,1,1
0.170677,0.358866,0.26,0,0,1,1
0.173275,0.360366,0.26,0,0,1,1
0.175873,0.361866,0.26,0,0,1,1
0.178471,0.363366,0.26,0,0,1,1
0.181069,0.364866,0.26,0,0,1,1
0.183667,0.366366,0.26,0,0,1,1
0.186265,0.367866,0.26,0,0,1,1
0.188863,0.369366,0.26,0,0,1,1
0.191462,0.370866,0.26,0,0,1,1
0.19406,0.372366,0.26,0,0,1,1
0.196658,0.373866,0.26,0,0,1,1
0.199256,0.375366,0.26,0,0,1,1
0.201854,0.376866,0.26,0,0,1,1
0.204452,0.378366,0.26,0,0,1,1
0.20705,0.379866,0.26,0,0,1,1
0.209648,0.381366,0.26,0,0,1,1
0.212246,0.382866,0.26,0,0,1,1
0.214844,0.384366,0.26,0,0,1,1
0.217442,0.385866,0.26,0,0,1,1
0.22004,0.387366,0.26,0,0,1,1
0.222638,0.388866,0.26,0,0,1,1
0.225236,0.390366,0.26,0,0,1,1
0.227835,0.391866,0.26,0,0,1,1
0.230433,0.393366,0.26,0,0,1,1
0.233031,0.394866,0.26,0,0,1,1
0.235629,0.396366,0.26,0,0,1,1
0.238227,0.397866,0.26,0,0,1,1
0.240825,0.399366,0.26,0,0,1,1
0.243423,0.400866,0.26,0,0,1,1
0.246021,0.402366,0.26,0,0,1,1
0.248619,0.403866,0.26,0,0,1,1
0.251217,0.405366,0.26,0,0,1,1
0.253815,0.406866,0.26,0,0,1,1
0.256413,0.408366,0.26,0,0,1,1
0.259012,0.409866,0.26,0,0,1,1
0.26161,0.411366,0.26,0,0,1,1
0.264208,0.412866,0.26,0,0,1,1
0.266806,0.414366,0.26,0,0,1,1
0.269404,0.415866,0.26,0,0,1,1
0.272002,0.417366,0.26,0,0,1,1
0.2746,0.418866,0.26,0,0,1,1
0.277198,0.420366,0.26,0,0,1,1
0.279796,0.421866,0.26,0,0,1,1
0.282394,0.423366,0.26,0,0,1,1
0.284992,0.424866,0.26,0,0,1,1
0.28759,0.426366,0.26,0,0,1,1
0.290188,0.427866,0.26,0,0,1,1
0.292787,0.429366,0.26,0,0,1,1
0.295385,0.430866,0.26,0,0,1,1
0.297983,0.432366,0.26,0,0,1,1
0.300581,0.433866,0.26,0,0,1,1
0.303179,0.435366,0.26,0,0,1,1
0.305777,0.436866,0.26,0,0,1,1
0.308375,0.438366,0.26,0,0,1,1
0.310973,0.439866,0.26,0,0,1,1
0.313571,0.441366,0.26,0,0,1,1
0.141,0.338268,0.26,0,0,1,1
0.143598,0.339768,0.26,0,0,1,1
0.146196,0.341268,0.26,0,0,1,1
0.148794,0.342768,0.26,0,0,1,1
0.151392,0.344268,0.26,0,0,1,1
0.15399,0.345768,0.26,0,0,1,1
0.156588,0.347268,0.26,0,0,1,1
0.159187,0.348768,0.26,0,0,1,1
0.161785,0.350268,0.26,0,0,1,1
0.164383,0.351768,0.26,0,0,1,1
0.166981,0.353268,0.26,0,0,1,1
0.169579,0.354768,0.26,0,0,1,1
0.172177,0.356268,0.26,0,0,1,1
0.174775,0.357768,0.26,0,0,1,1
0.177373,0.359268,0.26,0,0,1,1
0.179971,0.360768,0.26,0,0,1,1
0.182569,0.362268,0.26,0,0,1,1
0.185167,0.363768,0.26,0,0,1,1
0.187765,0.365268,0.26,0,0,1,1
0.190363,0.366768,0.26,0,0,1,1
0.192962,0.368268,0.26,0,0,1,1
0.19556,0.369768,0.26,0,0,1,1
0.198158,0.371268,0.26,0,0,1,1
0.200756,0.372768,0.26,0,0,1,1
0.203354,0.374268,0.26,0,0,1,1
0.205952,0.375768,0.26,0,0,1,1
0.20855,0.377268,0.26,0,0,1,1
0.211148,0.378768,0.26,0,0,1,1
0.213746,0.380268,0.26,0,0,1,1
0.216344,0.381768,0.26,0,0,1,1
0.218942,0.383268,0.26,0,0,1,1
0.22154,0.384768,0.26,0,0,1,1
0.224138,0.386268,0.26,0,0,1,1
0.226736,0.387768,0.26,0,0,1,1
0.229335,0.389268,0.26,0,0,1,1
0.231933,0.390768,0.26,0,0,1,1
0.234531,0.392268,0.26,0,0,1,1
0.237129,0.393768,0.26,0,0,1,1
0.239727,0.395268,0.26,0,0,1,1
0.242325,0.396768,0.26,0,0,1,1
0.244923,0.398268,0.26,0,0,1,1
0.247521,0.399768,0.26,0,0,1,1
0.250119,0.401268,0.26,0,0,1,1
0.252717,0.402768,0.26,0,0,1,1
0.255315,0.404268,0.26,0,0,1,1
0.257913,0.405768,0.26,0,0,1,1
0.260511,0.407268,0.26,0,0,1,1
0.26311,0.408768,0.26,0,0,1,1
0.265708,0.410268,0.26,0,0,1,1
0.268306,0.411768,0.26,0,0,1,1
0.270904,0.413268,0.26,0,0,1,1
0.273502,0.414768,0.26,0,0,1,1
0.2761,0.416268,0.26,0,0,1,1
0.278698,0.417768,0.26,0,0,1,1
0.281296,0.419268,0.26,0,0,1,1
0.283894,0.420768,0.26,0,0,1,1
0.286492,0.422268,0.26,0,0,1,1
0.28909,0.423768,0.26,0,0,1,1
0.291688,0.425268,0.26,0,0,1,1
0.294287,0.426768,0.26,0,0,1,1
0.296885,0.428268,0.26,0,0,1,1
0.299483,0.429768,0.26,0,0,1,1
0.302081,0.431268,0.26,0,0,1,1
0.304679,0.432768,0.26,0,0,1,1
0.307277,0.434268,0.26,0,0,1,1
0.309875,0.435768,0.26,0,0,1,1
0.312473,0.437268,0.26,0,0,1,1
0.315071,0.438768,0.26,0,0,1,1
0.1425,0.33567,0.26,0,0,1,1
0.145098,0.33717,0.26,0,0,1,1
0.147696,0.33867,0.26,0,0,1,1
0.150294,0.34017,0.26,0,0,1,1
0.152892,0.34167,0.26,0,0,1,1
0.15549,0.34317,0.26,0,0,1,1
0.158088,0.34467,0.26,0,0,1,1
0.160687,0.34617,0.26,0,0,1,1
0.163285,0.34767,0.26,0,0,1,1
0.165883,0.34917,0.26,0,0,1,1
0.168481,0.35067,0.26,0,0,1,1
0.171079,0.35217,0.26,0,0,1,1
0.173677,0.35367,0.26,0,0,1,1
0.176275,0.35517,0.26,0,0,1,1
0.178873,0.35667,0.26,0,0,1,1
0.181471,0.35817,0.26,0,0,1,1
0.184069,0.35967,0.26,0,0,1,1
0.186667,0.36117,0.26,0,0,1,1
0.189265,0.36267,0.26,0,0,1,1
0.191863,0.36417,0.26,0,0,1,1
0.194462,0.36567,0.26,0,0,1,1
0.19706,0.36717,0.26,0,0,1,1
0.199658,0.36867,0.26,0,0,1,1
0.202256,0.37017,0.26,0,0,1,1
0.204854,0.37167,0.26,0,0,1,1
0.207452,0.37317,0.26,0,0,1,1
0.21005,0.37467,0.26,0,0,1,1
0.212648,0.37617,0.26,0,0,1,1
0.215246,0.37767,0.26,0,0,1,1
0.217844,0.37917,0.26,0,0,1,1
0.220442,0.38067,0.26,0,0,1,1
0.22304,0.38217,0.26,0,0,1,1
0.225638,0.38367,0.26,0,0,1,1
0.228236,0.38517,0.26,0,0,1,1
0.230835,0.38667,0.26,0,0,1,1
0.233433,0.38817,0.26,0,0,1,1
0.236031,0.38967,0.26,0,0,1,1
0.238629,0.39117,0.26,0,0,1,1
0.241227,0.39267,0.26,0,0,1,1
0.243825,0.39417,0.26,0,0,1,1
0.246423,0.39567,0.26,0,0,1,1
0.249021,0.39717,0.26,0,0,1,1
0.251619,0.39867,0.26,0,0,1,1
0.254217,0.40017,0.26,0,0,1,1
0.256815,0.40167,0.26,0,0,1,1
0.259413,0.40317,0.26,0,0,1,1
0.262011,0.40467,0.26,0,0,1,1
0.26461,0.40617,0.26,0,0,1,1
0.267208,0.40767,0.26,0,0,1,1
0.269806,0.40917,0.26,0,0,1,1
0.272404,0.41067,0.26,0,0,1,1
0.275002,0.41217,0.26,0,0,1,1
0.2776,0.41367,0.26,0,0,1,1
0.280198,0.41517,0.26,0,0,1,1
0.282796,0.41667,0.26,0,0,1,1
0.285394,0.41817,0.26,0,0,1,1
0.287992,0.41967,0.26,0,0,1,1
0.29059,0.42117,0.26,0,0,1,1
0.293188,0.42267,0.26,0,0,1,1
0.295787,0.42417,0.26,0,0,1,1
0.298385,0.42567,0.26,0,0,1,1
0.300983,0.42717,0.26,0,0,1,1
0.303581,0.42867,0.26,0,0,1,1
0.306179,0.43017,0.26,0,0,1,1
0.308777,0.43167,0.26,0,0,1,1
0.311375,0.43317,0.26,0,0,1,1
0.313973,0.43467,0.26,0,0,1,1
0.316571,0.43617,0.26,0,0,1,1
0.144,0.333072,0.26,0,0,1,1
0.146598,0.334572,0.26,0,0,1,1
0.149196,0.336072,0.26,0,0,1,1
0.151794,0.337572,0.26,0,0,1,1
0.154392,0.339072,0.26,0,0,1,1
0.15699,0.340572,0.26,0,0,1,1
0.159588,0.342072,0.26,0,0,1,1
0.162187,0.343572,0.26,0,0,1,1
0.164785,0.345072,0.26,0,0,1,1
0.167383,0.346572,0.26,0,0,1,1
0.169981,0.348072,0.26,0,0,1,1
0.172579,0.349572,0.26,0,0,1,1
0.175177,0.351072,0.26,0,0,1,1
0.177775,0.352572,0.26,0,0,1,1
0.180373,0.354072,0.26,0,0,1,1
0.182971,0.355572,0.26,0,0,1,1
0.185569,0.357072,0.26,0,0,1,1
0.188167,0.358572,0.26,0,0,1,1
0.190765,0.360072,0.26,0,0,1,1
0.193363,0.361572,0.26,0,0,1,1
0.195962,0.363072,0.26,0,0,1,1
0.19856,0.364572,0.26,0,0,1,1
0.201158,0.366072,0.26,0,0,1,1
0.203756,0.367572,0.26,0,0,1,1
0.206354,0.369072,0.26,0,0,1,1
0.208952,0.370572,0.26,0,0,1,1
0.21155,0.372072,0.26,0,0,1,1
0.214148,0.373572,0.26,0,0,1,1
0.216746,0.375072,0.26,0,0,1,1
0.219344,0.376572,0.26,0,0,1,1
0.221942,0.378072,0.26,0,0,1,1
0.22454,0.379572,0.26,0,0,1,1
0.227138,0.381072,0.26,0,0,1,1
0.229736,0.382572,0.26,0,0,1,1
0.232335,0.384072,0.26,0,0,1,1
0.234933,0.385572,0.26,0,0,1,1
0.237531,0.387072,0.26,0,0,1,1
0.240129,0.388572,0.26,0,0,1,1
0.242727,0.390072,0.26,0,0,1,1
0.245325,0.391572,0.26,0,0,1,1
0.247923,0.393072,0.26,0,0,1,1
0.250521,0.394572,0.26,0,0,1,1
0.253119,0.396072,0.26,0,0,1,1
0.255717,0.397572,0.26,0,0,1,1
0.258315,0.399072,0.26,0,0,1,1
0.260913,0.400572,0.26,0,0,1,1
0.263512,0.402072,0.26,0,0,1,1
0.26611,0.403572,0.26,0,0,1,1
0.268708,0.405072,0.26,0,0,1,1
0.271306,0.406572,0.26,0,0,1,1
0.273904,0.408072,0.26,0,0,1,1
0.276502,0.409572,0.26,0,0,1,1
0.2791,0.411072,0.26,0,0,1,1
0.281698,0.412572,0.26,0,0,1,1
0.284296,0.414072,0.26,0,0,1,1
0.286894,0.415572,0.26,0,0,1,1
0.289492,0.417072,0.26,0,0,1,1
0.29209,0.418572,0.26,0,0,1,1
0.294688,0.420072,0.26,0,0,1,1
0.297287,0.421572,0.26,0,0,1,1
0.299885,0.423072,0.26,0,0,1,1
0.302483,0.424572,0.26,0,0,1,1
0.305081,0.426072,0.26,0,0,1,1
0.307679,0.427572,0.26,0,0,1,1
0.310277,0.429072,0.26,0,0,1,1
0.312875,0.430572,0.26,0,0,1,1
0.315473,0.432072,0.26,0,0,1,1
0.318071,0.433572,0.26,0,0,1,1
0.1455,0.330474,0.26,0,0,1,1
0.148098,0.331974,0.26,0,0,1,1
0.150696,0.333474,0.26,0,0,1,1
0.153294,0.334974,0.26,0,0,1,1
0.155892,0.336474,0.26,0,0,1,1
0.15849,0.337974,0.26,0,0,1,1
0.161088,0.339474,0.26,0,0,1,1
0.163687,0.340974,0.26,0,0,1,1
0.166285,0.342474,0.26,0,0,1,1
0.168883,0.343974,0.26,0,0,1,1
0.171481,0.345474,0.26,0,0,1,1
0.174079,0.346974,0.26,0,0,1,1
0.176677,0.348474,0.26,0,0,1,1
0.179275,0.349974,0.26,0,0,1,1
0.181873,0.351474,0.26,0,0,1,1
0.184471,0.352974,0.26,0,0,1,1
0.187069,0.354474,0.26,0,0,1,1
0.189667,0.355974,0.26,0,0,1,1
0.192265,0.357474,0.26,0,0,1,1
0.194863,0.358974,0.26,0,0,1,1
0.197462,0.360474,0.26,0,0,1,1
0.20006,0.361974,0.26,0,0,1,1
0.202658,0.363474,0.26,0,0,1,1
0.205256,0.364974,0.26,0,0,1,1
0.207854,0.366474,0.26,0,0,1,1
0.210452,0.367974,0.26,0,0,1,1
0.21305,0.369474,0.26,0,0,1,1
0.215648,0.370974,0.26,0,0,1,1
0.218246,0.372474,0.26,0,0,1,1
0.220844,0.373974,0.26,0,0,1,1
0.223442,0.375474,0.26,0,0,1,1
0.22604,0.376974,0.26,0,0,1,1
0.228638,0.378474,0.26,0,0,1,1
0.231236,0.379974,0.26,0,0,1,1
0.233835,0.381474,0.26,0,0,1,1
0.236433,0.382974,0.26,0,0,1,1
0.239031,0.384474,0.26,0,0,1,1
0.241629,0.385974,0.26,0,0,1,1
0.244227,0.387474,0.26,0,0,1,1
0.246825,0.388974,0.26,0,0,1,1
0.249423,0.390474,0.26,0,0,1,1
0.252021,0.391974,0.26,0,0,1,1
0.254619,0.393474,0.26,0,0,1,1
0.257217,0.394974,0.26,0,0,1,1
0.259815,0.396474,0.26,0,0,1,1
0.262413,0.397974,0.26,0,0,1,1
0.265011,0.399474,0.26,0,0,1,1
0.26761,0.400974,0.26,0,0,1,1
0.270208,0.402474,0.26,0,0,1,1
0.272806,0.403974,0.26,0,0,1,1
0.275404,0.405474,0.26,0,0,1,1
0.278002,0.406974,0.26,0,0,1,1
0.2806,0.408474,0.26,0,0,1,1
0.283198,0.409974,0.26,0,0,1,1
0.285796,0.411474,0.26,0,0,1,1
0.288394,0.412974,0.26,0,0,1,1
0.290992,0.414474,0.26,0,0,1,1
0.29359,0.415974,0.26,0,0,1,1
0.296188,0.417474,0.26,0,0,1,1
0.298787,0.418974,0.26,0,0,1,1
0.301385,0.420474,0.26,0,0,1,1
0.303983,0.421974,0.26,0,0,1,1
0.306581,0.423474,0.26,0,0,1,1
0.309179,0.424974,0.26,0,0,1,1
0.311777,0.426474,0.26,0,0,1,1
0.314375,0.427974,0.26,0,0,1,1
0.316973,0.429474,0.26,0,0,1,1
0.319571,0.430974,0.26,0,0,1,1
0.147,0.327876,0.26,0,0,1,1
0.149598,0.329376,0.26,0,0,1,1
0.152196,0.330876,0.26,0,0,1,1
0.154794,0.332376,0.26,0,0,1,1
0.157392,0.333876,0.26,0,0,1,1
0.15999,0.335376,0.26,0,0,1,1
0.162588,0.336876,0.26,0,0,1,1
0.165187,0.338376,0.26,0,0,1,1
0.167785,0.339876,0.26,0,0,1,1
0.170383,0.341376,0.26,0,0,1,1
0.172981,0.342876,0.26,0,0,1,1
0.175579,0.344376,0.26,0,0,1,1
0.178177,0.345876,0.26,0,0,1,1
0.180775,0.347376,0.26,0,0,1,1
0.183373,0.348876,0.26,0,0,1,1
0.185971,0.350376,0.26,0,0,1,1
0.188569,0.351876,0.26,0,0,1,1
0.191167,0.353376,0.26,0,0,1,1
0.193765,0.354876,0.26,0,0,1,1
0.196363,0.356376,0.26,0,0,1,1
0.198962,0.357876,0.26,0,0,1,1
0.20156,0.359376,0.26,0,0,1,1
0.204158,0.360876,0.26,0,0,1,1
0.206756,0.362376,0.26,0,0,1,1
0.209354,0.363876,0.26,0,0,1,1
0.211952,0.365376,0.26,0,0,1,1
0.21455,0.366876,0.26,0,0,1,1
0.217148,0.368376,0.26,0,0,1,1
0.219746,0.369876,0.26,0,0,1,1
0.222344,0.371376,0.26,0,0,1,1
0.224942,0.372876,0.26,0,0,1,1
0.22754,0.374376,0.26,0,0,1,1
0.230138,0.375876,0.26,0,0,1,1
0.232736,0.377376,0.26,0,0,1,1
0.235335,0.378876,0.26,0,0,1,1
0.237933,0.380376,0.26,0,0,1,1
0.240531,0.381876,0.26,0,0,1,1
0.243129,0.383376,0.26,0,0,1,1
0.245727,0.384876,0.26,0,0,1,1
0.248325,0.386376,0.26,0,0,1,1
0.250923,0.387876,0.26,0,0,1,1
0.253521,0.389376,0.26,0,0,1,1
0.256119,0.390876,0.26,0,0,1,1
0.258717,0.392376,0.26,0,0,1,1
0.261315,0.393876,0.26,0,0,1,1
0.263913,0.395376,0.26,0,0,1,1
0.266511,0.396876,0.26,0,0,1,1
0.26911,0.398376,0.26,0,0,1,1
0.271708,0.399876,0.26,0,0,1,1
0.274306,0.401376,0.26,0,0,1,1
0.276904,0.402876,0.26,0,0,1,1
0.279502,0.404376,0.26,0,0,1,1
0.2821,0.405876,0.26,0,0,1,1
0.284698,0.407376,0.26,0,0,1,1
0.287296,0.408876,0.26,0,0,1,1
0.289894,0.410376,0.26,0,0,1,1
0.292492,0.411876,0.26,0,0,1,1
0.29509,0.413376,0.26,0,0,1,1
0.297688,0.414876,0.26,0,0,1,1
0.300287,0.416376,0.26,0,0,1,1
0.302885,0.417876,0.26,0,0,1,1
0.305483,0.419376,0.26,0,0,1,1
0.308081,0.420876,0.26,0,0,1,1
0.310679,0.422376,0.26,0,0,1,1
0.313277,0.423876,0.26,0,0,1,1
0.315875,0.425376,0.26,0,0,1,1
0.318473,0.426876,0.26,0,0,1,1
0.321071,0.428376,0.26,0,0,1,1
0.1485,0.325278,0.26,0,0,1,1
0.151098,0.326778,0.26,0,0,1,1
0.153696,0.328278,0.26,0,0,1,1
0.156294,0.329778,0.26,0,0,1,1
0.158892,0.331278,0.26,0,0,1,1
0.16149,0.332778,0.26,0,0,1,1
0.164088,0.334278,0.26,0,0,1,1
0.166687,0.335778,0.26,0,0,1,1
0.169285,0.337278,0.26,0,0,1,1
0.171883,0.338778,0.26,0,0,1,1
0.174481,0.340278,0.26,0,0,1,1
0.177079,0.341778,0.26,0,0,1,1
0.179677,0.343278,0.26,0,0,1,1
0.182275,0.344778,0.26,0,0,1,1
0.184873,0.346278,0.26,0,0,1,1
0.187471,0.347778,0.26,0,0,1,1
0.190069,0.349278,0.26,0,0,1,1
0.192667,0.350778,0.26,0,0,1,1
0.195265,0.352278,0.26,0,0,1,1
0.197863,0.353778,0.26,0,0,1,1
0.200462,0.355278,0.26,0,0,1,1
0.20306,0.356778,0.26,0,0,1,1
0.205658,0.358278,0.26,0,0,1,1
0.208256,0.359778,0.26,0,0,1,1
0.210854,0.361278,0.26,0,0,1,1
0.213452,0.362778,0.26,0,0,1,1
0.21605,0.364278,0.26,0,0,1,1
0.218648,0.365778,0.26,0,0,1,1
0.221246,0.367278,0.26,0,0,1,1
0.223844,0.368778,0.26,0,0,1,1
0.226442,0.370278,0.26,0,0,1,1
0.22904,0.371778,0.26,0,0,1,1
0.231638,0.373278,0.26,0,0,1,1
0.234236,0.374778,0.26,0,0,1,1
0.236835,0.376278,0.26,0,0,1,1
0.239433,0.377778,0.26,0,0,1,1
0.242031,0.379278,0.26,0,0,1,1
0.244629,0.380778,0.26,0,0,1,1
0.247227,0.382278,0.26,0,0,1,1
0.249825,0.383778,0.26,0,0,1,1
0.252423,0.385278,0.26,0,0,1,1
0.255021,0.386778,0.26,0,0,1,1
0.257619,0.388278,0.26,0,0,1,1
0.260217,0.389778,0.26,0,0,1,1
0.262815,0.391278,0.26,0,0,1,1
0.265413,0.392778,0.26,0,0,1,1
0.268012,0.394278,0.26,0,0,1,1
0.27061,0.395778,0.26,0,0,1,1
0.273208,0.397278,0.26,0,0,1,1
0.275806,0.398778,0.26,0,0,1,1
0.278404,0.400278,0.26,0,0,1,1
0.281002,0.401778,0.26,0,0,1,1
0.2836,0.403278,0.26,0,0,1,1
0.286198,0.404778,0.26,0,0,1,1
0.288796,0.406278,0.26,0,0,1,1
0.291394,0.407778,0.26,0,0,1,1
0.293992,0.409278,0.26,0,0,1,1
0.29659,0.410778,0.26,0,0,1,1
0.299188,0.412278,0.26,0,0,1,1
0.301787,0.413778,0.26,0,0,1,1
0.304385,0.415278,0.26,0,0,1,1
0.306983,0.416778,0.26,0,0,1,1
0.309581,0.418278,0.26,0,0,1,1
0.312179,0.419778,0.26,0,0,1,1
0.314777,0.421278,0.26,0,0,1,1
0.317375,0.422778,0.26,0,0,1,1
0.319973,0.424278,0.26,0,0,1,1
0.322571,0.425778,0.26,0,0,1,1
0.15,0.322679,0.26,0,0,1,1
0.152598,0.32418,0.26,0,0,1,1
0.155196,0.325679,0.26,0,0,1,1
0.157794,0.327179,0.26,0,0,1,1
0.160392,0.32868,0.26,0,0,1,1
0.16299,0.330179,0.26,0,0,1,1
0.165588,0.331679,0.26,0,0,1,1
0.168187,0.33318,0.26,0,0,1,1
0.170785,0.334679,0.26,0,0,1,1
0.173383,0.336179,0.26,0,0,1,1
0.175981,0.33768,0.26,0,0,1,1
0.178579,0.339179,0.26,0,0,1,1
0.181177,0.340679,0.26,0,0,1,1
0.183775,0.342179,0.26,0,0,1,1
0.186373,0.343679,0.26,0,0,1,1
0.188971,0.345179,0.26,0,0,1,1
0.191569,0.346679,0.26,0,0,1,1
0.194167,0.348179,0.26,0,0,1,1
0.196765,0.349679,0.26,0,0,1,1
0.199363,0.351179,0.26,0,0,1,1
0.201962,0.352679,0.26,0,0,1,1
0.20456,0.354179,0.26,0,0,1,1
0.207158,0.355679,0.26,0,0,1,1
0.209756,0.357179,0.26,0,0,1,1
0.212354,0.358679,0.26,0,0,1,1
0.214952,0.360179,0.26,0,0,1,1
0.21755,0.361679,0.26,0,0,1,1
0.220148,0.363179,0.26,0,0,1,1
0.222746,0.364679,0.26,0,0,1,1
0.225344,0.366179,0.26,0,0,1,1
0.227942,0.367679,0.26,0,0,1,1
0.23054,0.369179,0.26,0,0,1,1
0.233138,0.370679,0.26,0,0,1,1
0.235736,0.372179,0.26,0,0,1,1
0.238335,0.373679,0.26,0,0,1,1
0.240933,0.375179,0.26,0,0,1,1
0.243531,0.376679,0.26,0,0,1,1
0.246129,0.378179,0.26,0,0,1,1
0.248727,0.379679,0.26,0,0,1,1
0.251325,0.381179,0.26,0,0,1,1
0.253923,0.382679,0.26,0,0,1,1
0.256521,0.384179,0.26,0,0,1,1
0.259119,0.385679,0.26,0,0,1,1
0.261717,0.387179,0.26,0,0,1,1
0.264315,0.388679,0.26,0,0,1,1
0.266913,0.390179,0.26,0,0,1,1
0.269511,0.391679,0.26,0,0,1,1
0.27211,0.393179,0.26,0,0,1,1
0.274708,0.394679,0.26,0,0,1,1
0.277306,0.396179,0.26,0,0,1,1
0.279904,0.39768,0.26,0,0,1,1
0.282502,0.399179,0.26,0,0,1,1
0.2851,0.400679,0.26,0,0,1,1
0.287698,0.40218,0.26,0,0,1,1
0.290296,0.40368,0.26,0,0,1,1
0.292894,0.40518,0.26,0,0,1,1
0.295492,0.40668,0.26,0,0,1,1
0.29809,0.40818,0.26,0,0,1,1
0.300688,0.40968,0.26,0,0,1,1
0.303287,0.41118,0.26,0,0,1,1
0.305885,0.41268,0.26,0,0,1,1
0.308483,0.41418,0.26,0,0,1,1
0.311081,0.41568,0.26,0,0,1,1
0.313679,0.41718,0.26,0,0,1,1
0.316277,0.41868,0.26,0,0,1,1
0.318875,0.42018,0.26,0,0,1,1
0.321473,0.42168,0.26,0,0,1,1
0.324071,0.42318,0.26,0,0,1,1
0.1515,0.320081,0.26,0,0,1,1
0.154098,0.321581,0.26,0,0,1,1
0.156696,0.323081,0.26,0,0,1,1
0.159294,0.324581,0.26,0,0,1,1
0.161892,0.326081,0.26,0,0,1,1
0.16449,0.327581,0.26,0,0,1,1
0.167088,0.329081,0.26,0,0,1,1
0.169687,0.330581,0.26,0,0,1,1
0.172285,0.332081,0.26,0,0,1,1
0.174883,0.333581,0.26,0,0,1,1
0.177481,0.335081,0.26,0,0,1,1
0.180079,0.336581,0.26,0,0,1,1
0.182677,0.338081,0.26,0,0,1,1
0.185275,0.339581,0.26,0,0,1,1
0.187873,0.341081,0.26,0,0,1,1
0.190471,0.342581,0.26,0,0,1,1
0.193069,0.344081,0.26,0,0,1,1
0.195667,0.345581,0.26,0,0,1,1
0.198265,0.347081,0.26,0,0,1,1
0.200863,0.348581,0.26,0,0,1,1
0.203462,0.350081,0.26,0,0,1,1
0.20606,0.351581,0.26,0,0,1,1
0.208658,0.353081,0.26,0,0,1,1
0.211256,0.354581,0.26,0,0,1,1
0.213854,0.356081,0.26,0,0,1,1
0.216452,0.357581,0.26,0,0,1,1
0.21905,0.359081,0.26,0,0,1,1
0.221648,0.360581,0.26,0,0,1,1
0.224246,0.362081,0.26,0,0,1,1
0.226844,0.363581,0.26,0,0,1,1
0.229442,0.365081,0.26,0,0,1,1
0.23204,0.366581,0.26,0,0,1,1
0.234638,0.368081,0.26,0,0,1,1
0.237236,0.369581,0.26,0,0,1,1
0.239835,0.371081,0.26,0,0,1,1
0.242433,0.372581,0.26,0,0,1,1
0.245031,0.374081,0.26,0,0,1,1
0.247629,0.375581,0.26,0,0,1,1
0.250227,0.377081,0.26,0,0,1,1
0.252825,0.378581,0.26,0,0,1,1
0.255423,0.380081,0.26,0,0,1,1
0.258021,0.381581,0.26,0,0,1,1
0.260619,0.383081,0.26,0,0,1,1
0.263217,0.384581,0.26,0,0,1,1
0.265815,0.386081,0.26,0,0,1,1
0.268413,0.387581,0.26,0,0,1,1
0.271012,0.389081,0.26,0,0,1,1
0.27361,0.390581,0.26,0,0,1,1
0.276208,0.392081,0.26,0,0,1,1
0.278806,0.393581,0.26,0,0,1,1
0.281404,0.395081,0.26,0,0,1,1
0.284002,0.396581,0.26,0,0,1,1
0.2866,0.398081,0.26,0,0,1,1
0.289198,0.399581,0.26,0,0,1,1
0.291796,0.401081,0.26,0,0,1,1
0.294394,0.402581,0.26,0,0,1,1
0.296992,0.404081,0.26,0,0,1,1
0.29959,0.405581,0.26,0,0,1,1
0.302188,0.407081,0.26,0,0,1,1
0.304787,0.408581,0.26,0,0,1,1
0.307385,0.410081,0.26,0,0,1,1
0.309983,0.411581,0.26,0,0,1,1
0.312581,0.413081,0.26,0,0,1,1
0.315179,0.414581,0.26,0,0,1,1
0.317777,0.416081,0.26,0,0,1,1
0.320375,0.417581,0.26,0,0,1,1
0.322973,0.419082,0.26,0,0,1,1
0.325571,0.420581,0.26,0,0,1,1
0.153,0.317483,0.26,0,0,1,1
0.155598,0.318983,0.26,0,0,1,1
0.158196,0.320483,0.26,0,0,1,1
0.160794,0.321983,0.26,0,0,1,1
0.163392,0.323483,0.26,0,0,1,1
0.16599,0.324983,0.26,0,0,1,1
0.168588,0.326483,0.26,0,0,1,1
0.171187,0.327983,0.26,0,0,1,1
0.173785,0.329483,0.26,0,0,1,1
0.176383,0.330983,0.26,0,0,1,1
0.178981,0.332483,0.26,0,0,1,1
0.181579,0.333983,0.26,0,0,1,1
0.184177,0.335483,0.26,0,0,1,1
0.186775,0.336983,0.26,0,0,1,1
0.189373,0.338483,0.26,0,0,1,1
0.191971,0.339983,0.26,0,0,1,1
0.194569,0.341483,0.26,0,0,1,1
0.197167,0.342983,0.26,0,0,1,1
0.199765,0.344483,0.26,0,0,1,1
0.202363,0.345983,0.26,0,0,1,1
0.204962,0.347483,0.26,0,0,1,1
0.20756,0.348983,0.26,0,0,1,1
0.210158,0.350483,0.26,0,0,1,1
0.212756,0.351983,0.26,0,0,1,1
0.215354,0.353483,0.26,0,0,1,1
0.217952,0.354983,0.26,0,0,1,1
0.22055,0.356483,0.26,0,0,1,1
0.223148,0.357983,0.26,0,0,1,1
0.225746,0.359483,0.26,0,0,1,1
0.228344,0.360983,0.26,0,0,1,1
0.230942,0.362483,0.26,0,0,1,1
0.23354,0.363983,0.26,0,0,1,1
0.236138,0.365483,0.26,0,0,1,1
0.238736,0.366983,0.26,0,0,1,1
0.241335,0.368483,0.26,0,0,1,1
0.243933,0.369983,0.26,0,0,1,1
0.246531,0.371483,0.26,0,0,1,1
0.249129,0.372983,0.26,0,0,1,1
0.251727,0.374483,0.26,0,0,1,1
0.254325,0.375983,0.26,0,0,1,1
0.256923,0.377483,0.26,0,0,1,1
0.259521,0.378983,0.26,0,0,1,1
0.262119,0.380483,0.26,0,0,1,1
0.264717,0.381983,0.26,0,0,1,1
0.267315,0.383483,0.26,0,0,1,1
0.269913,0.384983,0.26,0,0,1,1
0.272512,0.386483,0.26,0,0,1,1
0.27511,0.387983,0.26,0,0,1,1
0.277708,0.389483,0.26,0,0,1,1
0.280306,0.390983,0.26,0,0,1,1
0.282904,0.392483,0.26,0,0,1,1
0.285502,0.393983,0.26,0,0,1,1
0.2881,0.395483,0.26,0,0,1,1
0.290698,0.396983,0.26,0,0,1,1
0.293296,0.398483,0.26,0,0,1,1
0.295894,0.399983,0.26,0,0,1,1
0.298492,0.401483,0.26,0,0,1,1
0.30109,0.402983,0.26,0,0,1,1
0.303688,0.404483,0.26,0,0,1,1
0.306287,0.405983,0.26,0,0,1,1
0.308885,0.407483,0.26,0,0,1,1
0.311483,0.408983,0.26,0,0,1,1
0.314081,0.410483,0.26,0,0,1,1
0.316679,0.411983,0.26,0,0,1,1
0.319277,0.413483,0.26,0,0,1,1
0.321875,0.414983,0.26,0,0,1,1
0.324473,0.416483,0.26,0,0,1,1
0.327071,0.417983,0.26,0,0,1,1
0.1545,0.314885,0.26,0,0,1,1
0.157098,0.316385,0.26,0,0,1,1
0.159696,0.317885,0.26,0,0,1,1
0.162294,0.319385,0.26,0,0,1,1
0.164892,0.320885,0.26,0,0,1,1
0.16749,0.322385,0.26,0,0,1,1
0.170088,0.323885,0.26,0,0,1,1
0.172687,0.325385,0.26,0,0,1,1
0.175285,0.326885,0.26,0,0,1,1
0.177883,0.328385,0.26,0,0,1,1
0.180481,0.329885,0.26,0,0,1,1
0.183079,0.331385,0.26,0,0,1,1
0.185677,0.332885,0.26,0,0,1,1
0.188275,0.334385,0.26,0,0,1,1
0.190873,0.335885,0.26,0,0,1,1
0.193471,0.337385,0.26,0,0,1,1
0.196069,0.338885,0.26,0,0,1,1
0.198667,0.340385,0.26,0,0,1,1
0.201265,0.341885,0.26,0,0,1,1
0.203863,0.343385,0.26,0,0,1,1
0.206462,0.344885,0.26,0,0,1,1
0.20906,0.346385,0.26,0,0,1,1
0.211658,0.347885,0.26,0,0,1,1
0.214256,0.349385,0.26,0,0,1,1
0.216854,0.350885,0.26,0,0,1,1
0.219452,0.352385,0.26,0,0,1,1
0.22205,0.353885,0.26,0,0,1,1
0.224648,0.355385,0.26,0,0,1,1
0.227246,0.356885,0.26,0,0,1,1
0.229844,0.358385,0.26,0,0,1,1
0.232442,0.359885,0.26,0,0,1,1
0.23504,0.361385,0.26,0,0,1,1
0.237638,0.362885,0.26,0,0,1,1
0.240236,0.364385,0.26,0,0,1,1
0.242835,0.365885,0.26,0,0,1,1
0.245433,0.367385,0.26,0,0,1,1
0.248031,0.368885,0.26,0,0,1,1
0.250629,0.370385,0.26,0,0,1,1
0.253227,0.371885,0.26,0,0,1,1
0.255825,0.373385,0.26,0,0,1,1
0.258423,0.374885,0.26,0,0,1,1
0.261021,0.376385,0.26,0,0,1,1
0.263619,0.377885,0.26,0,0,1,1
0.266217,0.379385,0.26,0,0,1,1
0.268815,0.380885,0.26,0,0,1,1
0.271413,0.382385,0.26,0,0,1,1
0.274011,0.383885,0.26,0,0,1,1
0.27661,0.385385,0.26,0,0,1,1
0.279208,0.386885,0.26,0,0,1,1
0.281806,0.388385,0.26,0,0,1,1
0.284404,0.389885,0.26,0,0,1,1
0.287002,0.391385,0.26,0,0,1,1
0.2896,0.392885,0.26,0,0,1,1
0.292198,0.394385,0.26,0,0,1,1
0.294796,0.395885,0.26,0,0,1,1
0.297394,0.397385,0.26,0,0,1,1
0.299992,0.398885,0.26,0,0,1,1
0.30259,0.400385,0.26,0,0,1,1
0.305188,0.401885,0.26,0,0,1,1
0.307787,0.403385,0.26,0,0,1,1
0.310385,0.404885,0.26,0,0,1,1
0.312983,0.406385,0.26,0,0,1,1
0.315581,0.407885,0.26,0,0,1,1
0.318179,0.409385,0.26,0,0,1,1
0.320777,0.410885,0.26,0,0,1,1
0.323375,0.412385,0.26,0,0,1,1
0.325973,0.413885,0.26,0,0,1,1
0.328571,0.415385,0.26,0,0,1,1
0.156,0.312287,0.26,0,0,1,1
0.158598,0.313787,0.26,0,0,1,1
0.161196,0.315287,0.26,0,0,1,1
0.163794,0.316787,0.26,0,0,1,1
0.166392,0.318287,0.26,0,0,1,1
0.16899,0.319787,0.26,0,0,1,1
0.171588,0.321287,0.26,0,0,1,1
0.174187,0.322787,0.26,0,0,1,1
0.176785,0.324287,0.26,0,0,1,1
0.179383,0.325787,0.26,0,0,1,1
0.181981,0.327287,0.26,0,0,1,1
0.184579,0.328787,0.26,0,0,1,1
0.187177,0.330287,0.26,0,0,1,1
0.189775,0.331787,0.26,0,0,1,1
0.192373,0.333287,0.26,0,0,1,1
0.194971,0.334787,0.26,0,0,1,1
0.197569,0.336287,0.26,0,0,1,1
0.200167,0.337787,0.26,0,0,1,1
0.202765,0.339287,0.26,0,0,1,1
0.205363,0.340787,0.26,0,0,1,1
0.207962,0.342287,0.26,0,0,1,1
0.21056,0.343787,0.26,0,0,1,1
0.213158,0.345287,0.26,0,0,1,1
0.215756,0.346787,0.26,0,0,1,1
0.218354,0.348287,0.26,0,0,1,1
0.220952,0.349787,0.26,0,0,1,1
0.22355,0.351287,0.26,0,0,1,1
0.226148,0.352787,0.26,0,0,1,1
0.228746,0.354287,0.26,0,0,1,1
0.231344,0.355787,0.26,0,0,1,1
0.233942,0.357287,0.26,0,0,1,1
0.23654,0.358787,0.26,0,0,1,1
0.239138,0.360287,0.26,0,0,1,1
0.241736,0.361787,0.26,0,0,1,1
0.244335,0.363287,0.26,0,0,1,1
0.246933,0.364787,0.26,0,0,1,1
0.249531,0.366287,0.26,0,0,1,1
0.252129,0.367787,0.26,0,0,1,1
0.254727,0.369287,0.26,0,0,1,1
0.257325,0.370787,0.26,0,0,1,1
0.259923,0.372287,0.26,0,0,1,1
0.262521,0.373787,0.26,0,0,1,1
0.265119,0.375287,0.26,0,0,1,1
0.267717,0.376787,0.26,0,0,1,1
0.270315,0.378287,0.26,0,0,1,1
0.272913,0.379787,0.26,0,0,1,1
0.275512,0.381287,0.26,0,0,1,1
0.27811,0.382787,0.26,0,0,1,1
0.280708,0.384287,0.26,0,0,1,1
0.283306,0.385787,0.26,0,0,1,1
0.285904,0.387287,0.26,0,0,1,1
0.288502,0.388787,0.26,0,0,1,1
0.2911,0.390287,0.26,0,0,1,1
0.293698,0.391787,0.26,0,0,1,1
0.296296,0.393287,0.26,0,0,1,1
0.298894,0.394787,0.26,0,0,1,1
0.301492,0.396287,0.26,0,0,1,1
0.30409,0.397787,0.26,0,0,1,1
0.306688,0.399287,0.26,0,0,1,1
0.309287,0.400787,0.26,0,0,1,1
0.311885,0.402287,0.26,0,0,1,1
0.314483,0.403787,0.26,0,0,1,1
0.317081,0.405287,0.26,0,0,1,1
0.319679,0.406787,0.26,0,0,1,1
0.322277,0.408287,0.26,0,0,1,1
0.324875,0.409787,0.26,0,0,1,1
0.327473,0.411287,0.26,0,0,1,1
0.330071,0.412787,0.26,0,0,1,1
0.1575,0.309689,0.26,0,0,1,1
0.160098,0.311189,0.26,0,0,1,1
0.162696,0.312689,0.26,0,0,1,1
0.165294,0.314189,0.26,0,0,1,1
0.167892,0.315689,0.26,0,0,1,1
0.17049,0.317189,0.26,0,0,1,1
0.173088,0.318689,0.26,0,0,1,1
0.175687,0.320189,0.26,0,0,1,1
0.178285,0.321689,0.26,0,0,1,1
0.180883,0.323189,0.26,0,0,1,1
0.183481,0.324689,0.26,0,0,1,1
0.186079,0.326189,0.26,0,0,1,1
0.188677,0.327689,0.26,0,0,1,1
0.191275,0.329189,0.26,0,0,1,1
0.193873,0.330689,0.26,0,0,1,1
0.196471,0.332189,0.26,0,0,1,1
0.199069,0.333689,0.26,0,0,1,1
0.201667,0.335189,0.26,0,0,1,1
0.204265,0.336689,0.26,0,0,1,1
0.206863,0.338189,0.26,0,0,1,1
0.209462,0.339689,0.26,0,0,1,1
0.21206,0.341189,0.26,0,0,1,1
0.214658,0.342689,0.26,0,0,1,1
0.217256,0.344189,0.26,0,0,1,1
0.219854,0.345689,0.26,0,0,1,1
0.222452,0.347189,0.26,0,0,1,1
0.22505,0.348689,0.26,0,0,1,1
0.227648,0.350189,0.26,0,0,1,1
0.230246,0.351689,0.26,0,0,1,1
0.232844,0.353189,0.26,0,0,1,1
0.235442,0.354689,0.26,0,0,1,1
0.23804,0.356189,0.26,0,0,1,1
0.240638,0.357689,0.26,0,0,1,1
0.243236,0.359189,0.26,0,0,1,1
0.245835,0.360689,0.26,0,0,1,1
0.248433,0.362189,0.26,0,0,1,1
0.251031,0.363689,0.26,0,0,1,1
0.253629,0.365189,0.26,0,0,1,1
0.256227,0.366689,0.26,0,0,1,1
0.258825,0.368189,0.26,0,0,1,1
0.261423,0.369689,0.26,0,0,1,1
0.264021,0.371189,0.26,0,0,1,1
0.266619,0.372689,0.26,0,0,1,1
0.269217,0.374189,0.26,0,0,1,1
0.271815,0.375689,0.26,0,0,1,1
0.274413,0.377189,0.26,0,0,1,1
0.277012,0.378689,0.26,0,0,1,1
0.27961,0.380189,0.26,0,0,1,1
0.282208,0.381689,0.26,0,0,1,1
0.284806,0.383189,0.26,0,0,1,1
0.287404,0.384689,0.26,0,0,1,1
0.290002,0.386189,0.26,0,0,1,1
0.2926,0.387689,0.26,0,0,1,1
0.295198,0.389189,0.26,0,0,1,1
0.297796,0.390689,0.26,0,0,1,1
0.300394,0.392189,0.26,0,0,1,1
0.302992,0.393689,0.26,0,0,1,1
0.30559,0.395189,0.26,0,0,1,1
0.308188,0.396689,0.26,0,0,1,1
0.310787,0.398189,0.26,0,0,1,1
0.313385,0.399689,0.26,0,0,1,1
0.315983,0.401189,0.26,0,0,1,1
0.318581,0.402689,0.26,0,0,1,1
0.321179,0.404189,0.26,0,0,1,1
0.323777,0.405689,0.26,0,0,1,1
0.326375,0.407189,0.26,0,0,1,1
0.328973,0.408689,0.26,0,0,1,1
0.331571,0.410189,0.26,0,0,1,1
0.159,0.307091,0.26,0,0,1,1
0.161598,0.308591,0.26,0,0,1,1
0.164196,0.310091,0.26,0,0,1,1
0.166794,0.311591,0.26,0,0,1,1
0.169392,0.313091,0.26,0,0,1,1
0.17199,0.314591,0.26,0,0,1,1
0.174588,0.316091,0.26,0,0,1,1
0.177187,0.317591,0.26,0,0,1,1
0.179785,0.319091,0.26,0,0,1,1
0.182383,0.320591,0.26,0,0,1,1
0.184981,0.322091,0.26,0,0,1,1
0.187579,0.323591,0.26,0,0,1,1
0.190177,0.325091,0.26,0,0,1,1
0.192775,0.326591,0.26,0,0,1,1
0.195373,0.328091,0.26,0,0,1,1
0.197971,0.329591,0.26,0,0,1,1
0.200569,0.331091,0.26,0,0,1,1
0.203167,0.332591,0.26,0,0,1,1
0.205765,0.334091,0.26,0,0,1,1
0.208363,0.335591,0.26,0,0,1,1
0.210962,0.337091,0.26,0,0,1,1
0.21356,0.338591,0.26,0,0,1,1
0.216158,0.340091,0.26,0,0,1,1
0.218756,0.341591,0.26,0,0,1,1
0.221354,0.343091,0.26,0,0,1,1
0.223952,0.344591,0.26,0,0,1,1
0.22655,0.346091,0.26,0,0,1,1
0.229148,0.347591,0.26,0,0,1,1
0.231746,0.349091,0.26,0,0,1,1
0.234344,0.350591,0.26,0,0,1,1
0.236942,0.352091,0.26,0,0,1,1
0.23954,0.353591,0.26,0,0,1,1
0.242138,0.355091,0.26,0,0,1,1
0.244736,0.356591,0.26,0,0,1,1
0.247335,0.358091,0.26,0,0,1,1
0.249933,0.359591,0.26,0,0,1,1
0.252531,0.361091,0.26,0,0,1,1
0.255129,0.362591,0.26,0,0,1,1
0.257727,0.364091,0.26,0,0,1,1
0.260325,0.365591,0.26,0,0,1,1
0.262923,0.367091,0.26,0,0,1,1
0.265521,0.368591,0.26,0,0,1,1
0.268119,0.370091,0.26,0,0,1,1
0.270717,0.371591,0.26,0,0,1,1
0.273315,0.373091,0.26,0,0,1,1
0.275913,0.374591,0.26,0,0,1,1
0.278511,0.376091,0.26,0,0,1,1
0.28111,0.377591,0.26,0,0,1,1
0.283708,0.379091,0.26,0,0,1,1
0.286306,0.380591,0.26,0,0,1,1
0.288904,0.382091,0.26,0,0,1,1
0.291502,0.383591,0.26,0,0,1,1
0.2941,0.385091,0.26,0,0,1,1
0.296698,0.386591,0.26,0,0,1,1
0.299296,0.388091,0.26,0,0,1,1
0.301894,0.389591,0.26,0,0,1,1
0.304492,0.391091,0.26,0,0,1,1
0.30709,0.392591,0.26,0,0,1,1
0.309688,0.394091,0.26,0,0,1,1
0.312287,0.395591,0.26,0,0,1,1
0.314885,0.397091,0.26,0,0,1,1
0.317483,0.398591,0.26,0,0,1,1
0.320081,0.400091,0.26,0,0,1,1
0.322679,0.401591,0.26,0,0,1,1
0.325277,0.403091,0.26,0,0,1,1
0.327875,0.404591,0.26,0,0,1,1
0.330473,0.406091,0.26,0,0,1,1
0.333071,0.407591,0.26,0,0,1,1
0.1605,0.304493,0.26,0,0,1,1
0.163098,0.305993,0.26,0,0,1,1
0.165696,0.307493,0.26,0,0,1,1
0.168294,0.308993,0.26,0,0,1,1
0.170892,0.310493,0.26,0,0,1,1
0.17349,0.311993,0.26,0,0,1,1
0.176088,0.313493,0.26,0,0,1,1
0.178687,0.314993,0.26,0,0,1,1
0.181285,0.316493,0.26,0,0,1,1
0.183883,0.317993,0.26,0,0,1,1
0.186481,0.319493,0.26,0,0,1,1
0.189079,0.320993,0.26,0,0,1,1
0.191677,0.322493,0.26,0,0,1,1
0.194275,0.323993,0.26,0,0,1,1
0.196873,0.325493,0.26,0,0,1,1
0.199471,0.326993,0.26,0,0,1,1
0.202069,0.328493,0.26,0,0,1,1
0.204667,0.329993,0.26,0,0,1,1
0.207265,0.331493,0.26,0,0,1,1
0.209863,0.332993,0.26,0,0,1,1
0.212462,0.334493,0.26,0,0,1,1
0.21506,0.335993,0.26,0,0,1,1
0.217658,0.337493,0.26,0,0,1,1
0.220256,0.338993,0.26,0,0,1,1
0.222854,0.340493,0.26,0,0,1,1
0.225452,0.341993,0.26,0,0,1,1
0.22805,0.343493,0.26,0,0,1,1
0.230648,0.344993,0.26,0,0,1,1
0.233246,0.346493,0.26,0,0,1,1
0.235844,0.347993,0.26,0,0,1,1
0.238442,0.349493,0.26,0,0,1,1
0.24104,0.350993,0.26,0,0,1,1
0.243638,0.352493,0.26,0,0,1,1
0.246236,0.353993,0.26,0,0,1,1
0.248835,0.355493,0.26,0,0,1,1
0.251433,0.356993,0.26,0,0,1,1
0.254031,0.358493,0.26,0,0,1,1
0.256629,0.359993,0.26,0,0,1,1
0.259227,0.361493,0.26,0,0,1,1
0.261825,0.362993,0.26,0,0,1,1
0.264423,0.364493,0.26,0,0,1,1
0.267021,0.365993,0.26,0,0,1,1
0.269619,0.367493,0.26,0,0,1,1
0.272217,0.368993,0.26,0,0,1,1
0.274815,0.370493,0.26,0,0,1,1
0.277413,0.371993,0.26,0,0,1,1
0.280012,0.373493,0.26,0,0,1,1
0.28261,0.374993,0.26,0,0,1,1
0.285208,0.376493,0.26,0,0,1,1
0.287806,0.377993,0.26,0,0,1,1
0.290404,0.379493,0.26,0,0,1,1
0.293002,0.380993,0.26,0,0,1,1
0.2956,0.382493,0.26,0,0,1,1
0.298198,0.383993,0.26,0,0,1,1
0.300796,0.385493,0.26,0,0,1,1
0.303394,0.386993,0.26,0,0,1,1
0.305992,0.388493,0.26,0,0,1,1
0.30859,0.389993,0.26,0,0,1,1
0.311188,0.391493,0.26,0,0,1,1
0.313787,0.392993,0.26,0,0,1,1
0.316385,0.394493,0.26,0,0,1,1
0.318983,0.395993,0.26,0,0,1,1
0.321581,0.397493,0.26,0,0,1,1
0.324179,0.398993,0.26,0,0,1,1
0.326777,0.400493,0.26,0,0,1,1
0.329375,0.401993,0.26,0,0,1,1
0.331973,0.403493,0.26,0,0,1,1
0.334571,0.404993,0.26,0,0,1,1
0.162,0.301895,0.26,0,0,1,1
0.164598,0.303395,0.26,0,0,1,1
0.167196,0.304895,0.26,0,0,1,1
0.169794,0.306395,0.26,0,0,1,1
0.172392,0.307895,0.26,0,0,1,1
0.17499,0.309395,0.26,0,0,1,1
0.177588,0.310895,0.26,0,0,1,1
0.180187,0.312395,0.26,0,0,1,1
0.182785,0.313895,0.26,0,0,1,1
0.185383,0.315395,0.26,0,0,1,1
0.187981,0.316895,0.26,0,0,1,1
0.190579,0.318395,0.26,0,0,1,1
0.193177,0.319895,0.26,0,0,1,1
0.195775,0.321395,0.26,0,0,1,1
0.198373,0.322895,0.26,0,0,1,1
0.200971,0.324395,0.26,0,0,1,1
0.203569,0.325895,0.26,0,0,1,1
0.206167,0.327395,0.26,0,0,1,1
0.208765,0.328895,0.26,0,0,1,1
0.211363,0.330395,0.26,0,0,1,1
0.213962,0.331895,0.26,0,0,1,1
0.21656,0.333395,0.26,0,0,1,1
0.219158,0.334895,0.26,0,0,1,1
0.221756,0.336395,0.26,0,0,1,1
0.224354,0.337895,0.26,0,0,1,1
0.226952,0.339395,0.26,0,0,1,1
0.22955,0.340895,0.26,0,0,1,1
0.232148,0.342395,0.26,0,0,1,1
0.234746,0.343895,0.26,0,0,1,1
0.237344,0.345395,0.26,0,0,1,1
0.239942,0.346895,0.26,0,0,1,1
0.24254,0.348395,0.26,0,0,1,1
0.245138,0.349895,0.26,0,0,1,1
0.247736,0.351395,0.26,0,0,1,1
0.250335,0.352895,0.26,0,0,1,1
0.252933,0.354395,0.26,0,0,1,1
0.255531,0.355895,0.26,0,0,1,1
0.258129,0.357395,0.26,0,0,1,1
0.260727,0.358895,0.26,0,0,1,1
0.263325,0.360395,0.26,0,0,1,1
0.265923,0.361895,0.26,0,0,1,1
0.268521,0.363395,0.26,0,0,1,1
0.271119,0.364895,0.26,0,0,1,1
0.273717,0.366395,0.26,0,0,1,1
0.276315,0.367895,0.26,0,0,1,1
0.278913,0.369395,0.26,0,0,1,1
0.281511,0.370895,0.26,0,0,1,1
0.28411,0.372395,0.26,0,0,1,1
0.286708,0.373895,0.26,0,0,1,1
0.289306,0.375395,0.26,0,0,1,1
0.291904,0.376895,0.26,0,0,1,1
0.294502,0.378395,0.26,0,0,1,1
0.2971,0.379895,0.26,0,0,1,1
0.299698,0.381395,0.26,0,0,1,1
0.302296,0.382895,0.26,0,0,1,1
0.304894,0.384395,0.26,0,0,1,1
0.307492,0.385895,0.26,0,0,1,1
0.31009,0.387395,0.26,0,0,1,1
0.312688,0.388895,0.26,0,0,1,1
0.315287,0.390395,0.26,0,0,1,1
0.317885,0.391895,0.26,0,0,1,1
0.320483,0.393395,0.26,0,0,1,1
0.323081,0.394895,0.26,0,0,1,1
0.325679,0.396395,0.26,0,0,1,1
0.328277,0.397895,0.26,0,0,1,1
0.330875,0.399395,0.26,0,0,1,1
0.333473,0.400895,0.26,0,0,1,1
0.336071,0.402395,0.26,0,0,1,1
0.1635,0.299297,0.26,0,0,1,1
0.166098,0.300797,0.26,0,0,1,1
0.168696,0.302297,0.26,0,0,1,1
0.171294,0.303797,0.26,0,0,1,1
0.173892,0.305297,0.26,0,0,1,1
0.17649,0.306797,0.26,0,0,1,1
0.179088,0.308297,0.26,0,0,1,1
0.181687,0.309797,0.26,0,0,1,1
0.184285,0.311297,0.26,0,0,1,1
0.186883,0.312797,0.26,0,0,1,1
0.189481,0.314297,0.26,0,0,1,1
0.192079,0.315797,0.26,0,0,1,1
0.194677,0.317297,0.26,0,0,1,1
0.197275,0.318797,0.26,0,0,1,1
0.199873,0.320297,0.26,0,0,1,1
0.202471,0.321797,0.26,0,0,1,1
0.205069,0.323297,0.26,0,0,1,1
0.207667,0.324797,0.26,0,0,1,1
0.210265,0.326297,0.26,0,0,1,1
0.212863,0.327797,0.26,0,0,1,1
0.215462,0.329297,0.26,0,0,1,1
0.21806,0.330797,0.26,0,0,1,1
0.220658,0.332297,0.26,0,0,1,1
0.223256,0.333797,0.26,0,0,1,1
0.225854,0.335297,0.26,0,0,1,1
0.228452,0.336797,0.26,0,0,1,1
0.23105,0.338297,0.26,0,0,1,1
0.233648,0.339797,0.26,0,0,1,1
0.236246,0.341297,0.26,0,0,1,1
0.238844,0.342797,0.26,0,0,1,1
0.241442,0.344297,0.26,0,0,1,1
0.24404,0.345797,0.26,0,0,1,1
0.246638,0.347297,0.26,0,0,1,1
0.249236,0.348797,0.26,0,0,1,1
0.251835,0.350297,0.26,0,0,1,1
0.254433,0.351797,0.26,0,0,1,1
0.257031,0.353297,0.26,0,0,1,1
0.259629,0.354797,0.26,0,0,1,1
0.262227,0.356297,0.26,0,0,1,1
0.264825,0.357797,0.26,0,0,1,1
0.267423,0.359297,0.26,0,0,1,1
0.270021,0.360797,0.26,0,0,1,1
0.272619,0.362297,0.26,0,0,1,1
0.275217,0.363797,0.26,0,0,1,1
0.277815,0.365297,0.26,0,0,1,1
0.280413,0.366797,0.26,0,0,1,1
0.283011,0.368297,0.26,0,0,1,1
0.28561,0.369797,0.26,0,0,1,1
0.288208,0.371297,0.26,0,0,1,1
0.290806,0.372797,0.26,0,0,1,1
0.293404,0.374297,0.26,0,0,1,1
0.296002,0.375797,0.26,0,0,1,1
0.2986,0.377297,0.26,0,0,1,1
0.301198,0.378797,0.26,0,0,1,1
0.303796,0.380297,0.26,0,0,1,1
0.306394,0.381797,0.26,0,0,1,1
0.308992,0.383297,0.26,0,0,1,1
0.31159,0.384797,0.26,0,0,1,1
0.314188,0.386297,0.26,0,0,1,1
0.316787,0.387797,0.26,0,0,1,1
0.319385,0.389297,0.26,0,0,1,1
0.321983,0.390797,0.26,0,0,1,1
0.324581,0.392297,0.26,0,0,1,1
0.327179,0.393797,0.26,0,0,1,1
0.329777,0.395297,0.26,0,0,1,1
0.332375,0.396797,0.26,0,0,1,1
0.334973,0.398297,0.26,0,0,1,1
0.337571,0.399797,0.26,0,0,1,1
0.165,0.296699,0.26,0,0,1,1
0.167598,0.298199,0.26,0,0,1,1
0.170196,0.299699,0.26,0,0,1,1
0.172794,0.301199,0.26,0,0,1,1
0.175392,0.302699,0.26,0,0,1,1
0.17799,0.304199,0.26,0,0,1,1
0.180588,0.305699,0.26,0,0,1,1
0.183187,0.307199,0.26,0,0,1,1
0.185785,0.308699,0.26,0,0,1,1
0.188383,0.310199,0.26,0,0,1,1
0.190981,0.311699,0.26,0,0,1,1
0.193579,0.313199,0.26,0,0,1,1
0.196177,0.314699,0.26,0,0,1,1
0.198775,0.316199,0.26,0,0,1,1
0.201373,0.317699,0.26,0,0,1,1
0.203971,0.319199,0.26,0,0,1,1
0.206569,0.320699,0.26,0,0,1,1
0.209167,0.322199,0.26,0,0,1,1
0.211765,0.323699,0.26,0,0,1,1
0.214363,0.325199,0.26,0,0,1,1
0.216962,0.326699,0.26,0,0,1,1
0.21956,0.328199,0.26,0,0,1,1
0.222158,0.329699,0.26,0,0,1,1
0.224756,0.331199,0.26,0,0,1,1
0.227354,0.332699,0.26,0,0,1,1
0.229952,0.334199,0.26,0,0,1,1
0.23255,0.335699,0.26,0,0,1,1
0.235148,0.337199,0.26,0,0,1,1
0.237746,0.338699,0.26,0,0,1,1
0.240344,0.340199,0.26,0,0,1,1
0.242942,0.341699,0.26,0,0,1,1
0.24554,0.343199,0.26,0,0,1,1
0.248138,0.344699,0.26,0,0,1,1
0.250737,0.346199,0.26,0,0,1,1
0.253335,0.347699,0.26,0,0,1,1
0.255933,0.349199,0.26,0,0,1,1
0.258531,0.350699,0.26,0,0,1,1
0.261129,0.352199,0.26,0,0,1,1
0.263727,0.353699,0.26,0,0,1,1
0.266325,0.355199,0.26,0,0,1,1
0.268923,0.356699,0.26,0,0,1,1
0.271521,0.358199,0.26,0,0,1,1
0.274119,0.359699,0.26,0,0,1,1
0.276717,0.361199,0.26,0,0,1,1
0.279315,0.362699,0.26,0,0,1,1
0.281913,0.364199,0.26,0,0,1,1
0.284512,0.365699,0.26,0,0,1,1
0.28711,0.367199,0.26,0,0,1,1
0.289708,0.368699,0.26,0,0,1,1
0.292306,0.370199,0.26,0,0,1,1
0.294904,0.371699,0.26,0,0,1,1
0.297502,0.373199,0.26,0,0,1,1
0.3001,0.374699,0.26,0,0,1,1
0.302698,0.376199,0.26,0,0,1,1
0.305296,0.377699,0.26,0,0,1,1
0.307894,0.379199,0.26,0,0,1,1
0.310492,0.380699,0.26,0,0,1,1
0.31309,0.382199,0.26,0,0,1,1
0.315688,0.383699,0.26,0,0,1,1
0.318287,0.385199,0.26,0,0,1,1
0.320885,0.386699,0.26,0,0,1,1
0.323483,0.388199,0.26,0,0,1,1
0.326081,0.389699,0.26,0,0,1,1
0.328679,0.391199,0.26,0,0,1,1
0.331277,0.392699,0.26,0,0,1,1
0.333875,0.394199,0.26,0,0,1,1
0.336473,0.395699,0.26,0,0,1,1
0.339071,0.397199,0.26,0,0,1,1
0.1665,0.294101,0.26,0,0,1,1
0.169098,0.295601,0.26,0,0,1,1
0.171696,0.297101,0.26,0,0,1,1
0.174294,0.298601,0.26,0,0,1,1
0.176892,0.300101,0.26,0,0,1,1
0.17949,0.301601,0.26,0,0,1,1
0.182088,0.303101,0.26,0,0,1,1
0.184687,0.304601,0.26,0,0,1,1
0.187285,0.306101,0.26,0,0,1,1
0.189883,0.307601,0.26,0,0,1,1
0.192481,0.309101,0.26,0,0,1,1
0.195079,0.310601,0.26,0,0,1,1
0.197677,0.312101,0.26,0,0,1,1
0.200275,0.313601,0.26,0,0,1,1
0.202873,0.315101,0.26,0,0,1,1
0.205471,0.316601,0.26,0,0,1,1
0.208069,0.318101,0.26,0,0,1,1
0.210667,0.319601,0.26,0,0,1,1
0.213265,0.321101,0.26,0,0,1,1
0.215863,0.322601,0.26,0,0,1,1
0.218462,0.324101,0.26,0,0,1,1
0.22106,0.325601,0.26,0,0,1,1
0.223658,0.327101,0.26,0,0,1,1
0.226256,0.328601,0.26,0,0,1,1
0.228854,0.330101,0.26,0,0,1,1
0.231452,0.331601,0.26,0,0,1,1
0.23405,0.333101,0.26,0,0,1,1
0.236648,0.334601,0.26,0,0,1,1
0.239246,0.336101,0.26,0,0,1,1
0.241844,0.337601,0.26,0,0,1,1
0.244442,0.339101,0.26,0,0,1,1
0.24704,0.340601,0.26,0,0,1,1
0.249638,0.342101,0.26,0,0,1,1
0.252236,0.343601,0.26,0,0,1,1
0.254835,0.345101,0.26,0,0,1,1
0.257433,0.346601,0.26,0,0,1,1
0.260031,0.348101,0.26,0,0,1,1
0.262629,0.349601,0.26,0,0,1,1
0.265227,0.351101,0.26,0,0,1,1
0.267825,0.352601,0.26,0,0,1,1
0.270423,0.354101,0.26,0,0,1,1
0.273021,0.355601,0.26,0,0,1,1
0.275619,0.357101,0.26,0,0,1,1
0.278217,0.358601,0.26,0,0,1,1
0.280815,0.360101,0.26,0,0,1,1
0.283413,0.361601,0.26,0,0,1,1
0.286011,0.363101,0.26,0,0,1,1
0.28861,0.364601,0.26,0,0,1,1
0.291208,0.366101,0.26,0,0,1,1
0.293806,0.367601,0.26,0,0,1,1
0.296404,0.369101,0.26,0,0,1,1
0.299002,0.370601,0.26,0,0,1,1
0.3016,0.372101,0.26,0,0,1,1
0.304198,0.373601,0.26,0,0,1,1
0.306796,0.375101,0.26,0,0,1,1
0.309394,0.376601,0.26,0,0,1,1
0.311992,0.378101,0.26,0,0,1,1
0.31459,0.379601,0.26,0,0,1,1
0.317188,0.381101,0.26,0,0,1,1
0.319787,0.382601,0.26,0,0,1,1
0.322385,0.384101,0.26,0,0,1,1
0.324983,0.385601,0.26,0,0,1,1
0.327581,0.387101,0.26,0,0,1,1
0.330179,0.388601,0.26,0,0,1,1
0.332777,0.390101,0.26,0,0,1,1
0.335375,0.391601,0.26,0,0,1,1
0.337973,0.393101,0.26,0,0,1,1
0.340571,0.394601,0.26,0,0,1,1
0.168,0.291503,0.26,0,0,1,1
0.170598,0.293003,0.26,0,0,1,1
0.173196,0.294503,0.26,0,0,1,1
0.175794,0.296003,0.26,0,0,1,1
0.178392,0.297503,0.26,0,0,1,1
0.18099,0.299003,0.26,0,0,1,1
0.183588,0.300503,0.26,0,0,1,1
0.186187,0.302003,0.26,0,0,1,1
0.188785,0.303503,0.26,0,0,1,1
0.191383,0.305003,0.26,0,0,1,1
0.193981,0.306503,0.26,0,0,1,1
0.196579,0.308003,0.26,0,0,1,1
0.199177,0.309503,0.26,0,0,1,1
0.201775,0.311003,0.26,0,0,1,1
0.204373,0.312503,0.26,0,0,1,1
0.206971,0.314003,0.26,0,0,1,1
0.209569,0.315503,0.26,0,0,1,1
0.212167,0.317003,0.26,0,0,1,1
0.214765,0.318503,0.26,0,0,1,1
0.217363,0.320003,0.26,0,0,1,1
0.219962,0.321503,0.26,0,0,1,1
0.22256,0.323003,0.26,0,0,1,1
0.225158,0.324503,0.26,0,0,1,1
0.227756,0.326003,0.26,0,0,1,1
0.230354,0.327503,0.26,0,0,1,1
0.232952,0.329003,0.26,0,0,1,1
0.23555,0.330503,0.26,0,0,1,1
0.238148,0.332003,0.26,0,0,1,1
0.240746,0.333503,0.26,0,0,1,1
0.243344,0.335003,0.26,0,0,1,1
0.245942,0.336503,0.26,0,0,1,1
0.24854,0.338003,0.26,0,0,1,1
0.251138,0.339503,0.26,0,0,1,1
0.253736,0.341003,0.26,0,0,1,1
0.256335,0.342503,0.26,0,0,1,1
0.258933,0.344003,0.26,0,0,1,1
0.261531,0.345503,0.26,0,0,1,1
0.264129,0.347003,0.26,0,0,1,1
0.266727,0.348503,0.26,0,0,1,1
0.269325,0.350003,0.26,0,0,1,1
0.271923,0.351503,0.26,0,0,1,1
0.274521,0.353003,0.26,0,0,1,1
0.277119,0.354503,0.26,0,0,1,1
0.279717,0.356003,0.26,0,0,1,1
0.282315,0.357503,0.26,0,0,1,1
0.284913,0.359003,0.26,0,0,1,1
0.287511,0.360503,0.26,0,0,1,1
0.29011,0.362003,0.26,0,0,1,1
0.292708,0.363503,0.26,0,0,1,1
0.295306,0.365003,0.26,0,0,1,1
0.297904,0.366503,0.26,0,0,1,1
0.300502,0.368003,0.26,0,0,1,1
0.3031,0.369503,0.26,0,0,1,1
0.305698,0.371003,0.26,0,0,1,1
0.308296,0.372503,0.26,0,0,1,1
0.310894,0.374003,0.26,0,0,1,1
0.313492,0.375503,0.26,0,0,1,1
0.31609,0.377003,0.26,0,0,1,1
0.318688,0.378503,0.26,0,0,1,1
0.321287,0.380003,0.26,0,0,1,1
0.323885,0.381503,0.26,0,0,1,1
0.326483,0.383003,0.26,0,0,1,1
0.329081,0.384503,0.26,0,0,1,1
0.331679,0.386003,0.26,0,0,1,1
0.334277,0.387503,0.26,0,0,1,1
0.336875,0.389003,0.26,0,0,1,1
0.339473,0.390503,0.26,0,0,1,1
0.342071,0.392003,0.26,0,0,1,1
0.1695,0.288905,0.26,0,0,1,1
0.172098,0.290405,0.26,0,0,1,1
0.174696,0.291905,0.26,0,0,1,1
0.177294,0.293405,0.26,0,0,1,1
0.179892,0.294905,0.26,0,0,1,1
0.18249,0.296405,0.26,0,0,1,1
0.185088,0.297905,0.26,0,0,1,1
0.187687,0.299405,0.26,0,0,1,1
0.190285,0.300905,0.26,0,0,1,1
0.192883,0.302405,0.26,0,0,1,1
0.195481,0.303905,0.26,0,0,1,1
0.198079,0.305405,0.26,0,0,1,1
0.200677,0.306905,0.26,0,0,1,1
0.203275,0.308405,0.26,0,0,1,1
0.205873,0.309905,0.26,0,0,1,1
0.208471,0.311405,0.26,0,0,1,1
0.211069,0.312905,0.26,0,0,1,1
0.213667,0.314405,0.26,0,0,1,1
0.216265,0.315905,0.26,0,0,1,1
0.218863,0.317405,0.26,0,0,1,1
0.221462,0.318905,0.26,0,0,1,1
0.22406,0.320404,0.26,0,0,1,1
0.226658,0.321905,0.26,0,0,1,1
0.229256,0.323405,0.26,0,0,1,1
0.231854,0.324905,0.26,0,0,1,1
0.234452,0.326405,0.26,0,0,1,1
0.23705,0.327905,0.26,0,0,1,1
0.239648,0.329405,0.26,0,0,1,1
0.242246,0.330905,0.26,0,0,1,1
0.244844,0.332404,0.26,0,0,1,1
0.247442,0.333905,0.26,0,0,1,1
0.25004,0.335405,0.26,0,0,1,1
0.252638,0.336904,0.26,0,0,1,1
0.255237,0.338405,0.26,0,0,1,1
0.257835,0.339905,0.26,0,0,1,1
0.260433,0.341404,0.26,0,0,1,1
0.263031,0.342905,0.26,0,0,1,1
0.265629,0.344404,0.26,0,0,1,1
0.268227,0.345904,0.26,0,0,1,1
0.270825,0.347405,0.26,0,0,1,1
0.273423,0.348904,0.26,0,0,1,1
0.276021,0.350405,0.26,0,0,1,1
0.278619,0.351905,0.26,0,0,1,1
0.281217,0.353404,0.26,0,0,1,1
0.283815,0.354905,0.26,0,0,1,1
0.286413,0.356405,0.26,0,0,1,1
0.289012,0.357905,0.26,0,0,1,1
0.29161,0.359405,0.26,0,0,1,1
0.294208,0.360905,0.26,0,0,1,1
0.296806,0.362405,0.26,0,0,1,1
0.299404,0.363905,0.26,0,0,1,1
0.302002,0.365405,0.26,0,0,1,1
0.3046,0.366905,0.26,0,0,1,1
0.307198,0.368405,0.26,0,0,1,1
0.309796,0.369905,0.26,0,0,1,1
0.312394,0.371405,0.26,0,0,1,1
0.314992,0.372905,0.26,0,0,1,1
0.31759,0.374405,0.26,0,0,1,1
0.320188,0.375905,0.26,0,0,1,1
0.322787,0.377405,0.26,0,0,1,1
0.325385,0.378905,0.26,0,0,1,1
0.327983,0.380405,0.26,0,0,1,1
0.330581,0.381905,0.26,0,0,1,1
0.333179,0.383405,0.26,0,0,1,1
0.335777,0.384905,0.26,0,0,1,1
0.338375,0.386405,0.26,0,0,1,1
0.340973,0.387905,0.26,0,0,1,1
0.343571,0.389405,0.26,0,0,1,1
0.171,0.286306,0.26,0,0,1,1
0.173598,0.287806,0.26,0,0,1,1
0.176196,0.289306,0.26,0,0,1,1
0.178794,0.290806,0.26,0,0,1,1
0.181392,0.292306,0.26,0,0,1,1
0.18399,0.293806,0.26,0,0,1,1
0.186588,0.295306,0.26,0,0,1,1
0.189187,0.296806,0.26,0,0,1,1
0.191785,0.298306,0.26,0,0,1,1
0.194383,0.299806,0.26,0,0,1,1
0.196981,0.301306,0.26,0,0,1,1
0.199579,0.302806,0.26,0,0,1,1
0.202177,0.304306,0.26,0,0,1,1
0.204775,0.305806,0.26,0,0,1,1
0.207373,0.307306,0.26,0,0,1,1
0.209971,0.308806,0.26,0,0,1,1
0.212569,0.310306,0.26,0,0,1,1
0.215167,0.311806,0.26,0,0,1,1
0.217765,0.313306,0.26,0,0,1,1
0.220363,0.314806,0.26,0,0,1,1
0.222962,0.316306,0.26,0,0,1,1
0.22556,0.317806,0.26,0,0,1,1
0.228158,0.319306,0.26,0,0,1,1
0.230756,0.320806,0.26,0,0,1,1
0.233354,0.322306,0.26,0,0,1,1
0.235952,0.323806,0.26,0,0,1,1
0.23855,0.325306,0.26,0,0,1,1
0.241148,0.326806,0.26,0,0,1,1
0.243746,0.328306,0.26,0,0,1,1
0.246344,0.329806,0.26,0,0,1,1
0.248942,0.331306,0.26,0,0,1,1
0.25154,0.332806,0.26,0,0,1,1
0.254138,0.334306,0.26,0,0,1,1
0.256736,0.335806,0.26,0,0,1,1
0.259335,0.337306,0.26,0,0,1,1
0.261933,0.338806,0.26,0,0,1,1
0.264531,0.340306,0.26,0,0,1,1
0.267129,0.341806,0.26,0,0,1,1
0.269727,0.343306,0.26,0,0,1,1
0.272325,0.344806,0.26,0,0,1,1
0.274923,0.346306,0.26,0,0,1,1
0.277521,0.347806,0.26,0,0,1,1
0.280119,0.349306,0.26,0,0,1,1
0.282717,0.350806,0.26,0,0,1,1
0.285315,0.352306,0.26,0,0,1,1
0.287913,0.353806,0.26,0,0,1,1
0.290511,0.355306,0.26,0,0,1,1
0.29311,0.356806,0.26,0,0,1,1
0.295708,0.358306,0.26,0,0,1,1
0.298306,0.359806,0.26,0,0,1,1
0.300904,0.361306,0.26,0,0,1,1
0.303502,0.362806,0.26,0,0,1,1
0.3061,0.364306,0.26,0,0,1,1
0.308698,0.365806,0.26,0,0,1,1
0.311296,0.367306,0.26,0,0,1,1
0.313894,0.368806,0.26,0,0,1,1
0.316492,0.370306,0.26,0,0,1,1
0.31909,0.371806,0.26,0,0,1,1
0.321688,0.373306,0.26,0,0,1,1
0.324287,0.374806,0.26,0,0,1,1
0.326885,0.376306,0.26,0,0,1,1
0.329483,0.377806,0.26,0,0,1,1
0.332081,0.379306,0.26,0,0,1,1
0.334679,0.380806,0.26,0,0,1,1
0.337277,0.382306,0.26,0,0,1,1
0.339875,0.383806,0.26,0,0,1,1
0.342473,0.385307,0.26,0,0,1,1
0.345071,0.386806,0.26,0,0,1,1
0.1725,0.283708,0.26,0,0,1,1
0.175098,0.285208,0.26,0,0,1,1
0.177696,0.286708,0.26,0,0,1,1
0.180294,0.288208,0.26,0,0,1,1
0.182892,0.289708,0.26,0,0,1,1
0.18549,0.291208,0.26,0,0,1,1
0.188088,0.292708,0.26,0,0,1,1
0.190687,0.294208,0.26,0,0,1,1
0.193285,0.295708,0.26,0,0,1,1
0.195883,0.297208,0.26,0,0,1,1
0.198481,0.298708,0.26,0,0,1,1
0.201079,0.300208,0.26,0,0,1,1
0.203677,0.301708,0.26,0,0,1,1
0.206275,0.303208,0.26,0,0,1,1
0.208873,0.304708,0.26,0,0,1,1
0.211471,0.306208,0.26,0,0,1,1
0.214069,0.307708,0.26,0,0,1,1
0.216667,0.309208,0.26,0,0,1,1
0.219265,0.310708,0.26,0,0,1,1
0.221863,0.312208,0.26,0,0,1,1
0.224462,0.313708,0.26,0,0,1,1
0.22706,0.315208,0.26,0,0,1,1
0.229658,0.316708,0.26,0,0,1,1
0.232256,0.318208,0.26,0,0,1,1
0.234854,0.319708,0.26,0,0,1,1
0.237452,0.321208,0.26,0,0,1,1
0.24005,0.322708,0.26,0,0,1,1
0.242648,0.324208,0.26,0,0,1,1
0.245246,0.325708,0.26,0,0,1,1
0.247844,0.327208,0.26,0,0,1,1
0.250442,0.328708,0.26,0,0,1,1
0.25304,0.330208,0.26,0,0,1,1
0.255638,0.331708,0.26,0,0,1,1
0.258236,0.333208,0.26,0,0,1,1
0.260835,0.334708,0.26,0,0,1,1
0.263433,0.336208,0.26,0,0,1,1
0.266031,0.337708,0.26,0,0,1,1
0.268629,0.339208,0.26,0,0,1,1
0.271227,0.340708,0.26,0,0,1,1
0.273825,0.342208,0.26,0,0,1,1
0.276423,0.343708,0.26,0,0,1,1
0.279021,0.345208,0.26,0,0,1,1
0.281619,0.346708,0.26,0,0,1,1
0.284217,0.348208,0.26,0,0,1,1
0.286815,0.349708,0.26,0,0,1,1
0.289413,0.351208,0.26,0,0,1,1
0.292011,0.352708,0.26,0,0,1,1
0.29461,0.354208,0.26,0,0,1,1
0.297208,0.355708,0.26,0,0,1,1
0.299806,0.357208,0.26,0,0,1,1
0.302404,0.358708,0.26,0,0,1,1
0.305002,0.360208,0.26,0,0,1,1
0.3076,0.361708,0.26,0,0,1,1
0.310198,0.363208,0.26,0,0,1,1
0.312796,0.364708,0.26,0,0,1,1
0.315394,0.366208,0.26,0,0,1,1
0.317992,0.367708,0.26,0,0,1,1
0.32059,0.369208,0.26,0,0,1,1
0.323188,0.370708,0.26,0,0,1,1
0.325787,0.372208,0.26,0,0,1,1
0.328385,0.373708,0.26,0,0,1,1
0.330983,0.375208,0.26,0,0,1,1
0.333581,0.376708,0.26,0,0,1,1
0.336179,0.378208,0.26,0,0,1,1
0.338777,0.379708,0.26,0,0,1,1
0.341375,0.381208,0.26,0,0,1,1
0.343973,0.382708,0.26,0,0,1,1
0.346571,0.384208,0.26,0,0,1,1
0.174,0.28111,0.26,0,0,1,1
0.176598,0.28261,0.26,0,0,1,1
0.179196,0.28411,0.26,0,0,1,1
0.181794,0.28561,0.26,0,0,1,1
0.184392,0.28711,0.26,0,0,1,1
0.18699,0.28861,0.26,0,0,1,1
0.189588,0.29011,0.26,0,0,1,1
0.192187,0.29161,0.26,0,0,1,1
0.194785,0.29311,0.26,0,0,1,1
0.197383,0.29461,0.26,0,0,1,1
0.199981,0.29611,0.26,0,0,1,1
0.202579,0.29761,0.26,0,0,1,1
0.205177,0.29911,0.26,0,0,1,1
0.207775,0.30061,0.26,0,0,1,1
0.210373,0.30211,0.26,0,0,1,1
0.212971,0.30361,0.26,0,0,1,1
0.215569,0.30511,0.26,0,0,1,1
0.218167,0.30661,0.26,0,0,1,1
0.220765,0.30811,0.26,0,0,1,1
0.223363,0.30961,0.26,0,0,1,1
0.225962,0.31111,0.26,0,0,1,1
0.22856,0.31261,0.26,0,0,1,1
0.231158,0.31411,0.26,0,0,1,1
0.233756,0.31561,0.26,0,0,1,1
0.236354,0.31711,0.26,0,0,1,1
0.238952,0.31861,0.26,0,0,1,1
0.24155,0.32011,0.26,0,0,1,1
0.244148,0.32161,0.26,0,0,1,1
0.246746,0.32311,0.26,0,0,1,1
0.249344,0.32461,0.26,0,0,1,1
0.251942,0.32611,0.26,0,0,1,1
0.25454,0.32761,0.26,0,0,1,1
0.257138,0.32911,0.26,0,0,1,1
0.259736,0.33061,0.26,0,0,1,1
0.262335,0.33211,0.26,0,0,1,1
0.264933,0.33361,0.26,0,0,1,1
0.267531,0.33511,0.26,0,0,1,1
0.270129,0.33661,0.26,0,0,1,1
0.272727,0.33811,0.26,0,0,1,1
0.275325,0.33961,0.26,0,0,1,1
0.277923,0.34111,0.26,0,0,1,1
0.280521,0.34261,0.26,0,0,1,1
0.283119,0.34411,0.26,0,0,1,1
0.285717,0.34561,0.26,0,0,1,1
0.288315,0.34711,0.26,0,0,1,1
0.290913,0.34861,0.26,0,0,1,1
0.293511,0.35011,0.26,0,0,1,1
0.29611,0.35161,0.26,0,0,1,1
0.298708,0.35311,0.26,0,0,1,1
0.301306,0.35461,0.26,0,0,1,1
0.303904,0.35611,0.26,0,0,1,1
0.306502,0.35761,0.26,0,0,1,1
0.3091,0.35911,0.26,0,0,1,1
0.311698,0.36061,0.26,0,0,1,1
0.314296,0.36211,0.26,0,0,1,1
0.316894,0.36361,0.26,0,0,1,1
0.319492,0.36511,0.26,0,0,1,1
0.32209,0.36661,0.26,0,0,1,1
0.324688,0.36811,0.26,0,0,1,1
0.327287,0.36961,0.26,0,0,1,1
0.329885,0.37111,0.26,0,0,1,1
0.332483,0.37261,0.26,0,0,1,1
0.335081,0.37411,0.26,0,0,1,1
0.337679,0.37561,0.26,0,0,1,1
0.340277,0.37711,0.26,0,0,1,1
0.342875,0.37861,0.26,0,0,1,1
0.345473,0.38011,0.26,0,0,1,1
0.348071,0.38161,0.26,0,0,1,1
0.1755,0.278512,0.26,0,0,1,1
0.178098,0.280012,0.26,0,0,1,1
0.180696,0.281512,0.26,0,0,1,1
0.183294,0.283012,0.26,0,0,1,1
0.185892,0.284512,0.26,0,0,1,1
0.18849,0.286012,0.26,0,0,1,1
0.191088,0.287512,0.26,0,0,1,1
0.193687,0.289012,0.26,0,0,1,1
0.196285,0.290512,0.26,0,0,1,1
0.198883,0.292012,0.26,0,0,1,1
0.201481,0.293512,0.26,0,0,1,1
0.204079,0.295012,0.26,0,0,1,1
0.206677,0.296512,0.26,0,0,1,1
0.209275,0.298012,0.26,0,0,1,1
0.211873,0.299512,0.26,0,0,1,1
0.214471,0.301012,0.26,0,0,1,1
0.217069,0.302512,0.26,0,0,1,1
0.219667,0.304012,0.26,0,0,1,1
0.222265,0.305512,0.26,0,0,1,1
0.224863,0.307012,0.26,0,0,1,1
0.227462,0.308512,0.26,0,0,1,1
0.23006,0.310012,0.26,0,0,1,1
0.232658,0.311512,0.26,0,0,1,1
0.235256,0.313012,0.26,0,0,1,1
0.237854,0.314512,0.26,0,0,1,1
0.240452,0.316012,0.26,0,0,1,1
0.24305,0.317512,0.26,0,0,1,1
0.245648,0.319012,0.26,0,0,1,1
0.248246,0.320512,0.26,0,0,1,1
0.250844,0.322012,0.26,0,0,1,1
0.253442,0.323512,0.26,0,0,1,1
0.25604,0.325012,0.26,0,0,1,1
0.258638,0.326512,0.26,0,0,1,1
0.261236,0.328012,0.26,0,0,1,1
0.263835,0.329512,0.26,0,0,1,1
0.266433,0.331012,0.26,0,0,1,1
0.269031,0.332512,0.26,0,0,1,1
0.271629,0.334012,0.26,0,0,1,1
0.274227,0.335512,0.26,0,0,1,1
0.276825,0.337012,0.26,0,0,1,1
0.279423,0.338512,0.26,0,0,1,1
0.282021,0.340012,0.26,0,0,1,1
0.284619,0.341512,0.26,0,0,1,1
0.287217,0.343012,0.26,0,0,1,1
0.289815,0.344512,0.26,0,0,1,1
0.292413,0.346012,0.26,0,0,1,1
0.295011,0.347512,0.26,0,0,1,1
0.29761,0.349012,0.26,0,0,1,1
0.300208,0.350512,0.26,0,0,1,1
0.302806,0.352012,0.26,0,0,1,1
0.305404,0.353512,0.26,0,0,1,1
0.308002,0.355012,0.26,0,0,1,1
0.3106,0.356512,0.26,0,0,1,1
0.313198,0.358012,0.26,0,0,1,1
0.315796,0.359512,0.26,0,0,1,1
0.318394,0.361012,0.26,0,0,1,1
0.320992,0.362512,0.26,0,0,1,1
0.32359,0.364012,0.26,0,0,1,1
0.326188,0.365512,0.26,0,0,1,1
0.328787,0.367012,0.26,0,0,1,1
0.331385,0.368512,0.26,0,0,1,1
0.333983,0.370012,0.26,0,0,1,1
0.336581,0.371512,0.26,0,0,1,1
0.339179,0.373012,0.26,0,0,1,1
0.341777,0.374512,0.26,0,0,1,1
0.344375,0.376012,0.26,0,0,1,1
0.346973,0.377512,0.26,0,0,1,1
0.349571,0.379012,0.26,0,0,1,1
0.105,0.400622,0.44,0,0,1,1
0.107598,0.402122,0.44,0,0,1,1
0.110196,0.403622,0.44,0,0,1,1
0.112794,0.405122,0.44,0,0,1,1
0.115392,0.406622,0.44,0,0,1,1
0.11799,0.408122,0.44,0,0,1,1
0.120588,0.409622,0.44,0,0,1,1
0.123187,0.411122,0.44,0,0,1,1
0.125785,0.412622,0.44,0,0,1,1
0.128383,0.414122,0.44,0,0,1,1
0.130981,0.415622,0.44,0,0,1,1
0.133579,0.417122,0.44,0,0,1,1
0.136177,0.418622,0.44,0,0,1,1
0.138775,0.420122,0.44,0,0,1,1
0.141373,0.421622,0.44,0,0,1,1
0.143971,0.423122,0.44,0,0,1,1
0.146569,0.424622,0.44,0,0,1,1
0.149167,0.426122,0.44,0,0,1,1
0.151765,0.427622,0.44,0,0,1,1
0.154363,0.429122,0.44,0,0,1,1
0.156962,0.430622,0.44,0,0,1,1
0.15956,0.432122,0.44,0,0,1,1
0.162158,0.433622,0.44,0,0,1,1
0.164756,0.435122,0.44,0,0,1,1
0.167354,0.436622,0.44,0,0,1,1
0.169952,0.438122,0.44,0,0,1,1
0.17255,0.439622,0.44,0,0,1,1
0.175148,0.441122,0.44,0,0,1,1
0.177746,0.442622,0.44,0,0,1,1
0.180344,0.444122,0.44,0,0,1,1
0.182942,0.445622,0.44,0,0,1,1
0.18554,0.447122,0.44,0,0,1,1
0.188138,0.448622,0.44,0,0,1,1
0.190737,0.450122,0.44,0,0,1,1
0.193335,0.451622,0.44,0,0,1,1
0.195933,0.453122,0.44,0,0,1,1
0.198531,0.454622,0.44,0,0,1,1
0.201129,0.456122,0.44,0,0,1,1
0.203727,0.457622,0.44,0,0,1,1
0.206325,0.459122,0.44,0,0,1,1
0.208923,0.460622,0.44,0,0,1,1
0.211521,0.462122,0.44,0,0,1,1
0.214119,0.463622,0.44,0,0,1,1
0.216717,0.465122,0.44,0,0,1,1
0.219315,0.466622,0.44,0,0,1,1
0.221913,0.468122,0.44,0,0,1,1
0.224512,0.469622,0.44,0,0,1,1
0.22711,0.471122,0.44,0,0,1,1
0.229708,0.472622,0.44,0,0,1,1
0.232306,0.474122,0.44,0,0,1,1
0.234904,0.475622,0.44,0,0,1,1
0.237502,0.477122,0.44,0,0,1,1
0.2401,0.478622,0.44,0,0,1,1
0.242698,0.480122,0.44,0,0,1,1
0.245296,0.481622,0.44,0,0,1,1
0.247894,0.483122,0.44,0,0,1,1
0.250492,0.484622,0.44,0,0,1,1
0.25309,0.486122,0.44,0,0,1,1
0.255688,0.487622,0.44,0,0,1,1
0.258287,0.489122,0.44,0,0,1,1
0.260885,0.490622,0.44,0,0,1,1
0.263483,0.492122,0.44,0,0,1,1
0.266081,0.493622,0.44,0,0,1,1
0.268679,0.495122,0.44,0,0,1,1
0.271277,0.496622,0.44,0,0,1,1
0.273875,0.498122,0.44,0,0,1,1
0.276473,0.499622,0.44,0,0,1,1
0.279071,0.501122,0.44,0,0,1,1
0.1065,0.398024,0.44,0,0,1,1
0.109098,0.399524,0.44,0,0,1,1
0.111696,0.401024,0.44,0,0,1,1
0.114294,0.402524,0.44,0,0,1,1
0.116892,0.404024,0.44,0,0,1,1
0.11949,0.405524,0.44,0,0,1,1
0.122088,0.407024,0.44,0,0,1,1
0.124687,0.408524,0.44,0,0,1,1
0.127285,0.410024,0.44,0,0,1,1
0.129883,0.411524,0.44,0,0,1,1
0.132481,0.413024,0.44,0,0,1,1
0.135079,0.414524,0.44,0,0,1,1
0.137677,0.416024,0.44,0,0,1,1
0.140275,0.417524,0.44,0,0,1,1
0.142873,0.419024,0.44,0,0,1,1
0.145471,0.420524,0.44,0,0,1,1
0.148069,0.422024,0.44,0,0,1,1
0.150667,0.423524,0.44,0,0,1,1
0.153265,0.425024,0.44,0,0,1,1
0.155863,0.426524,0.44,0,0,1,1
0.158462,0.428024,0.44,0,0,1,1
0.16106,0.429524,0.44,0,0,1,1
0.163658,0.431024,0.44,0,0,1,1
0.166256,0.432524,0.44,0,0,1,1
0.168854,0.434024,0.44,0,0,1,1
0.171452,0.435524,0.44,0,0,1,1
0.17405,0.437024,0.44,0,0,1,1
0.176648,0.438524,0.44,0,0,1,1
0.179246,0.440024,0.44,0,0,1,1
0.181844,0.441524,0.44,0,0,1,1
0.184442,0.443024,0.44,0,0,1,1
0.18704,0.444524,0.44,0,0,1,1
0.189638,0.446024,0.44,0,0,1,1
0.192236,0.447524,0.44,0,0,1,1
0.194835,0.449024,0.44,0,0,1,1
0.197433,0.450524,0.44,0,0,1,1
0.200031,0.452024,0.44,0,0,1,1
0.202629,0.453524,0.44,0,0,1,1
0.205227,0.455024,0.44,0,0,1,1
0.207825,0.456524,0.44,0,0,1,1
0.210423,0.458024,0.44,0,0,1,1
0.213021,0.459524,0.44,0,0,1,1
0.215619,0.461024,0.44,0,0,1,1
0.218217,0.462524,0.44,0,0,1,1
0.220815,0.464024,0.44,0,0,1,1
0.223413,0.465524,0.44,0,0,1,1
0.226012,0.467024,0.44,0,0,1,1
0.22861,0.468524,0.44,0,0,1,1
0.231208,0.470024,0.44,0,0,1,1
0.233806,0.471524,0.44,0,0,1,1
0.236404,0.473024,0.44,0,0,1,1
0.239002,0.474524,0.44,0,0,1,1
0.2416,0.476024,0.44,0,0,1,1
0.244198,0.477524,0.44,0,0,1,1
0.246796,0.479024,0.44,0,0,1,1
0.249394,0.480524,0.44,0,0,1,1
0.251992,0.482024,0.44,0,0,1,1
0.25459,0.483524,0.44,0,0,1,1
0.257188,0.485024,0.44,0,0,1,1
0.259787,0.486524,0.44,0,0,1,1
0.262385,0.488024,0.44,0,0,1,1
0.264983,0.489524,0.44,0,0,1,1
0.267581,0.491024,0.44,0,0,1,1
0.270179,0.492524,0.44,0,0,1,1
0.272777,0.494024,0.44,0,0,1,1
0.275375,0.495524,0.44,0,0,1,1
0.277973,0.497024,0.44,0,0,1,1
0.280571,0.498524,0.44,0,0,1,1
0.108,0.395426,0.44,0,0,1,1
0.110598,0.396926,0.44,0,0,1,1
0.113196,0.398426,0.44,0,0,1,1
0.115794,0.399926,0.44,0,0,1,1
0.118392,0.401426,0.44,0,0,1,1
0.12099,0.402926,0.44,0,0,1,1
0.123588,0.404426,0.44,0,0,1,1
0.126187,0.405926,0.44,0,0,1,1
0.128785,0.407426,0.44,0,0,1,1
0.131383,0.408926,0.44,0,0,1,1
0.133981,0.410426,0.44,0,0,1,1
0.136579,0.411926,0.44,0,0,1,1
0.139177,0.413426,0.44,0,0,1,1
0.141775,0.414926,0.44,0,0,1,1
0.144373,0.416426,0.44,0,0,1,1
0.146971,0.417926,0.44,0,0,1,1
0.149569,0.419426,0.44,0,0,1,1
0.152167,0.420926,0.44,0,0,1,1
0.154765,0.422426,0.44,0,0,1,1
0.157363,0.423926,0.44,0,0,1,1
0.159962,0.425426,0.44,0,0,1,1
0.16256,0.426926,0.44,0,0,1,1
0.165158,0.428426,0.44,0,0,1,1
0.167756,0.429926,0.44,0,0,1,1
0.170354,0.431426,0.44,0,0,1,1
0.172952,0.432926,0.44,0,0,1,1
0.17555,0.434426,0.44,0,0,1,1
0.178148,0.435926,0.44,0,0,1,1
0.180746,0.437426,0.44,0,0,1,1
0.183344,0.438926,0.44,0,0,1,1
0.185942,0.440426,0.44,0,0,1,1
0.18854,0.441926,0.44,0,0,1,1
0.191138,0.443426,0.44,0,0,1,1
0.193737,0.444926,0.44,0,0,1,1
0.196335,0.446426,0.44,0,0,1,1
0.198933,0.447926,0.44,0,0,1,1
0.201531,0.449426,0.44,0,0,1,1
0.204129,0.450926,0.44,0,0,1,1
0.206727,0.452426,0.44,0,0,1,1
0.209325,0.453926,0.44,0,0,1,1
0.211923,0.455426,0.44,0,0,1,1
0.214521,0.456926,0.44,0,0,1,1
0.217119,0.458426,0.44,0,0,1,1
0.219717,0.459926,0.44,0,0,1,1
0.222315,0.461426,0.44,0,0,1,1
0.224913,0.462926,0.44,0,0,1,1
0.227512,0.464426,0.44,0,0,1,1
0.23011,0.465926,0.44,0,0,1,1
0.232708,0.467426,0.44,0,0,1,1
0.235306,0.468926,0.44,0,0,1,1
0.237904,0.470426,0.44,0,0,1,1
0.240502,0.471926,0.44,0,0,1,1
0.2431,0.473426,0.44,0,0,1,1
0.245698,0.474926,0.44,0,0,1,1
0.248296,0.476426,0.44,0,0,1,1
0.250894,0.477926,0.44,0,0,1,1
0.253492,0.479426,0.44,0,0,1,1
0.25609,0.480926,0.44,0,0,1,1
0.258688,0.482426,0.44,0,0,1,1
0.261287,0.483926,0.44,0,0,1,1
0.263885,0.485426,0.44,0,0,1,1
0.266483,0.486926,0.44,0,0,1,1
0.269081,0.488426,0.44,0,0,1,1
0.271679,0.489926,0.44,0,0,1,1
0.274277,0.491426,0.44,0,0,1,1
0.276875,0.492926,0.44,0,0,1,1
0.279473,0.494426,0.44,0,0,1,1
0.282071,0.495926,0.44,0,0,1,1
0.1095,0.392828,0.44,0,0,1,1
0.112098,0.394328,0.44,0,0,1,1
0.114696,0.395828,0.44,0,0,1,1
0.117294,0.397328,0.44,0,0,1,1
0.119892,0.398828,0.44,0,0,1,1
0.12249,0.400328,0.44,0,0,1,1
0.125088,0.401828,0.44,0,0,1,1
0.127687,0.403328,0.44,0,0,1,1
0.130285,0.404828,0.44,0,0,1,1
0.132883,0.406328,0.44,0,0,1,1
0.135481,0.407828,0.44,0,0,1,1
0.138079,0.409328,0.44,0,0,1,1
0.140677,0.410828,0.44,0,0,1,1
0.143275,0.412328,0.44,0,0,1,1
0.145873,0.413828,0.44,0,0,1,1
0.148471,0.415328,0.44,0,0,1,1
0.151069,0.416828,0.44,0,0,1,1
0.153667,0.418328,0.44,0,0,1,1
0.156265,0.419828,0.44,0,0,1,1
0.158863,0.421328,0.44,0,0,1,1
0.161462,0.422828,0.44,0,0,1,1
0.16406,0.424328,0.44,0,0,1,1
0.166658,0.425828,0.44,0,0,1,1
0.169256,0.427328,0.44,0,0,1,1
0.171854,0.428828,0.44,0,0,1,1
0.174452,0.430328,0.44,0,0,1,1
0.17705,0.431828,0.44,0,0,1,1
0.179648,0.433328,0.44,0,0,1,1
0.182246,0.434828,0.44,0,0,1,1
0.184844,0.436328,0.44,0,0,1,1
0.187442,0.437828,0.44,0,0,1,1
0.19004,0.439328,0.44,0,0,1,1
0.192638,0.440828,0.44,0,0,1,1
0.195237,0.442328,0.44,0,0,1,1
0.197835,0.443828,0.44,0,0,1,1
0.200433,0.445328,0.44,0,0,1,1
0.203031,0.446828,0.44,0,0,1,1
0.205629,0.448328,0.44,0,0,1,1
0.208227,0.449828,0.44,0,0,1,1
0.210825,0.451328,0.44,0,0,1,1
0.213423,0.452828,0.44,0,0,1,1
0.216021,0.454328,0.44,0,0,1,1
0.218619,0.455828,0.44,0,0,1,1
0.221217,0.457328,0.44,0,0,1,1
0.223815,0.458828,0.44,0,0,1,1
0.226413,0.460328,0.44,0,0,1,1
0.229012,0.461828,0.44,0,0,1,1
0.23161,0.463328,0.44,0,0,1,1
0.234208,0.464828,0.44,0,0,1,1
0.236806,0.466328,0.44,0,0,1,1
0.239404,0.467828,0.44,0,0,1,1
0.242002,0.469328,0.44,0,0,1,1
0.2446,0.470828,0.44,0,0,1,1
0.247198,0.472328,0.44,0,0,1,1
0.249796,0.473828,0.44,0,0,1,1
0.252394,0.475328,0.44,0,0,1,1
0.254992,0.476828,0.44,0,0,1,1
0.25759,0.478328,0.44,0,0,1,1
0.260188,0.479828,0.44,0,0,1,1
0.262787,0.481328,0.44,0,0,1,1
0.265385,0.482828,0.44,0,0,1,1
0.267983,0.484328,0.44,0,0,1,1
0.270581,0.485828,0.44,0,0,1,1
0.273179,0.487328,0.44,0,0,1,1
0.275777,0.488828,0.44,0,0,1,1
0.278375,0.490328,0.44,0,0,1,1
0.280973,0.491828,0.44,0,0,1,1
0.283571,0.493328,0.44,0,0,1,1
0.111,0.390229,0.44,0,0,1,1
0.113598,0.39173,0.44,0,0,1,1
0.116196,0.393229,0.44,0,0,1,1
0.118794,0.394729,0.44,0,0,1,1
0.121392,0.39623,0.44,0,0,1,1
0.12399,0.397729,0.44,0,0,1,1
0.126588,0.399229,0.44,0,0,1,1
0.129187,0.40073,0.44,0,0,1,1
0.131785,0.402229,0.44,0,0,1,1
0.134383,0.403729,0.44,0,0,1,1
0.136981,0.40523,0.44,0,0,1,1
0.139579,0.406729,0.44,0,0,1,1
0.142177,0.40823,0.44,0,0,1,1
0.144775,0.409729,0.44,0,0,1,1
0.147373,0.411229,0.44,0,0,1,1
0.149971,0.41273,0.44,0,0,1,1
0.152569,0.414229,0.44,0,0,1,1
0.155167,0.415729,0.44,0,0,1,1
0.157765,0.41723,0.44,0,0,1,1
0.160363,0.418729,0.44,0,0,1,1
0.162962,0.420229,0.44,0,0,1,1
0.16556,0.421729,0.44,0,0,1,1
0.168158,0.423229,0.44,0,0,1,1
0.170756,0.424729,0.44,0,0,1,1
0.173354,0.426229,0.44,0,0,1,1
0.175952,0.427729,0.44,0,0,1,1
0.17855,0.429229,0.44,0,0,1,1
0.181148,0.430729,0.44,0,0,1,1
0.183746,0.432229,0.44,0,0,1,1
0.186344,0.433729,0.44,0,0,1,1
0.188942,0.435229,0.44,0,0,1,1
0.19154,0.436729,0.44,0,0,1,1
0.194138,0.438229,0.44,0,0,1,1
0.196736,0.439729,0.44,0,0,1,1
0.199335,0.441229,0.44,0,0,1,1
0.201933,0.442729,0.44,0,0,1,1
0.204531,0.444229,0.44,0,0,1,1
0.207129,0.445729,0.44,0,0,1,1
0.209727,0.447229,0.44,0,0,1,1
0.212325,0.448729,0.44,0,0,1,1
0.214923,0.450229,0.44,0,0,1,1
0.217521,0.451729,0.44,0,0,1,1
0.220119,0.453229,0.44,0,0,1,1
0.222717,0.454729,0.44,0,0,1,1
0.225315,0.456229,0.44,0,0,1,1
0.227913,0.457729,0.44,0,0,1,1
0.230512,0.459229,0.44,0,0,1,1
0.23311,0.460729,0.44,0,0,1,1
0.235708,0.462229,0.44,0,0,1,1
0.238306,0.46373,0.44,0,0,1,1
0.240904,0.46523,0.44,0,0,1,1
0.243502,0.466729,0.44,0,0,1,1
0.2461,0.46823,0.44,0,0,1,1
0.248698,0.46973,0.44,0,0,1,1
0.251296,0.47123,0.44,0,0,1,1
0.253894,0.47273,0.44,0,0,1,1
0.256492,0.47423,0.44,0,0,1,1
0.25909,0.47573,0.44,0,0,1,1
0.261689,0.47723,0.44,0,0,1,1
0.264287,0.47873,0.44,0,0,1,1
0.266885,0.48023,0.44,0,0,1,1
0.269483,0.48173,0.44,0,0,1,1
0.272081,0.48323,0.44,0,0,1,1
0.274679,0.48473,0.44,0,0,1,1
0.277277,0.48623,0.44,0,0,1,1
0.279875,0.48773,0.44,0,0,1,1
0.282473,0.48923,0.44,0,0,1,1
0.285071,0.49073,0.44,0,0,1,1
0.1125,0.387631,0.44,0,0,1,1
0.115098,0.389131,0.44,0,0,1,1
0.117696,0.390631,0.44,0,0,1,1
0.120294,0.392131,0.44,0,0,1,1
0.122892,0.393631,0.44,0,0,1,1
0.12549,0.395131,0.44,0,0,1,1
0.128088,0.396631,0.44,0,0,1,1
0.130687,0.398131,0.44,0,0,1,1
0.133285,0.399631,0.44,0,0,1,1
0.135883,0.401131,0.44,0,0,1,1
0.138481,0.402631,0.44,0,0,1,1
0.141079,0.404131,0.44,0,0,1,1
0.143677,0.405631,0.44,0,0,1,1
0.146275,0.407131,0.44,0,0,1,1
0.148873,0.408631,0.44,0,0,1,1
0.151471,0.410131,0.44,0,0,1,1
0.154069,0.411631,0.44,0,0,1,1
0.156667,0.413131,0.44,0,0,1,1
0.159265,0.414631,0.44,0,0,1,1
0.161863,0.416131,0.44,0,0,1,1
0.164462,0.417631,0.44,0,0,1,1
0.16706,0.419131,0.44,0,0,1,1
0.169658,0.420631,0.44,0,0,1,1
0.172256,0.422131,0.44,0,0,1,1
0.174854,0.423631,0.44,0,0,1,1
0.177452,0.425131,0.44,0,0,1,1
0.18005,0.426631,0.44,0,0,1,1
0.182648,0.428131,0.44,0,0,1,1
0.185246,0.429631,0.44,0,0,1,1
0.187844,0.431131,0.44,0,0,1,1
0.190442,0.432631,0.44,0,0,1,1
0.19304,0.434131,0.44,0,0,1,1
0.195638,0.435631,0.44,0,0,1,1
0.198236,0.437131,0.44,0,0,1,1
0.200835,0.438631,0.44,0,0,1,1
0.203433,0.440131,0.44,0,0,1,1
0.206031,0.441631,0.44,0,0,1,1
0.208629,0.443131,0.44,0,0,1,1
0.211227,0.444631,0.44,0,0,1,1
0.213825,0.446131,0.44,0,0,1,1
0.216423,0.447631,0.44,0,0,1,1
0.219021,0.449131,0.44,0,0,1,1
0.221619,0.450631,0.44,0,0,1,1
0.224217,0.452131,0.44,0,0,1,1
0.226815,0.453631,0.44,0,0,1,1
0.229413,0.455131,0.44,0,0,1,1
0.232012,0.456631,0.44,0,0,1,1
0.23461,0.458131,0.44,0,0,1,1
0.237208,0.459631,0.44,0,0,1,1
0.239806,0.461131,0.44,0,0,1,1
0.242404,0.462631,0.44,0,0,1,1
0.245002,0.464131,0.44,0,0,1,1
0.2476,0.465631,0.44,0,0,1,1
0.250198,0.467131,0.44,0,0,1,1
0.252796,0.468631,0.44,0,0,1,1
0.255394,0.470131,0.44,0,0,1,1
0.257992,0.471631,0.44,0,0,1,1
0.26059,0.473131,0.44,0,0,1,1
0.263188,0.474631,0.44,0,0,1,1
0.265787,0.476131,0.44,0,0,1,1
0.268385,0.477631,0.44,0,0,1,1
0.270983,0.479131,0.44,0,0,1,1
0.273581,0.480631,0.44,0,0,1,1
0.276179,0.482131,0.44,0,0,1,1
0.278777,0.483631,0.44,0,0,1,1
0.281375,0.485131,0.44,0,0,1,1
0.283973,0.486631,0.44,0,0,1,1
0.286571,0.488131,0.44,0,0,1,1
0.114,0.385033,0.44,0,0,1,1
0.116598,0.386533,0.44,0,0,1,1
0.119196,0.388033,0.44,0,0,1,1
0.121794,0.389533,0.44,0,0,1,1
0.124392,0.391033,0.44,0,0,1,1
0.12699,0.392533,0.44,0,0,1,1
0.129588,0.394033,0.44,0,0,1,1
0.132187,0.395533,0.44,0,0,1,1
0.134785,0.397033,0.44,0,0,1,1
0.137383,0.398533,0.44,0,0,1,1
0.139981,0.400033,0.44,0,0,1,1
0.142579,0.401533,0.44,0,0,1,1
0.145177,0.403033,0.44,0,0,1,1
0.147775,0.404533,0.44,0,0,1,1
0.150373,0.406033,0.44,0,0,1,1
0.152971,0.407533,0.44,0,0,1,1
0.155569,0.409033,0.44,0,0,1,1
0.158167,0.410533,0.44,0,0,1,1
0.160765,0.412033,0.44,0,0,1,1
0.163363,0.413533,0.44,0,0,1,1
0.165962,0.415033,0.44,0,0,1,1
0.16856,0.416533,0.44,0,0,1,1
0.171158,0.418033,0.44,0,0,1,1
0.173756,0.419533,0.44,0,0,1,1
0.176354,0.421033,0.44,0,0,1,1
0.178952,0.422533,0.44,0,0,1,1
0.18155,0.424033,0.44,0,0,1,1
0.184148,0.425533,0.44,0,0,1,1
0.186746,0.427033,0.44,0,0,1,1
0.189344,0.428533,0.44,0,0,1,1
0.191942,0.430033,0.44,0,0,1,1
0.19454,0.431533,0.44,0,0,1,1
0.197138,0.433033,0.44,0,0,1,1
0.199737,0.434533,0.44,0,0,1,1
0.202335,0.436033,0.44,0,0,1,1
0.204933,0.437533,0.44,0,0,1,1
0.207531,0.439033,0.44,0,0,1,1
0.210129,0.440533,0.44,0,0,1,1
0.212727,0.442033,0.44,0,0,1,1
0.215325,0.443533,0.44,0,0,1,1
0.217923,0.445033,0.44,0,0,1,1
0.220521,0.446533,0.44,0,0,1,1
0.223119,0.448033,0.44,0,0,1,1
0.225717,0.449533,0.44,0,0,1,1
0.228315,0.451033,0.44,0,0,1,1
0.230913,0.452533,0.44,0,0,1,1
0.233512,0.454033,0.44,0,0,1,1
0.23611,0.455533,0.44,0,0,1,1
0.238708,0.457033,0.44,0,0,1,1
0.241306,0.458533,0.44,0,0,1,1
0.243904,0.460033,0.44,0,0,1,1
0.246502,0.461533,0.44,0,0,1,1
0.2491,0.463033,0.44,0,0,1,1
0.251698,0.464533,0.44,0,0,1,1
0.254296,0.466033,0.44,0,0,1,1
0.256894,0.467533,0.44,0,0,1,1
0.259492,0.469033,0.44,0,0,1,1
0.26209,0.470533,0.44,0,0,1,1
0.264688,0.472033,0.44,0,0,1,1
0.267287,0.473533,0.44,0,0,1,1
0.269885,0.475033,0.44,0,0,1,1
0.272483,0.476533,0.44,0,0,1,1
0.275081,0.478033,0.44,0,0,1,1
0.277679,0.479533,0.44,0,0,1,1
0.280277,0.481033,0.44,0,0,1,1
0.282875,0.482533,0.44,0,0,1,1
0.285473,0.484033,0.44,0,0,1,1
0.288071,0.485533,0.44,0,0,1,1
0.1155,0.382435,0.44,0,0,1,1
0.118098,0.383935,0.44,0,0,1,1
0.120696,0.385435,0.44,0,0,1,1
0.123294,0.386935,0.44,0,0,1,1
0.125892,0.388435,0.44,0,0,1,1
0.12849,0.389935,0.44,0,0,1,1
0.131088,0.391435,0.44,0,0,1,1
0.133687,0.392935,0.44,0,0,1,1
0.136285,0.394435,0.44,0,0,1,1
0.138883,0.395935,0.44,0,0,1,1
0.141481,0.397435,0.44,0,0,1,1
0.144079,0.398935,0.44,0,0,1,1
0.146677,0.400435,0.44,0,0,1,1
0.149275,0.401935,0.44,0,0,1,1
0.151873,0.403435,0.44,0,0,1,1
0.154471,0.404935,0.44,0,0,1,1
0.157069,0.406435,0.44,0,0,1,1
0.159667,0.407935,0.44,0,0,1,1
0.162265,0.409435,0.44,0,0,1,1
0.164863,0.410935,0.44,0,0,1,1
0.167462,0.412435,0.44,0,0,1,1
0.17006,0.413935,0.44,0,0,1,1
0.172658,0.415435,0.44,0,0,1,1
0.175256,0.416935,0.44,0,0,1,1
0.177854,0.418435,0.44,0,0,1,1
0.180452,0.419935,0.44,0,0,1,1
0.18305,0.421435,0.44,0,0,1,1
0.185648,0.422935,0.44,0,0,1,1
0.188246,0.424435,0.44,0,0,1,1
0.190844,0.425935,0.44,0,0,1,1
0.193442,0.427435,0.44,0,0,1,1
0.19604,0.428935,0.44,0,0,1,1
0.198638,0.430435,0.44,0,0,1,1
0.201237,0.431935,0.44,0,0,1,1
0.203835,0.433435,0.44,0,0,1,1
0.206433,0.434935,0.44,0,0,1,1
0.209031,0.436435,0.44,0,0,1,1
0.211629,0.437935,0.44,0,0,1,1
0.214227,0.439435,0.44,0,0,1,1
0.216825,0.440935,0.44,0,0,1,1
0.219423,0.442435,0.44,0,0,1,1
0.222021,0.443935,0.44,0,0,1,1
0.224619,0.445435,0.44,0,0,1,1
0.227217,0.446935,0.44,0,0,1,1
0.229815,0.448435,0.44,0,0,1,1
0.232413,0.449935,0.44,0,0,1,1
0.235012,0.451435,0.44,0,0,1,1
0.23761,0.452935,0.44,0,0,1,1
0.240208,0.454435,0.44,0,0,1,1
0.242806,0.455935,0.44,0,0,1,1
0.245404,0.457435,0.44,0,0,1,1
0.248002,0.458935,0.44,0,0,1,1
0.2506,0.460435,0.44,0,0,1,1
0.253198,0.461935,0.44,0,0,1,1
0.255796,0.463435,0.44,0,0,1,1
0.258394,0.464935,0.44,0,0,1,1
0.260992,0.466435,0.44,0,0,1,1
0.26359,0.467935,0.44,0,0,1,1
0.266188,0.469435,0.44,0,0,1,1
0.268787,0.470935,0.44,0,0,1,1
0.271385,0.472435,0.44,0,0,1,1
0.273983,0.473935,0.44,0,0,1,1
0.276581,0.475435,0.44,0,0,1,1
0.279179,0.476935,0.44,0,0,1,1
0.281777,0.478435,0.44,0,0,1,1
0.284375,0.479935,0.44,0,0,1,1
0.286973,0.481435,0.44,0,0,1,1
0.289571,0.482935,0.44,0,0,1,1
0.117,0.379837,0.44,0,0,1,1
0.119598,0.381337,0.44,0,0,1,1
0.122196,0.382837,0.44,0,0,1,1
0.124794,0.384337,0.44,0,0,1,1
0.127392,0.385837,0.44,0,0,1,1
0.12999,0.387337,0.44,0,0,1,1
0.132588,0.388837,0.44,0,0,1,1
0.135187,0.390337,0.44,0,0,1,1
0.137785,0.391837,0.44,0,0,1,1
0.140383,0.393337,0.44,0,0,1,1
0.142981,0.394837,0.44,0,0,1,1
0.145579,0.396337,0.44,0,0,1,1
0.148177,0.397837,0.44,0,0,1,1
0.150775,0.399337,0.44,0,0,1,1
0.153373,0.400837,0.44,0,0,1,1
0.155971,0.402337,0.44,0,0,1,1
0.158569,0.403837,0.44,0,0,1,1
0.161167,0.405337,0.44,0,0,1,1
0.163765,0.406837,0.44,0,0,1,1
0.166363,0.408337,0.44,0,0,1,1
0.168962,0.409837,0.44,0,0,1,1
0.17156,0.411337,0.44,0,0,1,1
0.174158,0.412837,0.44,0,0,1,1
0.176756,0.414337,0.44,0,0,1,1
0.179354,0.415837,0.44,0,0,1,1
0.181952,0.417337,0.44,0,0,1,1
0.18455,0.418837,0.44,0,0,1,1
0.187148,0.420337,0.44,0,0,1,1
0.189746,0.421837,0.44,0,0,1,1
0.192344,0.423337,0.44,0,0,1,1
0.194942,0.424837,0.44,0,0,1,1
0.19754,0.426337,0.44,0,0,1,1
0.200138,0.427837,0.44,0,0,1,1
0.202736,0.429337,0.44,0,0,1,1
0.205335,0.430837,0.44,0,0,1,1
0.207933,0.432337,0.44,0,0,1,1
0.210531,0.433837,0.44,0,0,1,1
0.213129,0.435337,0.44,0,0,1,1
0.215727,0.436837,0.44,0,0,1,1
0.218325,0.438337,0.44,0,0,1,1
0.220923,0.439837,0.44,0,0,1,1
0.223521,0.441337,0.44,0,0,1,1
0.226119,0.442837,0.44,0,0,1,1
0.228717,0.444337,0.44,0,0,1,1
0.231315,0.445837,0.44,0,0,1,1
0.233913,0.447337,0.44,0,0,1,1
0.236512,0.448837,0.44,0,0,1,1
0.23911,0.450337,0.44,0,0,1,1
0.241708,0.451837,0.44,0,0,1,1
0.244306,0.453337,0.44,0,0,1,1
0.246904,0.454837,0.44,0,0,1,1
0.249502,0.456337,0.44,0,0,1,1
0.2521,0.457837,0.44,0,0,1,1
0.254698,0.459337,0.44,0,0,1,1
0.257296,0.460837,0.44,0,0,1,1
0.259894,0.462337,0.44,0,0,1,1
0.262492,0.463837,0.44,0,0,1,1
0.26509,0.465337,0.44,0,0,1,1
0.267688,0.466837,0.44,0,0,1,1
0.270287,0.468337,0.44,0,0,1,1
0.272885,0.469837,0.44,0,0,1,1
0.275483,0.471337,0.44,0,0,1,1
0.278081,0.472837,0.44,0,0,1,1
0.280679,0.474337,0.44,0,0,1,1
0.283277,0.475837,0.44,0,0,1,1
0.285875,0.477337,0.44,0,0,1,1
0.288473,0.478837,0.44,0,0,1,1
0.291071,0.480337,0.44,0,0,1,1
0.1185,0.377239,0.44,0,0,1,1
0.121098,0.378739,0.44,0,0,1,1
0.123696,0.380239,0.44,0,0,1,1
0.126294,0.381739,0.44,0,0,1,1
0.128892,0.383239,0.44,0,0,1,1
0.13149,0.384739,0.44,0,0,1,1
0.134088,0.386239,0.44,0,0,1,1
0.136687,0.387739,0.44,0,0,1,1
0.139285,0.389239,0.44,0,0,1,1
0.141883,0.390739,0.44,0,0,1,1
0.144481,0.392239,0.44,0,0,1,1
0.147079,0.393739,0.44,0,0,1,1
0.149677,0.395239,0.44,0,0,1,1
0.152275,0.396739,0.44,0,0,1,1
0.154873,0.398239,0.44,0,0,1,1
0.157471,0.399739,0.44,0,0,1,1
0.160069,0.401239,0.44,0,0,1,1
0.162667,0.402739,0.44,0,0,1,1
0.165265,0.404239,0.44,0,0,1,1
0.167863,0.405739,0.44,0,0,1,1
0.170462,0.407239,0.44,0,0,1,1
0.17306,0.408739,0.44,0,0,1,1
0.175658,0.410239,0.44,0,0,1,1
0.178256,0.411739,0.44,0,0,1,1
0.180854,0.413239,0.44,0,0,1,1
0.183452,0.414739,0.44,0,0,1,1
0.18605,0.416239,0.44,0,0,1,1
0.188648,0.417739,0.44,0,0,1,1
0.191246,0.419239,0.44,0,0,1,1
0.193844,0.420739,0.44,0,0,1,1
0.196442,0.422239,0.44,0,0,1,1
0.19904,0.423739,0.44,0,0,1,1
0.201638,0.425239,0.44,0,0,1,1
0.204236,0.426739,0.44,0,0,1,1
0.206835,0.428239,0.44,0,0,1,1
0.209433,0.429739,0.44,0,0,1,1
0.212031,0.431239,0.44,0,0,1,1
0.214629,0.432739,0.44,0,0,1,1
0.217227,0.434239,0.44,0,0,1,1
0.219825,0.435739,0.44,0,0,1,1
0.222423,0.437239,0.44,0,0,1,1
0.225021,0.438739,0.44,0,0,1,1
0.227619,0.440239,0.44,0,0,1,1
0.230217,0.441739,0.44,0,0,1,1
0.232815,0.443239,0.44,0,0,1,1
0.235413,0.444739,0.44,0,0,1,1
0.238012,0.446239,0.44,0,0,1,1
0.24061,0.447739,0.44,0,0,1,1
0.243208,0.449239,0.44,0,0,1,1
0.245806,0.450739,0.44,0,0,1,1
0.248404,0.452239,0.44,0,0,1,1
0.251002,0.453739,0.44,0,0,1,1
0.2536,0.455239,0.44,0,0,1,1
0.256198,0.456739,0.44,0,0,1,1
0.258796,0.458239,0.44,0,0,1,1
0.261394,0.459739,0.44,0,0,1,1
0.263992,0.461239,0.44,0,0,1,1
0.26659,0.462739,0.44,0,0,1,1
0.269188,0.464239,0.44,0,0,1,1
0.271787,0.465739,0.44,0,0,1,1
0.274385,0.467239,0.44,0,0,1,1
0.276983,0.468739,0.44,0,0,1,1
0.279581,0.470239,0.44,0,0,1,1
0.282179,0.471739,0.44,0,0,1,1
0.284777,0.473239,0.44,0,0,1,1
0.287375,0.474739,0.44,0,0,1,1
0.289973,0.476239,0.44,0,0,1,1
0.292571,0.477739,0.44,0,0,1,1
0.12,0.374641,0.44,0,0,1,1
0.122598,0.376141,0.44,0,0,1,1
0.125196,0.377641,0.44,0,0,1,1
0.127794,0.379141,0.44,0,0,1,1
0.130392,0.380641,0.44,0,0,1,1
0.13299,0.382141,0.44,0,0,1,1
0.135588,0.383641,0.44,0,0,1,1
0.138187,0.385141,0.44,0,0,1,1
0.140785,0.386641,0.44,0,0,1,1
0.143383,0.388141,0.44,0,0,1,1
0.145981,0.389641,0.44,0,0,1,1
0.148579,0.391141,0.44,0,0,1,1
0.151177,0.392641,0.44,0,0,1,1
0.153775,0.394141,0.44,0,0,1,1
0.156373,0.395641,0.44,0,0,1,1
0.158971,0.397141,0.44,0,0,1,1
0.161569,0.398641,0.44,0,0,1,1
0.164167,0.400141,0.44,0,0,1,1
0.166765,0.401641,0.44,0,0,1,1
0.169363,0.403141,0.44,0,0,1,1
0.171962,0.404641,0.44,0,0,1,1
0.17456,0.406141,0.44,0,0,1,1
0.177158,0.407641,0.44,0,0,1,1
0.179756,0.409141,0.44,0,0,1,1
0.182354,0.410641,0.44,0,0,1,1
0.184952,0.412141,0.44,0,0,1,1
0.18755,0.413641,0.44,0,0,1,1
0.190148,0.415141,0.44,0,0,1,1
0.192746,0.416641,0.44,0,0,1,1
0.195344,0.418141,0.44,0,0,1,1
0.197942,0.419641,0.44,0,0,1,1
0.20054,0.421141,0.44,0,0,1,1
0.203138,0.422641,0.44,0,0,1,1
0.205737,0.424141,0.44,0,0,1,1
0.208335,0.425641,0.44,0,0,1,1
0.210933,0.427141,0.44,0,0,1,1
0.213531,0.428641,0.44,0,0,1,1
0.216129,0.430141,0.44,0,0,1,1
0.218727,0.431641,0.44,0,0,1,1
0.221325,0.433141,0.44,0,0,1,1
0.223923,0.434641,0.44,0,0,1,1
0.226521,0.436141,0.44,0,0,1,1
0.229119,0.437641,0.44,0,0,1,1
0.231717,0.439141,0.44,0,0,1,1
0.234315,0.440641,0.44,0,0,1,1
0.236913,0.442141,0.44,0,0,1,1
0.239512,0.443641,0.44,0,0,1,1
0.24211,0.445141,0.44,0,0,1,1
0.244708,0.446641,0.44,0,0,1,1
0.247306,0.448141,0.44,0,0,1,1
0.249904,0.449641,0.44,0,0,1,1
0.252502,0.451141,0.44,0,0,1,1
0.2551,0.452641,0.44,0,0,1,1
0.257698,0.454141,0.44,0,0,1,1
0.260296,0.455641,0.44,0,0,1,1
0.262894,0.457141,0.44,0,0,1,1
0.265492,0.458641,0.44,0,0,1,1
0.26809,0.460141,0.44,0,0,1,1
0.270688,0.461641,0.44,0,0,1,1
0.273287,0.463141,0.44,0,0,1,1
0.275885,0.464641,0.44,0,0,1,1
0.278483,0.466141,0.44,0,0,1,1
0.281081,0.467641,0.44,0,0,1,1
0.283679,0.469141,0.44,0,0,1,1
0.286277,0.470641,0.44,0,0,1,1
0.288875,0.472141,0.44,0,0,1,1
0.291473,0.473641,0.44,0,0,1,1
0.294071,0.475141,0.44,0,0,1,1
0.1215,0.372043,0.44,0,0,1,1
0.124098,0.373543,0.44,0,0,1,1
0.126696,0.375043,0.44,0,0,1,1
0.129294,0.376543,0.44,0,0,1,1
0.131892,0.378043,0.44,0,0,1,1
0.13449,0.379543,0.44,0,0,1,1
0.137088,0.381043,0.44,0,0,1,1
0.139687,0.382543,0.44,0,0,1,1
0.142285,0.384043,0.44,0,0,1,1
0.144883,0.385543,0.44,0,0,1,1
0.147481,0.387043,0.44,0,0,1,1
0.150079,0.388543,0.44,0,0,1,1
0.152677,0.390043,0.44,0,0,1,1
0.155275,0.391543,0.44,0,0,1,1
0.157873,0.393043,0.44,0,0,1,1
0.160471,0.394543,0.44,0,0,1,1
0.163069,0.396043,0.44,0,0,1,1
0.165667,0.397543,0.44,0,0,1,1
0.168265,0.399043,0.44,0,0,1,1
0.170863,0.400543,0.44,0,0,1,1
0.173462,0.402043,0.44,0,0,1,1
0.17606,0.403543,0.44,0,0,1,1
0.178658,0.405043,0.44,0,0,1,1
0.181256,0.406543,0.44,0,0,1,1
0.183854,0.408043,0.44,0,0,1,1
0.186452,0.409543,0.44,0,0,1,1
0.18905,0.411043,0.44,0,0,1,1
0.191648,0.412543,0.44,0,0,1,1
0.194246,0.414043,0.44,0,0,1,1
0.196844,0.415543,0.44,0,0,1,1
0.199442,0.417043,0.44,0,0,1,1
0.20204,0.418543,0.44,0,0,1,1
0.204638,0.420043,0.44,0,0,1,1
0.207236,0.421543,0.44,0,0,1,1
0.209835,0.423043,0.44,0,0,1,1
0.212433,0.424543,0.44,0,0,1,1
0.215031,0.426043,0.44,0,0,1,1
0.217629,0.427543,0.44,0,0,1,1
0.220227,0.429043,0.44,0,0,1,1
0.222825,0.430543,0.44,0,0,1,1
0.225423,0.432043,0.44,0,0,1,1
0.228021,0.433543,0.44,0,0,1,1
0.230619,0.435043,0.44,0,0,1,1
0.233217,0.436543,0.44,0,0,1,1
0.235815,0.438043,0.44,0,0,1,1
0.238413,0.439543,0.44,0,0,1,1
0.241012,0.441043,0.44,0,0,1,1
0.24361,0.442543,0.44,0,0,1,1
0.246208,0.444043,0.44,0,0,1,1
0.248806,0.445543,0.44,0,0,1,1
0.251404,0.447043,0.44,0,0,1,1
0.254002,0.448543,0.44,0,0,1,1
0.2566,0.450043,0.44,0,0,1,1
0.259198,0.451543,0.44,0,0,1,1
0.261796,0.453043,0.44,0,0,1,1
0.264394,0.454543,0.44,0,0,1,1
0.266992,0.456043,0.44,0,0,1,1
0.26959,0.457543,0.44,0,0,1,1
0.272188,0.459043,0.44,0,0,1,1
0.274787,0.460543,0.44,0,0,1,1
0.277385,0.462043,0.44,0,0,1,1
0.279983,0.463543,0.44,0,0,1,1
0.282581,0.465043,0.44,0,0,1,1
0.285179,0.466543,0.44,0,0,1,1
0.287777,0.468043,0.44,0,0,1,1
0.290375,0.469543,0.44,0,0,1,1
0.292973,0.471043,0.44,0,0,1,1
0.295571,0.472543,0.44,0,0,1,1
0.123,0.369445,0.44,0,0,1,1
0.125598,0.370945,0.44,0,0,1,1
0.128196,0.372445,0.44,0,0,1,1
0.130794,0.373945,0.44,0,0,1,1
0.133392,0.375445,0.44,0,0,1,1
0.13599,0.376945,0.44,0,0,1,1
0.138588,0.378445,0.44,0,0,1,1
0.141187,0.379945,0.44,0,0,1,1
0.143785,0.381445,0.44,0,0,1,1
0.146383,0.382945,0.44,0,0,1,1
0.148981,0.384445,0.44,0,0,1,1
0.151579,0.385945,0.44,0,0,1,1
0.154177,0.387445,0.44,0,0,1,1
0.156775,0.388945,0.44,0,0,1,1
0.159373,0.390445,0.44,0,0,1,1
0.161971,0.391945,0.44,0,0,1,1
0.164569,0.393445,0.44,0,0,1,1
0.167167,0.394945,0.44,0,0,1,1
0.169765,0.396445,0.44,0,0,1,1
0.172363,0.397945,0.44,0,0,1,1
0.174962,0.399445,0.44,0,0,1,1
0.17756,0.400945,0.44,0,0,1,1
0.180158,0.402445,0.44,0,0,1,1
0.182756,0.403945,0.44,0,0,1,1
0.185354,0.405445,0.44,0,0,1,1
0.187952,0.406945,0.44,0,0,1,1
0.19055,0.408445,0.44,0,0,1,1
0.193148,0.409945,0.44,0,0,1,1
0.195746,0.411445,0.44,0,0,1,1
0.198344,0.412945,0.44,0,0,1,1
0.200942,0.414445,0.44,0,0,1,1
0.20354,0.415945,0.44,0,0,1,1
0.206138,0.417445,0.44,0,0,1,1
0.208736,0.418945,0.44,0,0,1,1
0.211335,0.420445,0.44,0,0,1,1
0.213933,0.421945,0.44,0,0,1,1
0.216531,0.423445,0.44,0,0,1,1
0.219129,0.424945,0.44,0,0,1,1
0.221727,0.426445,0.44,0,0,1,1
0.224325,0.427945,0.44,0,0,1,1
0.226923,0.429445,0.44,0,0,1,1
0.229521,0.430945,0.44,0,0,1,1
0.232119,0.432445,0.44,0,0,1,1
0.234717,0.433945,0.44,0,0,1,1
0.237315,0.435445,0.44,0,0,1,1
0.239913,0.436945,0.44,0,0,1,1
0.242512,0.438445,0.44,0,0,1,1
0.24511,0.439945,0.44,0,0,1,1
0.247708,0.441445,0.44,0,0,1,1
0.250306,0.442945,0.44,0,0,1,1
0.252904,0.444445,0.44,0,0,1,1
0.255502,0.445945,0.44,0,0,1,1
0.2581,0.447445,0.44,0,0,1,1
0.260698,0.448945,0.44,0,0,1,1
0.263296,0.450445,0.44,0,0,1,1
0.265894,0.451945,0.44,0,0,1,1
0.268492,0.453445,0.44,0,0,1,1
0.27109,0.454945,0.44,0,0,1,1
0.273688,0.456445,0.44,0,0,1,1
0.276287,0.457945,0.44,0,0,1,1
0.278885,0.459445,0.44,0,0,1,1
0.281483,0.460945,0.44,0,0,1,1
0.284081,0.462445,0.44,0,0,1,1
0.286679,0.463945,0.44,0,0,1,1
0.289277,0.465445,0.44,0,0,1,1
0.291875,0.466945,0.44,0,0,1,1
0.294473,0.468445,0.44,0,0,1,1
0.297071,0.469945,0.44,0,0,1,1
0.1245,0.366847,0.44,0,0,1,1
0.127098,0.368347,0.44,0,0,1,1
0.129696,0.369847,0.44,0,0,1,1
0.132294,0.371347,0.44,0,0,1,1
0.134892,0.372847,0.44,0,0,1,1
0.13749,0.374347,0.44,0,0,1,1
0.140088,0.375847,0.44,0,0,1,1
0.142687,0.377347,0.44,0,0,1,1
0.145285,0.378847,0.44,0,0,1,1
0.147883,0.380347,0.44,0,0,1,1
0.150481,0.381847,0.44,0,0,1,1
0.153079,0.383347,0.44,0,0,1,1
0.155677,0.384847,0.44,0,0,1,1
0.158275,0.386347,0.44,0,0,1,1
0.160873,0.387847,0.44,0,0,1,1
0.163471,0.389347,0.44,0,0,1,1
0.166069,0.390847,0.44,0,0,1,1
0.168667,0.392347,0.44,0,0,1,1
0.171265,0.393847,0.44,0,0,1,1
0.173863,0.395347,0.44,0,0,1,1
0.176462,0.396847,0.44,0,0,1,1
0.17906,0.398347,0.44,0,0,1,1
0.181658,0.399847,0.44,0,0,1,1
0.184256,0.401347,0.44,0,0,1,1
0.186854,0.402847,0.44,0,0,1,1
0.189452,0.404347,0.44,0,0,1,1
0.19205,0.405847,0.44,0,0,1,1
0.194648,0.407347,0.44,0,0,1,1
0.197246,0.408847,0.44,0,0,1,1
0.199844,0.410347,0.44,0,0,1,1
0.202442,0.411847,0.44,0,0,1,1
0.20504,0.413347,0.44,0,0,1,1
0.207638,0.414847,0.44,0,0,1,1
0.210236,0.416347,0.44,0,0,1,1
0.212835,0.417847,0.44,0,0,1,1
0.215433,0.419347,0.44,0,0,1,1
0.218031,0.420847,0.44,0,0,1,1
0.220629,0.422347,0.44,0,0,1,1
0.223227,0.423847,0.44,0,0,1,1
0.225825,0.425347,0.44,0,0,1,1
0.228423,0.426847,0.44,0,0,1,1
0.231021,0.428347,0.44,0,0,1,1
0.233619,0.429847,0.44,0,0,1,1
0.236217,0.431347,0.44,0,0,1,1
0.238815,0.432847,0.44,0,0,1,1
0.241413,0.434347,0.44,0,0,1,1
0.244012,0.435847,0.44,0,0,1,1
0.24661,0.437347,0.44,0,0,1,1
0.249208,0.438847,0.44,0,0,1,1
0.251806,0.440347,0.44,0,0,1,1
0.254404,0.441847,0.44,0,0,1,1
0.257002,0.443347,0.44,0,0,1,1
0.2596,0.444847,0.44,0,0,1,1
0.262198,0.446347,0.44,0,0,1,1
0.264796,0.447847,0.44,0,0,1,1
0.267394,0.449347,0.44,0,0,1,1
0.269992,0.450847,0.44,0,0,1,1
0.27259,0.452347,0.44,0,0,1,1
0.275188,0.453847,0.44,0,0,1,1
0.277787,0.455347,0.44,0,0,1,1
0.280385,0.456847,0.44,0,0,1,1
0.282983,0.458347,0.44,0,0,1,1
0.285581,0.459847,0.44,0,0,1,1
0.288179,0.461347,0.44,0,0,1,1
0.290777,0.462847,0.44,0,0,1,1
0.293375,0.464347,0.44,0,0,1,1
0.295973,0.465847,0.44,0,0,1,1
0.298571,0.467347,0.44,0,0,1,1
0.126,0.364249,0.44,0,0,1,1
0.128598,0.365749,0.44,0,0,1,1
0.131196,0.367249,0.44,0,0,1,1
0.133794,0.368749,0.44,0,0,1,1
0.136392,0.370249,0.44,0,0,1,1
0.13899,0.371749,0.44,0,0,1,1
0.141588,0.373249,0.44,0,0,1,1
0.144187,0.374749,0.44,0,0,1,1
0.146785,0.376249,0.44,0,0,1,1
0.149383,0.377749,0.44,0,0,1,1
0.151981,0.379249,0.44,0,0,1,1
0.154579,0.380749,0.44,0,0,1,1
0.157177,0.382249,0.44,0,0,1,1
0.159775,0.383749,0.44,0,0,1,1
0.162373,0.385249,0.44,0,0,1,1
0.164971,0.386749,0.44,0,0,1,1
0.167569,0.388249,0.44,0,0,1,1
0.170167,0.389749,0.44,0,0,1,1
0.172765,0.391249,0.44,0,0,1,1
0.175363,0.392749,0.44,0,0,1,1
0.177962,0.394249,0.44,0,0,1,1
0.18056,0.395749,0.44,0,0,1,1
0.183158,0.397249,0.44,0,0,1,1
0.185756,0.398749,0.44,0,0,1,1
0.188354,0.400249,0.44,0,0,1,1
0.190952,0.401749,0.44,0,0,1,1
0.19355,0.403249,0.44,0,0,1,1
0.196148,0.404749,0.44,0,0,1,1
0.198746,0.406249,0.44,0,0,1,1
0.201344,0.407749,0.44,0,0,1,1
0.203942,0.409249,0.44,0,0,1,1
0.20654,0.410749,0.44,0,0,1,1
0.209138,0.412249,0.44,0,0,1,1
0.211736,0.413749,0.44,0,0,1,1
0.214335,0.415249,0.44,0,0,1,1
0.216933,0.416749,0.44,0,0,1,1
0.219531,0.418249,0.44,0,0,1,1
0.222129,0.419749,0.44,0,0,1,1
0.224727,0.421249,0.44,0,0,1,1
0.227325,0.422749,0.44,0,0,1,1
0.229923,0.424249,0.44,0,0,1,1
0.232521,0.425749,0.44,0,0,1,1
0.235119,0.427249,0.44,0,0,1,1
0.237717,0.428749,0.44,0,0,1,1
0.240315,0.430249,0.44,0,0,1,1
0.242913,0.431749,0.44,0,0,1,1
0.245512,0.433249,0.44,0,0,1,1
0.24811,0.434749,0.44,0,0,1,1
0.250708,0.436249,0.44,0,0,1,1
0.253306,0.437749,0.44,0,0,1,1
0.255904,0.439249,0.44,0,0,1,1
0.258502,0.440749,0.44,0,0,1,1
0.2611,0.442249,0.44,0,0,1,1
0.263698,0.443749,0.44,0,0,1,1
0.266296,0.445249,0.44,0,0,1,1
0.268894,0.446749,0.44,0,0,1,1
0.271492,0.448249,0.44,0,0,1,1
0.27409,0.449749,0.44,0,0,1,1
0.276688,0.451249,0.44,0,0,1,1
0.279287,0.452749,0.44,0,0,1,1
0.281885,0.454249,0.44,0,0,1,1
0.284483,0.455749,0.44,0,0,1,1
0.287081,0.457249,0.44,0,0,1,1
0.289679,0.458749,0.44,0,0,1,1
0.292277,0.460249,0.44,0,0,1,1
0.294875,0.461749,0.44,0,0,1,1
0.297473,0.463249,0.44,0,0,1,1
0.300071,0.464749,0.44,0,0,1,1
0.1275,0.361651,0.44,0,0,1,1
0.130098,0.363151,0.44,0,0,1,1
0.132696,0.364651,0.44,0,0,1,1
0.135294,0.366151,0.44,0,0,1,1
0.137892,0.367651,0.44,0,0,1,1
0.14049,0.369151,0.44,0,0,1,1
0.143088,0.370651,0.44,0,0,1,1
0.145687,0.372151,0.44,0,0,1,1
0.148285,0.373651,0.44,0,0,1,1
0.150883,0.375151,0.44,0,0,1,1
0.153481,0.376651,0.44,0,0,1,1
0.156079,0.378151,0.44,0,0,1,1
0.158677,0.379651,0.44,0,0,1,1
0.161275,0.381151,0.44,0,0,1,1
0.163873,0.382651,0.44,0,0,1,1
0.166471,0.384151,0.44,0,0,1,1
0.169069,0.385651,0.44,0,0,1,1
0.171667,0.387151,0.44,0,0,1,1
0.174265,0.388651,0.44,0,0,1,1
0.176863,0.390151,0.44,0,0,1,1
0.179462,0.391651,0.44,0,0,1,1
0.18206,0.393151,0.44,0,0,1,1
0.184658,0.394651,0.44,0,0,1,1
0.187256,0.396151,0.44,0,0,1,1
0.189854,0.397651,0.44,0,0,1,1
0.192452,0.399151,0.44,0,0,1,1
0.19505,0.400651,0.44,0,0,1,1
0.197648,0.402151,0.44,0,0,1,1
0.200246,0.403651,0.44,0,0,1,1
0.202844,0.405151,0.44,0,0,1,1
0.205442,0.406651,0.44,0,0,1,1
0.20804,0.408151,0.44,0,0,1,1
0.210638,0.409651,0.44,0,0,1,1
0.213236,0.411151,0.44,0,0,1,1
0.215835,0.412651,0.44,0,0,1,1
0.218433,0.414151,0.44,0,0,1,1
0.221031,0.415651,0.44,0,0,1,1
0.223629,0.417151,0.44,0,0,1,1
0.226227,0.418651,0.44,0,0,1,1
0.228825,0.420151,0.44,0,0,1,1
0.231423,0.421651,0.44,0,0,1,1
0.234021,0.423151,0.44,0,0,1,1
0.236619,0.424651,0.44,0,0,1,1
0.239217,0.426151,0.44,0,0,1,1
0.241815,0.427651,0.44,0,0,1,1
0.244413,0.429151,0.44,0,0,1,1
0.247012,0.430651,0.44,0,0,1,1
0.24961,0.432151,0.44,0,0,1,1
0.252208,0.433651,0.44,0,0,1,1
0.254806,0.435151,0.44,0,0,1,1
0.257404,0.436651,0.44,0,0,1,1
0.260002,0.438151,0.44,0,0,1,1
0.2626,0.439651,0.44,0,0,1,1
0.265198,0.441151,0.44,0,0,1,1
0.267796,0.442651,0.44,0,0,1,1
0.270394,0.444151,0.44,0,0,1,1
0.272992,0.445651,0.44,0,0,1,1
0.27559,0.447151,0.44,0,0,1,1
0.278188,0.448651,0.44,0,0,1,1
0.280787,0.450151,0.44,0,0,1,1
0.283385,0.451651,0.44,0,0,1,1
0.285983,0.453151,0.44,0,0,1,1
0.288581,0.454651,0.44,0,0,1,1
0.291179,0.456151,0.44,0,0,1,1
0.293777,0.457651,0.44,0,0,1,1
0.296375,0.459151,0.44,0,0,1,1
0.298973,0.460651,0.44,0,0,1,1
0.301571,0.462151,0.44,0,0,1,1
0.129,0.359053,0.44,0,0,1,1
0.131598,0.360553,0.44,0,0,1,1
0.134196,0.362053,0.44,0,0,1,1
0.136794,0.363553,0.44,0,0,1,1
0.139392,0.365053,0.44,0,0,1,1
0.14199,0.366553,0.44,0,0,1,1
0.144588,0.368053,0.44,0,0,1,1
0.147187,0.369553,0.44,0,0,1,1
0.149785,0.371053,0.44,0,0,1,1
0.152383,0.372553,0.44,0,0,1,1
0.154981,0.374053,0.44,0,0,1,1
0.157579,0.375553,0.44,0,0,1,1
0.160177,0.377053,0.44,0,0,1,1
0.162775,0.378553,0.44,0,0,1,1
0.165373,0.380053,0.44,0,0,1,1
0.167971,0.381553,0.44,0,0,1,1
0.170569,0.383053,0.44,0,0,1,1
0.173167,0.384553,0.44,0,0,1,1
0.175765,0.386053,0.44,0,0,1,1
0.178363,0.387553,0.44,0,0,1,1
0.180962,0.389053,0.44,0,0,1,1
0.18356,0.390553,0.44,0,0,1,1
0.186158,0.392053,0.44,0,0,1,1
0.188756,0.393553,0.44,0,0,1,1
0.191354,0.395053,0.44,0,0,1,1
0.193952,0.396553,0.44,0,0,1,1
0.19655,0.398053,0.44,0,0,1,1
0.199148,0.399553,0.44,0,0,1,1
0.201746,0.401053,0.44,0,0,1,1
0.204344,0.402553,0.44,0,0,1,1
0.206942,0.404053,0.44,0,0,1,1
0.20954,0.405553,0.44,0,0,1,1
0.212138,0.407053,0.44,0,0,1,1
0.214736,0.408553,0.44,0,0,1,1
0.217335,0.410053,0.44,0,0,1,1
0.219933,0.411553,0.44,0,0,1,1
0.222531,0.413053,0.44,0,0,1,1
0.225129,0.414553,0.44,0,0,1,1
0.227727,0.416053,0.44,0,0,1,1
0.230325,0.417553,0.44,0,0,1,1
0.232923,0.419053,0.44,0,0,1,1
0.235521,0.420553,0.44,0,0,1,1
0.238119,0.422053,0.44,0,0,1,1
0.240717,0.423553,0.44,0,0,1,1
0.243315,0.425053,0.44,0,0,1,1
0.245913,0.426553,0.44,0,0,1,1
0.248512,0.428053,0.44,0,0,1,1
0.25111,0.429553,0.44,0,0,1,1
0.253708,0.431053,0.44,0,0,1,1
0.256306,0.432553,0.44,0,0,1,1
0.258904,0.434053,0.44,0,0,1,1
0.261502,0.435553,0.44,0,0,1,1
0.2641,0.437053,0.44,0,0,1,1
0.266698,0.438553,0.44,0,0,1,1
0.269296,0.440053,0.44,0,0,1,1
0.271894,0.441553,0.44,0,0,1,1
0.274492,0.443053,0.44,0,0,1,1
0.27709,0.444553,0.44,0,0,1,1
0.279688,0.446053,0.44,0,0,1,1
0.282287,0.447553,0.44,0,0,1,1
0.284885,0.449053,0.44,0,0,1,1
0.287483,0.450553,0.44,0,0,1,1
0.290081,0.452053,0.44,0,0,1,1
0.292679,0.453553,0.44,0,0,1,1
0.295277,0.455053,0.44,0,0,1,1
0.297875,0.456553,0.44,0,0,1,1
0.300473,0.458053,0.44,0,0,1,1
0.303071,0.459553,0.44,0,0,1,1
0.1305,0.356454,0.44,0,0,1,1
0.133098,0.357955,0.44,0,0,1,1
0.135696,0.359454,0.44,0,0,1,1
0.138294,0.360954,0.44,0,0,1,1
0.140892,0.362455,0.44,0,0,1,1
0.14349,0.363954,0.44,0,0,1,1
0.146088,0.365454,0.44,0,0,1,1
0.148687,0.366955,0.44,0,0,1,1
0.151285,0.368454,0.44,0,0,1,1
0.153883,0.369954,0.44,0,0,1,1
0.156481,0.371455,0.44,0,0,1,1
0.159079,0.372954,0.44,0,0,1,1
0.161677,0.374454,0.44,0,0,1,1
0.164275,0.375954,0.44,0,0,1,1
0.166873,0.377454,0.44,0,0,1,1
0.169471,0.378954,0.44,0,0,1,1
0.172069,0.380454,0.44,0,0,1,1
0.174667,0.381954,0.44,0,0,1,1
0.177265,0.383455,0.44,0,0,1,1
0.179863,0.384954,0.44,0,0,1,1
0.182462,0.386454,0.44,0,0,1,1
0.18506,0.387954,0.44,0,0,1,1
0.187658,0.389454,0.44,0,0,1,1
0.190256,0.390954,0.44,0,0,1,1
0.192854,0.392454,0.44,0,0,1,1
0.195452,0.393954,0.44,0,0,1,1
0.19805,0.395454,0.44,0,0,1,1
0.200648,0.396954,0.44,0,0,1,1
0.203246,0.398454,0.44,0,0,1,1
0.205844,0.399954,0.44,0,0,1,1
0.208442,0.401454,0.44,0,0,1,1
0.21104,0.402954,0.44,0,0,1,1
0.213638,0.404454,0.44,0,0,1,1
0.216236,0.405954,0.44,0,0,1,1
0.218835,0.407454,0.44,0,0,1,1
0.221433,0.408954,0.44,0,0,1,1
0.224031,0.410454,0.44,0,0,1,1
0.226629,0.411954,0.44,0,0,1,1
0.229227,0.413454,0.44,0,0,1,1
0.231825,0.414954,0.44,0,0,1,1
0.234423,0.416454,0.44,0,0,1,1
0.237021,0.417954,0.44,0,0,1,1
0.239619,0.419454,0.44,0,0,1,1
0.242217,0.420954,0.44,0,0,1,1
0.244815,0.422454,0.44,0,0,1,1
0.247413,0.423954,0.44,0,0,1,1
0.250012,0.425454,0.44,0,0,1,1
0.25261,0.426954,0.44,0,0,1,1
0.255208,0.428454,0.44,0,0,1,1
0.257806,0.429954,0.44,0,0,1,1
0.260404,0.431455,0.44,0,0,1,1
0.263002,0.432954,0.44,0,0,1,1
0.2656,0.434455,0.44,0,0,1,1
0.268198,0.435955,0.44,0,0,1,1
0.270796,0.437455,0.44,0,0,1,1
0.273394,0.438955,0.44,0,0,1,1
0.275992,0.440455,0.44,0,0,1,1
0.27859,0.441955,0.44,0,0,1,1
0.281188,0.443455,0.44,0,0,1,1
0.283787,0.444955,0.44,0,0,1,1
0.286385,0.446455,0.44,0,0,1,1
0.288983,0.447955,0.44,0,0,1,1
0.291581,0.449455,0.44,0,0,1,1
0.294179,0.450955,0.44,0,0,1,1
0.296777,0.452455,0.44,0,0,1,1
0.299375,0.453955,0.44,0,0,1,1
0.301973,0.455455,0.44,0,0,1,1
0.304571,0.456955,0.44,0,0,1,1
0.132,0.353856,0.44,0,0,1,1
0.134598,0.355356,0.44,0,0,1,1
0.137196,0.356856,0.44,0,0,1,1
0.139794,0.358356,0.44,0,0,1,1
0.142392,0.359856,0.44,0,0,1,1
0.14499,0.361356,0.44,0,0,1,1
0.147588,0.362856,0.44,0,0,1,1
0.150187,0.364356,0.44,0,0,1,1
0.152785,0.365856,0.44,0,0,1,1
0.155383,0.367356,0.44,0,0,1,1
0.157981,0.368856,0.44,0,0,1,1
0.160579,0.370356,0.44,0,0,1,1
0.163177,0.371856,0.44,0,0,1,1
0.165775,0.373356,0.44,0,0,1,1
0.168373,0.374856,0.44,0,0,1,1
0.170971,0.376356,0.44,0,0,1,1
0.173569,0.377856,0.44,0,0,1,1
0.176167,0.379356,0.44,0,0,1,1
0.178765,0.380856,0.44,0,0,1,1
0.181363,0.382356,0.44,0,0,1,1
0.183962,0.383856,0.44,0,0,1,1
0.18656,0.385356,0.44,0,0,1,1
0.189158,0.386856,0.44,0,0,1,1
0.191756,0.388356,0.44,0,0,1,1
0.194354,0.389856,0.44,0,0,1,1
0.196952,0.391356,0.44,0,0,1,1
0.19955,0.392856,0.44,0,0,1,1
0.202148,0.394356,0.44,0,0,1,1
0.204746,0.395856,0.44,0,0,1,1
0.207344,0.397356,0.44,0,0,1,1
0.209942,0.398856,0.44,0,0,1,1
0.21254,0.400356,0.44,0,0,1,1
0.215138,0.401856,0.44,0,0,1,1
0.217736,0.403356,0.44,0,0,1,1
0.220335,0.404856,0.44,0,0,1,1
0.222933,0.406356,0.44,0,0,1,1
0.225531,0.407856,0.44,0,0,1,1
0.228129,0.409356,0.44,0,0,1,1
0.230727,0.410856,0.44,0,0,1,1
0.233325,0.412356,0.44,0,0,1,1
0.235923,0.413856,0.44,0,0,1,1
0.238521,0.415356,0.44,0,0,1,1
0.241119,0.416856,0.44,0,0,1,1
0.243717,0.418356,0.44,0,0,1,1
0.246315,0.419856,0.44,0,0,1,1
0.248913,0.421356,0.44,0,0,1,1
0.251512,0.422856,0.44,0,0,1,1
0.25411,0.424356,0.44,0,0,1,1
0.256708,0.425856,0.44,0,0,1,1
0.259306,0.427356,0.44,0,0,1,1
0.261904,0.428856,0.44,0,0,1,1
0.264502,0.430356,0.44,0,0,1,1
0.2671,0.431856,0.44,0,0,1,1
0.269698,0.433356,0.44,0,0,1,1
0.272296,0.434856,0.44,0,0,1,1
0.274894,0.436356,0.44,0,0,1,1
0.277492,0.437856,0.44,0,0,1,1
0.28009,0.439356,0.44,0,0,1,1
0.282688,0.440856,0.44,0,0,1,1
0.285287,0.442356,0.44,0,0,1,1
0.287885,0.443856,0.44,0,0,1,1
0.290483,0.445356,0.44,0,0,1,1
0.293081,0.446856,0.44,0,0,1,1
0.295679,0.448356,0.44,0,0,1,1
0.298277,0.449856,0.44,0,0,1,1
0.300875,0.451356,0.44,0,0,1,1
0.303473,0.452856,0.44,0,0,1,1
0.306071,0.454356,0.44,0,0,1,1
0.1335,0.351258,0.44,0,0,1,1
0.136098,0.352758,0.44,0,0,1,1
0.138696,0.354258,0.44,0,0,1,1
0.141294,0.355758,0.44,0,0,1,1
0.143892,0.357258,0.44,0,0,1,1
0.14649,0.358758,0.44,0,0,1,1
0.149088,0.360258,0.44,0,0,1,1
0.151687,0.361758,0.44,0,0,1,1
0.154285,0.363258,0.44,0,0,1,1
0.156883,0.364758,0.44,0,0,1,1
0.159481,0.366258,0.44,0,0,1,1
0.162079,0.367758,0.44,0,0,1,1
0.164677,0.369258,0.44,0,0,1,1
0.167275,0.370758,0.44,0,0,1,1
0.169873,0.372258,0.44,0,0,1,1
0.172471,0.373758,0.44,0,0,1,1
0.175069,0.375258,0.44,0,0,1,1
0.177667,0.376758,0.44,0,0,1,1
0.180265,0.378258,0.44,0,0,1,1
0.182863,0.379758,0.44,0,0,1,1
0.185462,0.381258,0.44,0,0,1,1
0.18806,0.382758,0.44,0,0,1,1
0.190658,0.384258,0.44,0,0,1,1
0.193256,0.385758,0.44,0,0,1,1
0.195854,0.387258,0.44,0,0,1,1
0.198452,0.388758,0.44,0,0,1,1
0.20105,0.390258,0.44,0,0,1,1
0.203648,0.391758,0.44,0,0,1,1
0.206246,0.393258,0.44,0,0,1,1
0.208844,0.394758,0.44,0,0,1,1
0.211442,0.396258,0.44,0,0,1,1
0.21404,0.397758,0.44,0,0,1,1
0.216638,0.399258,0.44,0,0,1,1
0.219236,0.400758,0.44,0,0,1,1
0.221835,0.402258,0.44,0,0,1,1
0.224433,0.403758,0.44,0,0,1,1
0.227031,0.405258,0.44,0,0,1,1
0.229629,0.406758,0.44,0,0,1,1
0.232227,0.408258,0.44,0,0,1,1
0.234825,0.409758,0.44,0,0,1,1
0.237423,0.411258,0.44,0,0,1,1
0.240021,0.412758,0.44,0,0,1,1
0.242619,0.414258,0.44,0,0,1,1
0.245217,0.415758,0.44,0,0,1,1
0.247815,0.417258,0.44,0,0,1,1
0.250413,0.418758,0.44,0,0,1,1
0.253011,0.420258,0.44,0,0,1,1
0.25561,0.421758,0.44,0,0,1,1
0.258208,0.423258,0.44,0,0,1,1
0.260806,0.424758,0.44,0,0,1,1
0.263404,0.426258,0.44,0,0,1,1
0.266002,0.427758,0.44,0,0,1,1
0.2686,0.429258,0.44,0,0,1,1
0.271198,0.430758,0.44,0,0,1,1
0.273796,0.432258,0.44,0,0,1,1
0.276394,0.433758,0.44,0,0,1,1
0.278992,0.435258,0.44,0,0,1,1
0.28159,0.436758,0.44,0,0,1,1
0.284188,0.438258,0.44,0,0,1,1
0.286787,0.439758,0.44,0,0,1,1
0.289385,0.441258,0.44,0,0,1,1
0.291983,0.442758,0.44,0,0,1,1
0.294581,0.444258,0.44,0,0,1,1
0.297179,0.445758,0.44,0,0,1,1
0.299777,0.447258,0.44,0,0,1,1
0.302375,0.448758,0.44,0,0,1,1
0.304973,0.450258,0.44,0,0,1,1
0.307571,0.451758,0.44,0,0,1,1
0.135,0.34866,0.44,0,0,1,1
0.137598,0.35016,0.44,0,0,1,1
0.140196,0.35166,0.44,0,0,1,1
0.142794,0.35316,0.44,0,0,1,1
0.145392,0.35466,0.44,0,0,1,1
0.14799,0.35616,0.44,0,0,1,1
0.150588,0.35766,0.44,0,0,1,1
0.153187,0.35916,0.44,0,0,1,1
0.155785,0.36066,0.44,0,0,1,1
0.158383,0.36216,0.44,0,0,1,1
0.160981,0.36366,0.44,0,0,1,1
0.163579,0.36516,0.44,0,0,1,1
0.166177,0.36666,0.44,0,0,1,1
0.168775,0.36816,0.44,0,0,1,1
0.171373,0.36966,0.44,0,0,1,1
0.173971,0.37116,0.44,0,0,1,1
0.176569,0.37266,0.44,0,0,1,1
0.179167,0.37416,0.44,0,0,1,1
0.181765,0.37566,0.44,0,0,1,1
0.184363,0.37716,0.44,0,0,1,1
0.186962,0.37866,0.44,0,0,1,1
0.18956,0.38016,0.44,0,0,1,1
0.192158,0.38166,0.44,0,0,1,1
0.194756,0.38316,0.44,0,0,1,1
0.197354,0.38466,0.44,0,0,1,1
0.199952,0.38616,0.44,0,0,1,1
0.20255,0.38766,0.44,0,0,1,1
0.205148,0.38916,0.44,0,0,1,1
0.207746,0.39066,0.44,0,0,1,1
0.210344,0.39216,0.44,0,0,1,1
0.212942,0.39366,0.44,0,0,1,1
0.21554,0.39516,0.44,0,0,1,1
0.218138,0.39666,0.44,0,0,1,1
0.220736,0.39816,0.44,0,0,1,1
0.223335,0.39966,0.44,0,0,1,1
0.225933,0.40116,0.44,0,0,1,1
0.228531,0.40266,0.44,0,0,1,1
0.231129,0.40416,0.44,0,0,1,1
0.233727,0.40566,0.44,0,0,1,1
0.236325,0.40716,0.44,0,0,1,1
0.238923,0.40866,0.44,0,0,1,1
0.241521,0.41016,0.44,0,0,1,1
0.244119,0.41166,0.44,0,0,1,1
0.246717,0.41316,0.44,0,0,1,1
0.249315,0.41466,0.44,0,0,1,1
0.251913,0.41616,0.44,0,0,1,1
0.254512,0.41766,0.44,0,0,1,1
0.25711,0.41916,0.44,0,0,1,1
0.259708,0.42066,0.44,0,0,1,1
0.262306,0.42216,0.44,0,0,1,1
0.264904,0.42366,0.44,0,0,1,1
0.267502,0.42516,0.44,0,0,1,1
0.2701,0.42666,0.44,0,0,1,1
0.272698,0.42816,0.44,0,0,1,1
0.275296,0.42966,0.44,0,0,1,1
0.277894,0.43116,0.44,0,0,1,1
0.280492,0.43266,0.44,0,0,1,1
0.28309,0.43416,0.44,0,0,1,1
0.285688,0.43566,0.44,0,0,1,1
0.288287,0.43716,0.44,0,0,1,1
0.290885,0.43866,0.44,0,0,1,1
0.293483,0.44016,0.44,0,0,1,1
0.296081,0.44166,0.44,0,0,1,1
0.298679,0.44316,0.44,0,0,1,1
0.301277,0.44466,0.44,0,0,1,1
0.303875,0.44616,0.44,0,0,1,1
0.306473,0.44766,0.44,0,0,1,1
0.309071,0.44916,0.44,0,0,1,1
0.1365,0.346062,0.44,0,0,1,1
0.139098,0.347562,0.44,0,0,1,1
0.141696,0.349062,0.44,0,0,1,1
0.144294,0.350562,0.44,0,0,1,1
0.146892,0.352062,0.44,0,0,1,1
0.14949,0.353562,0.44,0,0,1,1
0.152088,0.355062,0.44,0,0,1,1
0.154687,0.356562,0.44,0,0,1,1
0.157285,0.358062,0.44,0,0,1,1
0.159883,0.359562,0.44,0,0,1,1
0.162481,0.361062,0.44,0,0,1,1
0.165079,0.362562,0.44,0,0,1,1
0.167677,0.364062,0.44,0,0,1,1
0.170275,0.365562,0.44,0,0,1,1
0.172873,0.367062,0.44,0,0,1,1
0.175471,0.368562,0.44,0,0,1,1
0.178069,0.370062,0.44,0,0,1,1
0.180667,0.371562,0.44,0,0,1,1
0.183265,0.373062,0.44,0,0,1,1
0.185863,0.374562,0.44,0,0,1,1
0.188462,0.376062,0.44,0,0,1,1
0.19106,0.377562,0.44,0,0,1,1
0.193658,0.379062,0.44,0,0,1,1
0.196256,0.380562,0.44,0,0,1,1
0.198854,0.382062,0.44,0,0,1,1
0.201452,0.383562,0.44,0,0,1,1
0.20405,0.385062,0.44,0,0,1,1
0.206648,0.386562,0.44,0,0,1,1
0.209246,0.388062,0.44,0,0,1,1
0.211844,0.389562,0.44,0,0,1,1
0.214442,0.391062,0.44,0,0,1,1
0.21704,0.392562,0.44,0,0,1,1
0.219638,0.394062,0.44,0,0,1,1
0.222236,0.395562,0.44,0,0,1,1
0.224835,0.397062,0.44,0,0,1,1
0.227433,0.398562,0.44,0,0,1,1
0.230031,0.400062,0.44,0,0,1,1
0.232629,0.401562,0.44,0,0,1,1
0.235227,0.403062,0.44,0,0,1,1
0.237825,0.404562,0.44,0,0,1,1
0.240423,0.406062,0.44,0,0,1,1
0.243021,0.407562,0.44,0,0,1,1
0.245619,0.409062,0.44,0,0,1,1
0.248217,0.410562,0.44,0,0,1,1
0.250815,0.412062,0.44,0,0,1,1
0.253413,0.413562,0.44,0,0,1,1
0.256012,0.415062,0.44,0,0,1,1
0.25861,0.416562,0.44,0,0,1,1
0.261208,0.418062,0.44,0,0,1,1
0.263806,0.419562,0.44,0,0,1,1
0.266404,0.421062,0.44,0,0,1,1
0.269002,0.422562,0.44,0,0,1,1
0.2716,0.424062,0.44,0,0,1,1
0.274198,0.425562,0.44,0,0,1,1
0.276796,0.427062,0.44,0,0,1,1
0.279394,0.428562,0.44,0,0,1,1
0.281992,0.430062,0.44,0,0,1,1
0.28459,0.431562,0.44,0,0,1,1
0.287189,0.433062,0.44,0,0,1,1
0.289787,0.434562,0.44,0,0,1,1
0.292385,0.436062,0.44,0,0,1,1
0.294983,0.437562,0.44,0,0,1,1
0.297581,0.439062,0.44,0,0,1,1
0.300179,0.440562,0.44,0,0,1,1
0.302777,0.442062,0.44,0,0,1,1
0.305375,0.443562,0.44,0,0,1,1
0.307973,0.445062,0.44,0,0,1,1
0.310571,0.446562,0.44,0,0,1,1
0.138,0.343464,0.44,0,0,1,1
0.140598,0.344964,0.44,0,0,1,1
0.143196,0.346464,0.44,0,0,1,1
0.145794,0.347964,0.44,0,0,1,1
0.148392,0.349464,0.44,0,0,1,1
0.15099,0.350964,0.44,0,0,1,1
0.153588,0.352464,0.44,0,0,1,1
0.156187,0.353964,0.44,0,0,1,1
0.158785,0.355464,0.44,0,0,1,1
0.161383,0.356964,0.44,0,0,1,1
0.163981,0.358464,0.44,0,0,1,1
0.166579,0.359964,0.44,0,0,1,1
0.169177,0.361464,0.44,0,0,1,1
0.171775,0.362964,0.44,0,0,1,1
0.174373,0.364464,0.44,0,0,1,1
0.176971,0.365964,0.44,0,0,1,1
0.179569,0.367464,0.44,0,0,1,1
0.182167,0.368964,0.44,0,0,1,1
0.184765,0.370464,0.44,0,0,1,1
0.187363,0.371964,0.44,0,0,1,1
0.189962,0.373464,0.44,0,0,1,1
0.19256,0.374964,0.44,0,0,1,1
0.195158,0.376464,0.44,0,0,1,1
0.197756,0.377964,0.44,0,0,1,1
0.200354,0.379464,0.44,0,0,1,1
0.202952,0.380964,0.44,0,0,1,1
0.20555,0.382464,0.44,0,0,1,1
0.208148,0.383964,0.44,0,0,1,1
0.210746,0.385464,0.44,0,0,1,1
0.213344,0.386964,0.44,0,0,1,1
0.215942,0.388464,0.44,0,0,1,1
0.21854,0.389964,0.44,0,0,1,1
0.221138,0.391464,0.44,0,0,1,1
0.223736,0.392964,0.44,0,0,1,1
0.226335,0.394464,0.44,0,0,1,1
0.228933,0.395964,0.44,0,0,1,1
0.231531,0.397464,0.44,0,0,1,1
0.234129,0.398964,0.44,0,0,1,1
0.236727,0.400464,0.44,0,0,1,1
0.239325,0.401964,0.44,0,0,1,1
0.241923,0.403464,0.44,0,0,1,1
0.244521,0.404964,0.44,0,0,1,1
0.247119,0.406464,0.44,0,0,1,1
0.249717,0.407964,0.44,0,0,1,1
0.252315,0.409464,0.44,0,0,1,1
0.254913,0.410964,0.44,0,0,1,1
0.257511,0.412464,0.44,0,0,1,1
0.26011,0.413964,0.44,0,0,1,1
0.262708,0.415464,0.44,0,0,1,1
0.265306,0.416964,0.44,0,0,1,1
0.267904,0.418464,0.44,0,0,1,1
0.270502,0.419964,0.44,0,0,1,1
0.2731,0.421464,0.44,0,0,1,1
0.275698,0.422964,0.44,0,0,1,1
0.278296,0.424464,0.44,0,0,1,1
0.280894,0.425964,0.44,0,0,1,1
0.283492,0.427464,0.44,0,0,1,1
0.28609,0.428964,0.44,0,0,1,1
0.288688,0.430464,0.44,0,0,1,1
0.291287,0.431964,0.44,0,0,1,1
0.293885,0.433464,0.44,0,0,1,1
0.296483,0.434964,0.44,0,0,1,1
0.299081,0.436464,0.44,0,0,1,1
0.301679,0.437964,0.44,0,0,1,1
0.304277,0.439464,0.44,0,0,1,1
0.306875,0.440964,0.44,0,0,1,1
0.309473,0.442464,0.44,0,0,1,1
0.312071,0.443964,0.44,0,0,1,1
0.1395,0.340866,0.44,0,0,1,1
0.142098,0.342366,0.44,0,0,1,1
0.144696,0.343866,0.44,0,0,1,1
0.147294,0.345366,0.44,0,0,1,1
0.149892,0.346866,0.44,0,0,1,1
0.15249,0.348366,0.44,0,0,1,1
0.155088,0.349866,0.44,0,0,1,1
0.157687,0.351366,0.44,0,0,1,1
0.160285,0.352866,0.44,0,0,1,1
0.162883,0.354366,0.44,0,0,1,1
0.165481,0.355866,0.44,0,0,1,1
0.168079,0.357366,0.44,0,0,1,1
0.170677,0.358866,0.44,0,0,1,1
0.173275,0.360366,0.44,0,0,1,1
0.175873,0.361866,0.44,0,0,1,1
0.178471,0.363366,0.44,0,0,1,1
0.181069,0.364866,0.44,0,0,1,1
0.183667,0.366366,0.44,0,0,1,1
0.186265,0.367866,0.44,0,0,1,1
0.188863,0.369366,0.44,0,0,1,1
0.191462,0.370866,0.44,0,0,1,1
0.19406,0.372366,0.44,0,0,1,1
0.196658,0.373866,0.44,0,0,1,1
0.199256,0.375366,0.44,0,0,1,1
0.201854,0.376866,0.44,0,0,1,1
0.204452,0.378366,0.44,0,0,1,1
0.20705,0.379866,0.44,0,0,1,1
0.209648,0.381366,0.44,0,0,1,1
0.212246,0.382866,0.44,0,0,1,1
0.214844,0.384366,0.44,0,0,1,1
0.217442,0.385866,0.44,0,0,1,1
0.22004,0.387366,0.44,0,0,1,1
0.222638,0.388866,0.44,0,0,1,1
0.225236,0.390366,0.44,0,0,1,1
0.227835,0.391866,0.44,0,0,1,1
0.230433,0.393366,0.44,0,0,1,1
0.233031,0.394866,0.44,0,0,1,1
0.235629,0.396366,0.44,0,0,1,1
0.238227,0.397866,0.44,0,0,1,1
0.240825,0.399366,0.44,0,0,1,1
0.243423,0.400866,0.44,0,0,1,1
0.246021,0.402366,0.44,0,0,1,1
0.248619,0.403866,0.44,0,0,1,1
0.251217,0.405366,0.44,0,0,1,1
0.253815,0.406866,0.44,0,0,1,1
0.256413,0.408366,0.44,0,0,1,1
0.259012,0.409866,0.44,0,0,1,1
0.26161,0.411366,0.44,0,0,1,1
0.264208,0.412866,0.44,0,0,1,1
0.266806,0.414366,0.44,0,0,1,1
0.269404,0.415866,0.44,0,0,1,1
0.272002,0.417366,0.44,0,0,1,1
0.2746,0.418866,0.44,0,0,1,1
0.277198,0.420366,0.44,0,0,1,1
0.279796,0.421866,0.44,0,0,1,1
0.282394,0.423366,0.44,0,0,1,1
0.284992,0.424866,0.44,0,0,1,1
0.28759,0.426366,0.44,0,0,1,1
0.290188,0.427866,0.44,0,0,1,1
0.292787,0.429366,0.44,0,0,1,1
0.295385,0.430866,0.44,0,0,1,1
0.297983,0.432366,0.44,0,0,1,1
0.300581,0.433866,0.44,0,0,1,1
0.303179,0.435366,0.44,0,0,1,1
0.305777,0.436866,0.44,0,0,1,1
0.308375,0.438366,0.44,0,0,1,1
0.310973,0.439866,0.44,0,0,1,1
0.313571,0.441366,0.44,0,0,1,1
0.141,0.338268,0.44,0,0,1,1
0.143598,0.339768,0.44,0,0,1,1
0.146196,0.341268,0.44,0,0,1,1
0.148794,0.342768,0.44,0,0,1,1
0.151392,0.344268,0.44,0,0,1,1
0.15399,0.345768,0.44,0,0,1,1
0.156588,0.347268,0.44,0,0,1,1
0.159187,0.348768,0.44,0,0,1,1
0.161785,0.350268,0.44,0,0,1,1
0.164383,0.351768,0.44,0,0,1,1
0.166981,0.353268,0.44,0,0,1,1
0.169579,0.354768,0.44,0,0,1,1
0.172177,0.356268,0.44,0,0,1,1
0.174775,0.357768,0.44,0,0,1,1
0.177373,0.359268,0.44,0,0,1,1
0.179971,0.360768,0.44,0,0,1,1
0.182569,0.362268,0.44,0,0,1,1
0.185167,0.363768,0.44,0,0,1,1
0.187765,0.365268,0.44,0,0,1,1
0.190363,0.366768,0.44,0,0,1,1
0.192962,0.368268,0.44,0,0,1,1
0.19556,0.369768,0.44,0,0,1,1
0.198158,0.371268,0.44,0,0,1,1
0.200756,0.372768,0.44,0,0,1,1
0.203354,0.374268,0.44,0,0,1,1
0.205952,0.375768,0.44,0,0,1,1
0.20855,0.377268,0.44,0,0,1,1
0.211148,0.378768,0.44,0,0,1,1
0.213746,0.380268,0.44,0,0,1,1
0.216344,0.381768,0.44,0,0,1,1
0.218942,0.383268,0.44,0,0,1,1
0.22154,0.384768,0.44,0,0,1,1
0.224138,0.386268,0.44,0,0,1,1
0.226736,0.387768,0.44,0,0,1,1
0.229335,0.389268,0.44,0,0,1,1
0.231933,0.390768,0.44,0,0,1,1
0.234531,0.392268,0.44,0,0,1,1
0.237129,0.393768,0.44,0,0,1,1
0.239727,0.395268,0.44,0,0,1,1
0.242325,0.396768,0.44,0,0,1,1
0.244923,0.398268,0.44,0,0,1,1
0.247521,0.399768,0.44,0,0,1,1
0.250119,0.401268,0.44,0,0,1,1
0.252717,0.402768,0.44,0,0,1,1
0.255315,0.404268,0.44,0,0,1,1
0.257913,0.405768,0.44,0,0,1,1
0.260511,0.407268,0.44,0,0,1,1
0.26311,0.408768,0.44,0,0,1,1
0.265708,0.410268,0.44,0,0,1,1
0.268306,0.411768,0.44,0,0,1,1
0.270904,0.413268,0.44,0,0,1,1
0.273502,0.414768,0.44,0,0,1,1
0.2761,0.416268,0.44,0,0,1,1
0.278698,0.417768,0.44,0,0,1,1
0.281296,0.419268,0.44,0,0,1,1
0.283894,0.420768,0.44,0,0,1,1
0.286492,0.422268,0.44,0,0,1,1
0.28909,0.423768,0.44,0,0,1,1
0.291688,0.425268,0.44,0,0,1,1
0.294287,0.426768,0.44,0,0,1,1
0.296885,0.428268,0.44,0,0,1,1
0.299483,0.429768,0.44,0,0,1,1
0.302081,0.431268,0.44,0,0,1,1
0.304679,0.432768,0.44,0,0,1,1
0.307277,0.434268,0.44,0,0,1,1
0.309875,0.435768,0.44,0,0,1,1
0.312473,0.437268,0.44,0,0,1,1
0.315071,0.438768,0.44,0,0,1,1
0.1425,0.33567,0.44,0,0,1,1
0.145098,0.33717,0.44,0,0,1,1
0.147696,0.33867,0.44,0,0,1,1
0.150294,0.34017,0.44,0,0,1,1
0.152892,0.34167,0.44,0,0,1,1
0.15549,0.34317,0.44,0,0,1,1
0.158088,0.34467,0.44,0,0,1,1
0.160687,0.34617,0.44,0,0,1,1
0.163285,0.34767,0.44,0,0,1,1
0.165883,0.34917,0.44,0,0,1,1
0.168481,0.35067,0.44,0,0,1,1
0.171079,0.35217,0.44,0,0,1,1
0.173677,0.35367,0.44,0,0,1,1
0.176275,0.35517,0.44,0,0,1,1
0.178873,0.35667,0.44,0,0,1,1
0.181471,0.35817,0.44,0,0,1,1
0.184069,0.35967,0.44,0,0,1,1
0.186667,0.36117,0.44,0,0,1,1
0.189265,0.36267,0.44,0,0,1,1
0.191863,0.36417,0.44,0,0,1,1
0.194462,0.36567,0.44,0,0,1,1
0.19706,0.36717,0.44,0,0,1,1
0.199658,0.36867,0.44,0,0,1,1
0.202256,0.37017,0.44,0,0,1,1
0.204854,0.37167,0.44,0,0,1,1
0.207452,0.37317,0.44,0,0,1,1
0.21005,0.37467,0.44,0,0,1,1
0.212648,0.37617,0.44,0,0,1,1
0.215246,0.37767,0.44,0,0,1,1
0.217844,0.37917,0.44,0,0,1,1
0.220442,0.38067,0.44,0,0,1,1
0.22304,0.38217,0.44,0,0,1,1
0.225638,0.38367,0.44,0,0,1,1
0.228236,0.38517,0.44,0,0,1,1
0.230835,0.38667,0.44,0,0,1,1
0.233433,0.38817,0.44,0,0,1,1
0.236031,0.38967,0.44,0,0,1,1
0.238629,0.39117,0.44,0,0,1,1
0.241227,0.39267,0.44,0,0,1,1
0.243825,0.39417,0.44,0,0,1,1
0.246423,0.39567,0.44,0,0,1,1
0.249021,0.39717,0.44,0,0,1,1
0.251619,0.39867,0.44,0,0,1,1
0.254217,0.40017,0.44,0,0,1,1
0.256815,0.40167,0.44,0,0,1,1
0.259413,0.40317,0.44,0,0,1,1
0.262011,0.40467,0.44,0,0,1,1
0.26461,0.40617,0.44,0,0,1,1
0.267208,0.40767,0.44,0,0,1,1
0.269806,0.40917,0.44,0,0,1,1
0.272404,0.41067,0.44,0,0,1,1
0.275002,0.41217,0.44,0,0,1,1
0.2776,0.41367,0.44,0,0,1,1
0.280198,0.41517,0.44,0,0,1,1
0.282796,0.41667,0.44,0,0,1,1
0.285394,0.41817,0.44,0,0,1,1
0.287992,0.41967,0.44,0,0,1,1
0.29059,0.42117,0.44,0,0,1,1
0.293188,0.42267,0.44,0,0,1,1
0.295787,0.42417,0.44,0,0,1,1
0.298385,0.42567,0.44,0,0,1,1
0.300983,0.42717,0.44,0,0,1,1
0.303581,0.42867,0.44,0,0,1,1
0.306179,0.43017,0.44,0,0,1,1
0.308777,0.43167,0.44,0,0,1,1
0.311375,0.43317,0.44,0,0,1,1
0.313973,0.43467,0.44,0,0,1,1
0.316571,0.43617,0.44,0,0,1,1
0.144,0.333072,0.44,0,0,1,1
0.146598,0.334572,0.44,0,0,1,1
0.149196,0.336072,0.44,0,0,1,1
0.151794,0.337572,0.44,0,0,1,1
0.154392,0.339072,0.44,0,0,1,1
0.15699,0.340572,0.44,0,0,1,1
0.159588,0.342072,0.44,0,0,1,1
0.162187,0.343572,0.44,0,0,1,1
0.164785,0.345072,0.44,0,0,1,1
0.167383,0.346572,0.44,0,0,1,1
0.169981,0.348072,0.44,0,0,1,1
0.172579,0.349572,0.44,0,0,1,1
0.175177,0.351072,0.44,0,0,1,1
0.177775,0.352572,0.44,0,0,1,1
0.180373,0.354072,0.44,0,0,1,1
0.182971,0.355572,0.44,0,0,1,1
0.185569,0.357072,0.44,0,0,1,1
0.188167,0.358572,0.44,0,0,1,1
0.190765,0.360072,0.44,0,0,1,1
0.193363,0.361572,0.44,0,0,1,1
0.195962,0.363072,0.44,0,0,1,1
0.19856,0.364572,0.44,0,0,1,1
0.201158,0.366072,0.44,0,0,1,1
0.203756,0.367572,0.44,0,0,1,1
0.206354,0.369072,0.44,0,0,1,1
0.208952,0.370572,0.44,0,0,1,1
0.21155,0.372072,0.44,0,0,1,1
0.214148,0.373572,0.44,0,0,1,1
0.216746,0.375072,0.44,0,0,1,1
0.219344,0.376572,0.44,0,0,1,1
0.221942,0.378072,0.44,0,0,1,1
0.22454,0.379572,0.44,0,0,1,1
0.227138,0.381072,0.44,0,0,1,1
0.229736,0.382572,0.44,0,0,1,1
0.232335,0.384072,0.44,0,0,1,1
0.234933,0.385572,0.44,0,0,1,1
0.237531,0.387072,0.44,0,0,1,1
0.240129,0.388572,0.44,0,0,1,1
0.242727,0.390072,0.44,0,0,1,1
0.245325,0.391572,0.44,0,0,1,1
0.247923,0.393072,0.44,0,0,1,1
0.250521,0.394572,0.44,0,0,1,1
0.253119,0.396072,0.44,0,0,1,1
0.255717,0.397572,0.44,0,0,1,1
0.258315,0.399072,0.44,0,0,1,1
0.260913,0.400572,0.44,0,0,1,1
0.263512,0.402072,0.44,0,0,1,1
0.26611,0.403572,0.44,0,0,1,1
0.268708,0.405072,0.44,0,0,1,1
0.271306,0.406572,0.44,0,0,1,1
0.273904,0.408072,0.44,0,0,1,1
0.276502,0.409572,0.44,0,0,1,1
0.2791,0.411072,0.44,0,0,1,1
0.281698,0.412572,0.44,0,0,1,1
0.284296,0.414072,0.44,0,0,1,1
0.286894,0.415572,0.44,0,0,1,1
0.289492,0.417072,0.44,0,0,1,1
0.29209,0.418572,0.44,0,0,1,1
0.294688,0.420072,0.44,0,0,1,1
0.297287,0.421572,0.44,0,0,1,1
0.299885,0.423072,0.44,0,0,1,1
0.302483,0.424572,0.44,0,0,1,1
0.305081,0.426072,0.44,0,0,1,1
0.307679,0.427572,0.44,0,0,1,1
0.310277,0.429072,0.44,0,0,1,1
0.312875,0.430572,0.44,0,0,1,1
0.315473,0.432072,0.44,0,0,1,1
0.318071,0.433572,0.44,0,0,1,1
0.1455,0.330474,0.44,0,0,1,1
0.148098,0.331974,0.44,0,0,1,1
0.150696,0.333474,0.44,0,0,1,1
0.153294,0.334974,0.44,0,0,1,1
0.155892,0.336474,0.44,0,0,1,1
0.15849,0.337974,0.44,0,0,1,1
0.161088,0.339474,0.44,0,0,1,1
0.163687,0.340974,0.44,0,0,1,1
0.166285,0.342474,0.44,0,0,1,1
0.168883,0.343974,0.44,0,0,1,1
0.171481,0.345474,0.44,0,0,1,1
0.174079,0.346974,0.44,0,0,1,1
0.176677,0.348474,0.44,0,0,1,1
0.179275,0.349974,0.44,0,0,1,1
0.181873,0.351474,0.44,0,0,1,1
0.184471,0.352974,0.44,0,0,1,1
0.187069,0.354474,0.44,0,0,1,1
0.189667,0.355974,0.44,0,0,1,1
0.192265,0.357474,0.44,0,0,1,1
0.194863,0.358974,0.44,0,0,1,1
0.197462,0.360474,0.44,0,0,1,1
0.20006,0.361974,0.44,0,0,1,1
0.202658,0.363474,0.44,0,0,1,1
0.205256,0.364974,0.44,0,0,1,1
0.207854,0.366474,0.44,0,0,1,1
0.210452,0.367974,0.44,0,0,1,1
0.21305,0.369474,0.44,0,0,1,1
0.215648,0.370974,0.44,0,0,1,1
0.218246,0.372474,0.44,0,0,1,1
0.220844,0.373974,0.44,0,0,1,1
0.223442,0.375474,0.44,0,0,1,1
0.22604,0.376974,0.44,0,0,1,1
0.228638,0.378474,0.44,0,0,1,1
0.231236,0.379974,0.44,0,0,1,1
0.233835,0.381474,0.44,0,0,1,1
0.236433,0.382974,0.44,0,0,1,1
0.239031,0.384474,0.44,0,0,1,1
0.241629,0.385974,0.44,0,0,1,1
0.244227,0.387474,0.44,0,0,1,1
0.246825,0.388974,0.44,0,0,1,1
0.249423,0.390474,0.44,0,0,1,1
0.252021,0.391974,0.44,0,0,1,1
0.254619,0.393474,0.44,0,0,1,1
0.257217,0.394974,0.44,0,0,1,1
0.259815,0.396474,0.44,0,0,1,1
0.262413,0.397974,0.44,0,0,1,1
0.265011,0.399474,0.44,0,0,1,1
0.26761,0.400974,0.44,0,0,1,1
0.270208,0.402474,0.44,0,0,1,1
0.272806,0.403974,0.44,0,0,1,1
0.275404,0.405474,0.44,0,0,1,1
0.278002,0.406974,0.44,0,0,1,1
0.2806,0.408474,0.44,0,0,1,1
0.283198,0.409974,0.44,0,0,1,1
0.285796,0.411474,0.44,0,0,1,1
0.288394,0.412974,0.44,0,0,1,1
0.290992,0.414474,0.44,0,0,1,1
0.29359,0.415974,0.44,0,0,1,1
0.296188,0.417474,0.44,0,0,1,1
0.298787,0.418974,0.44,0,0,1,1
0.301385,0.420474,0.44,0,0,1,1
0.303983,0.421974,0.44,0,0,1,1
0.306581,0.423474,0.44,0,0,1,1
0.309179,0.424974,0.44,0,0,1,1
0.311777,0.426474,0.44,0,0,1,1
0.314375,0.427974,0.44,0,0,1,1
0.316973,0.429474,0.44,0,0,1,1
0.319571,0.430974,0.44,0,0,1,1
0.147,0.327876,0.44,0,0,1,1
0.149598,0.329376,0.44,0,0,1,1
0.152196,0.330876,0.44,0,0,1,1
0.154794,0.332376,0.44,0,0,1,1
0.157392,0.333876,0.44,0,0,1,1
0.15999,0.335376,0.44,0,0,1,1
0.162588,0.336876,0.44,0,0,1,1
0.165187,0.338376,0.44,0,0,1,1
0.167785,0.339876,0.44,0,0,1,1
0.170383,0.341376,0.44,0,0,1,1
0.172981,0.342876,0.44,0,0,1,1
0.175579,0.344376,0.44,0,0,1,1
0.178177,0.345876,0.44,0,0,1,1
0.180775,0.347376,0.44,0,0,1,1
0.183373,0.348876,0.44,0,0,1,1
0.185971,0.350376,0.44,0,0,1,1
0.188569,0.351876,0.44,0,0,1,1
0.191167,0.353376,0.44,0,0,1,1
0.193765,0.354876,0.44,0,0,1,1
0.196363,0.356376,0.44,0,0,1,1
0.198962,0.357876,0.44,0,0,1,1
0.20156,0.359376,0.44,0,0,1,1
0.204158,0.360876,0.44,0,0,1,1
0.206756,0.362376,0.44,0,0,1,1
0.209354,0.363876,0.44,0,0,1,1
0.211952,0.365376,0.44,0,0,1,1
0.21455,0.366876,0.44,0,0,1,1
0.217148,0.368376,0.44,0,0,1,1
0.219746,0.369876,0.44,0,0,1,1
0.222344,0.371376,0.44,0,0,1,1
0.224942,0.372876,0.44,0,0,1,1
0.22754,0.374376,0.44,0,0,1,1
0.230138,0.375876,0.44,0,0,1,1
0.232736,0.377376,0.44,0,0,1,1
0.235335,0.378876,0.44,0,0,1,1
0.237933,0.380376,0.44,0,0,1,1
0.240531,0.381876,0.44,0,0,1,1
0.243129,0.383376,0.44,0,0,1,1
0.245727,0.384876,0.44,0,0,1,1
0.248325,0.386376,0.44,0,0,1,1
0.250923,0.387876,0.44,0,0,1,1
0.253521,0.389376,0.44,0,0,1,1
0.256119,0.390876,0.44,0,0,1,1
0.258717,0.392376,0.44,0,0,1,1
0.261315,0.393876,0.44,0,0,1,1
0.263913,0.395376,0.44,0,0,1,1
0.266511,0.396876,0.44,0,0,1,1
0.26911,0.398376,0.44,0,0,1,1
0.271708,0.399876,0.44,0,0,1,1
0.274306,0.401376,0.44,0,0,1,1
0.276904,0.402876,0.44,0,0,1,1
0.279502,0.404376,0.44,0,0,1,1
0.2821,0.405876,0.44,0,0,1,1
0.284698,0.407376,0.44,0,0,1,1
0.287296,0.408876,0.44,0,0,1,1
0.289894,0.410376,0.44,0,0,1,1
0.292492,0.411876,0.44,0,0,1,1
0.29509,0.413376,0.44,0,0,1,1
0.297688,0.414876,0.44,0,0,1,1
0.300287,0.416376,0.44,0,0,1,1
0.302885,0.417876,0.44,0,0,1,1
0.305483,0.419376,0.44,0,0,1,1
0.308081,0.420876,0.44,0,0,1,1
0.310679,0.422376,0.44,0,0,1,1
0.313277,0.423876,0.44,0,0,1,1
0.315875,0.425376,0.44,0,0,1,1
0.318473,0.426876,0.44,0,0,1,1
0.321071,0.428376,0.44,0,0,1,1
0.1485,0.325278,0.44,0,0,1,1
0.151098,0.326778,0.44,0,0,1,1
0.153696,0.328278,0.44,0,0,1,1
0.156294,0.329778,0.44,0,0,1,1
0.158892,0.331278,0.44,0,0,1,1
0.16149,0.332778,0.44,0,0,1,1
0.164088,0.334278,0.44,0,0,1,1
0.166687,0.335778,0.44,0,0,1,1
0.169285,0.337278,0.44,0,0,1,1
0.171883,0.338778,0.44,0,0,1,1
0.174481,0.340278,0.44,0,0,1,1
0.177079,0.341778,0.44,0,0,1,1
0.179677,0.343278,0.44,0,0,1,1
0.182275,0.344778,0.44,0,0,1,1
0.184873,0.346278,0.44,0,0,1,1
0.187471,0.347778,0.44,0,0,1,1
0.190069,0.349278,0.44,0,0,1,1
0.192667,0.350778,0.44,0,0,1,1
0.195265,0.352278,0.44,0,0,1,1
0.197863,0.353778,0.44,0,0,1,1
0.200462,0.355278,0.44,0,0,1,1
0.20306,0.356778,0.44,0,0,1,1
0.205658,0.358278,0.44,0,0,1,1
0.208256,0.359778,0.44,0,0,1,1
0.210854,0.361278,0.44,0,0,1,1
0.213452,0.362778,0.44,0,0,1,1
0.21605,0.364278,0.44,0,0,1,1
0.218648,0.365778,0.44,0,0,1,1
0.221246,0.367278,0.44,0,0,1,1
0.223844,0.368778,0.44,0,0,1,1
0.226442,0.370278,0.44,0,0,1,1
0.22904,0.371778,0.44,0,0,1,1
0.231638,0.373278,0.44,0,0,1,1
0.234236,0.374778,0.44,0,0,1,1
0.236835,0.376278,0.44,0,0,1,1
0.239433,0.377778,0.44,0,0,1,1
0.242031,0.379278,0.44,0,0,1,1
0.244629,0.380778,0.44,0,0,1,1
0.247227,0.382278,0.44,0,0,1,1
0.249825,0.383778,0.44,0,0,1,1
0.252423,0.385278,0.44,0,0,1,1
0.255021,0.386778,0.44,0,0,1,1
0.257619,0.388278,0.44,0,0,1,1
0.260217,0.389778,0.44,0,0,1,1
0.262815,0.391278,0.44,0,0,1,1
0.265413,0.392778,0.44,0,0,1,1
0.268012,0.394278,0.44,0,0,1,1
0.27061,0.395778,0.44,0,0,1,1
0.273208,0.397278,0.44,0,0,1,1
0.275806,0.398778,0.44,0,0,1,1
0.278404,0.400278,0.44,0,0,1,1
0.281002,0.401778,0.44,0,0,1,1
0.2836,0.403278,0.44,0,0,1,1
0.286198,0.404778,0.44,0,0,1,1
0.288796,0.406278,0.44,0,0,1,1
0.291394,0.407778,0.44,0,0,1,1
0.293992,0.409278,0.44,0,0,1,1
0.29659,0.410778,0.44,0,0,1,1
0.299188,0.412278,0.44,0,0,1,1
0.301787,0.413778,0.44,0,0,1,1
0.304385,0.415278,0.44,0,0,1,1
0.306983,0.416778,0.44,0,0,1,1
0.309581,0.418278,0.44,0,0,1,1
0.312179,0.419778,0.44,0,0,1,1
0.314777,0.421278,0.44,0,0,1,1
0.317375,0.422778,0.44,0,0,1,1
0.319973,0.424278,0.44,0,0,1,1
0.322571,0.425778,0.44,0,0,1,1
0.15,0.322679,0.44,0,0,1,1
0.152598,0.32418,0.44,0,0,1,1
0.155196,0.325679,0.44,0,0,1,1
0.157794,0.327179,0.44,0,0,1,1
0.160392,0.32868,0.44,0,0,1,1
0.16299,0.330179,0.44,0,0,1,1
0.165588,0.331679,0.44,0,0,1,1
0.168187,0.33318,0.44,0,0,1,1
0.170785,0.334679,0.44,0,0,1,1
0.173383,0.336179,0.44,0,0,1,1
0.175981,0.33768,0.44,0,0,1,1
0.178579,0.339179,0.44,0,0,1,1
0.181177,0.340679,0.44,0,0,1,1
0.183775,0.342179,0.44,0,0,1,1
0.186373,0.343679,0.44,0,0,1,1
0.188971,0.345179,0.44,0,0,1,1
0.191569,0.346679,0.44,0,0,1,1
0.194167,0.348179,0.44,0,0,1,1
0.196765,0.349679,0.44,0,0,1,1
0.199363,0.351179,0.44,0,0,1,1
0.201962,0.352679,0.44,0,0,1,1
0.20456,0.354179,0.44,0,0,1,1
0.207158,0.355679,0.44,0,0,1,1
0.209756,0.357179,0.44,0,0,1,1
0.212354,0.358679,0.44,0,0,1,1
0.214952,0.360179,0.44,0,0,1,1
0.21755,0.361679,0.44,0,0,1,1
0.220148,0.363179,0.44,0,0,1,1
0.222746,0.364679,0.44,0,0,1,1
0.225344,0.366179,0.44,0,0,1,1
0.227942,0.367679,0.44,0,0,1,1
0.23054,0.369179,0.44,0,0,1,1
0.233138,0.370679,0.44,0,0,1,1
0.235736,0.372179,0.44,0,0,1,1
0.238335,0.373679,0.44,0,0,1,1
0.240933,0.375179,0.44,0,0,1,1
0.243531,0.376679,0.44,0,0,1,1
0.246129,0.378179,0.44,0,0,1,1
0.248727,0.379679,0.44,0,0,1,1
0.251325,0.381179,0.44,0,0,1,1
0.253923,0.382679,0.44,0,0,1,1
0.256521,0.384179,0.44,0,0,1,1
0.259119,0.385679,0.44,0,0,1,1
0.261717,0.387179,0.44,0,0,1,1
0.264315,0.388679,0.44,0,0,1,1
0.266913,0.390179,0.44,0,0,1,1
0.269511,0.391679,0.44,0,0,1,1
0.27211,0.393179,0.44,0,0,1,1
0.274708,0.394679,0.44,0,0,1,1
0.277306,0.396179,0.44,0,0,1,1
0.279904,0.39768,0.44,0,0,1,1
0.282502,0.399179,0.44,0,0,1,1
0.2851,0.400679,0.44,0,0,1,1
0.287698,0.40218,0.44,0,0,1,1
0.290296,0.40368,0.44,0,0,1,1
0.292894,0.40518,0.44,0,0,1,1
0.295492,0.40668,0.44,0,0,1,1
0.29809,0.40818,0.44,0,0,1,1
0.300688,0.40968,0.44,0,0,1,1
0.303287,0.41118,0.44,0,0,1,1
0.305885,0.41268,0.44,0,0,1,1
0.308483,0.41418,0.44,0,0,1,1
0.311081,0.41568,0.44,0,0,1,1
0.313679,0.41718,0.44,0,0,1,1
0.316277,0.41868,0.44,0,0,1,1
0.318875,0.42018,0.44,0,0,1,1
0.321473,0.42168,0.44,0,0,1,1
0.324071,0.42318,0.44,0,0,1,1
0.1515,0.320081,0.44,0,0,1,1
0.154098,0.321581,0.44,0,0,1,1
0.156696,0.323081,0.44,0,0,1,1
0.159294,0.324581,0.44,0,0,1,1
0.161892,0.326081,0.44,0,0,1,1
0.16449,0.327581,0.44,0,0,1,1
0.167088,0.329081,0.44,0,0,1,1
0.169687,0.330581,0.44,0,0,1,1
0.172285,0.332081,0.44,0,0,1,1
0.174883,0.333581,0.44,0,0,1,1
0.177481,0.335081,0.44,0,0,1,1
0.180079,0.336581,0.44,0,0,1,1
0.182677,0.338081,0.44,0,0,1,1
0.185275,0.339581,0.44,0,0,1,1
0.187873,0.341081,0.44,0,0,1,1
0.190471,0.342581,0.44,0,0,1,1
0.193069,0.344081,0.44,0,0,1,1
0.195667,0.345581,0.44,0,0,1,1
0.198265,0.347081,0.44,0,0,1,1
0.200863,0.348581,0.44,0,0,1,1
0.203462,0.350081,0.44,0,0,1,1
0.20606,0.351581,0.44,0,0,1,1
0.208658,0.353081,0.44,0,0,1,1
0.211256,0.354581,0.44,0,0,1,1
0.213854,0.356081,0.44,0,0,1,1
0.216452,0.357581,0.44,0,0,1,1
0.21905,0.359081,0.44,0,0,1,1
0.221648,0.360581,0.44,0,0,1,1
0.224246,0.362081,0.44,0,0,1,1
0.226844,0.363581,0.44,0,0,1,1
0.229442,0.365081,0.44,0,0,1,1
0.23204,0.366581,0.44,0,0,1,1
0.234638,0.368081,0.44,0,0,1,1
0.237236,0.369581,0.44,0,0,1,1
0.239835,0.371081,0.44,0,0,1,1
0.242433,0.372581,0.44,0,0,1,1
0.245031,0.374081,0.44,0,0,1,1
0.247629,0.375581,0.44,0,0,1,1
0.250227,0.377081,0.44,0,0,1,1
0.252825,0.378581,0.44,0,0,1,1
0.255423,0.380081,0.44,0,0,1,1
0.258021,0.381581,0.44,0,0,1,1
0.260619,0.383081,0.44,0,0,1,1
0.263217,0.384581,0.44,0,0,1,1
0.265815,0.386081,0.44,0,0,1,1
0.268413,0.387581,0.44,0,0,1,1
0.271012,0.389081,0.44,0,0,1,1
0.27361,0.390581,0.44,0,0,1,1
0.276208,0.392081,0.44,0,0,1,1
0.278806,0.393581,0.44,0,0,1,1
0.281404,0.395081,0.44,0,0,1,1
0.284002,0.396581,0.44,0,0,1,1
0.2866,0.398081,0.44,0,0,1,1
0.289198,0.399581,0.44,0,0,1,1
0.291796,0.401081,0.44,0,0,1,1
0.294394,0.402581,0.44,0,0,1,1
0.296992,0.404081,0.44,0,0,1,1
0.29959,0.405581,0.44,0,0,1,1
0.302188,0.407081,0.44,0,0,1,1
0.304787,0.408581,0.44,0,0,1,1
0.307385,0.410081,0.44,0,0,1,1
0.309983,0.411581,0.44,0,0,1,1
0.312581,0.413081,0.44,0,0,1,1
0.315179,0.414581,0.44,0,0,1,1
0.317777,0.416081,0.44,0,0,1,1
0.320375,0.417581,0.44,0,0,1,1
0.322973,0.419082,0.44,0,0,1,1
0.325571,0.420581,0.44,0,0,1,1
0.153,0.317483,0.44,0,0,1,1
0.155598,0.318983,0.44,0,0,1,1
0.158196,0.320483,0.44,0,0,1,1
0.160794,0.321983,0.44,0,0,1,1
0.163392,0.323483,0.44,0,0,1,1
0.16599,0.324983,0.44,0,0,1,1
0.168588,0.326483,0.44,0,0,1,1
0.171187,0.327983,0.44,0,0,1,1
0.173785,0.329483,0.44,0,0,1,1
0.176383,0.330983,0.44,0,0,1,1
0.178981,0.332483,0.44,0,0,1,1
0.181579,0.333983,0.44,0,0,1,1
0.184177,0.335483,0.44,0,0,1,1
0.186775,0.336983,0.44,0,0,1,1
0.189373,0.338483,0.44,0,0,1,1
0.191971,0.339983,0.44,0,0,1,1
0.194569,0.341483,0.44,0,0,1,1
0.197167,0.342983,0.44,0,0,1,1
0.199765,0.344483,0.44,0,0,1,1
0.202363,0.345983,0.44,0,0,1,1
0.204962,0.347483,0.44,0,0,1,1
0.20756,0.348983,0.44,0,0,1,1
0.210158,0.350483,0.44,0,0,1,1
0.212756,0.351983,0.44,0,0,1,1
0.215354,0.353483,0.44,0,0,1,1
0.217952,0.354983,0.44,0,0,1,1
0.22055,0.356483,0.44,0,0,1,1
0.223148,0.357983,0.44,0,0,1,1
0.225746,0.359483,0.44,0,0,1,1
0.228344,0.360983,0.44,0,0,1,1
0.230942,0.362483,0.44,0,0,1,1
0.23354,0.363983,0.44,0,0,1,1
0.236138,0.365483,0.44,0,0,1,1
0.238736,0.366983,0.44,0,0,1,1
0.241335,0.368483,0.44,0,0,1,1
0.243933,0.369983,0.44,0,0,1,1
0.246531,0.371483,0.44,0,0,1,1
0.249129,0.372983,0.44,0,0,1,1
0.251727,0.374483,0.44,0,0,1,1
0.254325,0.375983,0.44,0,0,1,1
0.256923,0.377483,0.44,0,0,1,1
0.259521,0.378983,0.44,0,0,1,1
0.262119,0.380483,0.44,0,0,1,1
0.264717,0.381983,0.44,0,0,1,1
0.267315,0.383483,0.44,0,0,1,1
0.269913,0.384983,0.44,0,0,1,1
0.272512,0.386483,0.44,0,0,1,1
0.27511,0.387983,0.44,0,0,1,1
0.277708,0.389483,0.44,0,0,1,1
0.280306,0.390983,0.44,0,0,1,1
0.282904,0.392483,0.44,0,0,1,1
0.285502,0.393983,0.44,0,0,1,1
0.2881,0.395483,0.44,0,0,1,1
0.290698,0.396983,0.44,0,0,1,1
0.293296,0.398483,0.44,0,0,1,1
0.295894,0.399983,0.44,0,0,1,1
0.298492,0.401483,0.44,0,0,1,1
0.30109,0.402983,0.44,0,0,1,1
0.303688,0.404483,0.44,0,0,1,1
0.306287,0.405983,0.44,0,0,1,1
0.308885,0.407483,0.44,0,0,1,1
0.311483,0.408983,0.44,0,0,1,1
0.314081,0.410483,0.44,0,0,1,1
0.316679,0.411983,0.44,0,0,1,1
0.319277,0.413483,0.44,0,0,1,1
0.321875,0.414983,0.44,0,0,1,1
0.324473,0.416483,0.44,0,0,1,1
0.327071,0.417983,0.44,0,0,1,1
0.1545,0.314885,0.44,0,0,1,1
0.157098,0.316385,0.44,0,0,1,1
0.159696,0.317885,0.44,0,0,1,1
0.162294,0.319385,0.44,0,0,1,1
0.164892,0.320885,0.44,0,0,1,1
0.16749,0.322385,0.44,0,0,1,1
0.170088,0.323885,0.44,0,0,1,1
0.172687,0.325385,0.44,0,0,1,1
0.175285,0.326885,0.44,0,0,1,1
0.177883,0.328385,0.44,0,0,1,1
0.180481,0.329885,0.44,0,0,1,1
0.183079,0.331385,0.44,0,0,1,1
0.185677,0.332885,0.44,0,0,1,1
0.188275,0.334385,0.44,0,0,1,1
0.190873,0.335885,0.44,0,0,1,1
0.193471,0.337385,0.44,0,0,1,1
0.196069,0.338885,0.44,0,0,1,1
0.198667,0.340385,0.44,0,0,1,1
0.201265,0.341885,0.44,0,0,1,1
0.203863,0.343385,0.44,0,0,1,1
0.206462,0.344885,0.44,0,0,1,1
0.20906,0.346385,0.44,0,0,1,1
0.211658,0.347885,0.44,0,0,1,1
0.214256,0.349385,0.44,0,0,1,1
0.216854,0.350885,0.44,0,0,1,1
0.219452,0.352385,0.44,0,0,1,1
0.22205,0.353885,0.44,0,0,1,1
0.224648,0.355385,0.44,0,0,1,1
0.227246,0.356885,0.44,0,0,1,1
0.229844,0.358385,0.44,0,0,1,1
0.232442,0.359885,0.44,0,0,1,1
0.23504,0.361385,0.44,0,0,1,1
0.237638,0.362885,0.44,0,0,1,1
0.240236,0.364385,0.44,0,0,1,1
0.242835,0.365885,0.44,0,0,1,1
0.245433,0.367385,0.44,0,0,1,1
0.248031,0.368885,0.44,0,0,1,1
0.250629,0.370385,0.44,0,0,1,1
0.253227,0.371885,0.44,0,0,1,1
0.255825,0.373385,0.44,0,0,1,1
0.258423,0.374885,0.44,0,0,1,1
0.261021,0.376385,0.44,0,0,1,1
0.263619,0.377885,0.44,0,0,1,1
0.266217,0.379385,0.44,0,0,1,1
0.268815,0.380885,0.44,0,0,1,1
0.271413,0.382385,0.44,0,0,1,1
0.274011,0.383885,0.44,0,0,1,1
0.27661,0.385385,0.44,0,0,1,1
0.279208,0.386885,0.44,0,0,1,1
0.281806,0.388385,0.44,0,0,1,1
0.284404,0.389885,0.44,0,0,1,1
0.287002,0.391385,0.44,0,0,1,1
0.2896,0.392885,0.44,0,0,1,1
0.292198,0.394385,0.44,0,0,1,1
0.294796,0.395885,0.44,0,0,1,1
0.297394,0.397385,0.44,0,0,1,1
0.299992,0.398885,0.44,0,0,1,1
0.30259,0.400385,0.44,0,0,1,1
0.305188,0.401885,0.44,0,0,1,1
0.307787,0.403385,0.44,0,0,1,1
0.310385,0.404885,0.44,0,0,1,1
0.312983,0.406385,0.44,0,0,1,1
0.315581,0.407885,0.44,0,0,1,1
0.318179,0.409385,0.44,0,0,1,1
0.320777,0.410885,0.44,0,0,1,1
0.323375,0.412385,0.44,0,0,1,1
0.325973,0.413885,0.44,0,0,1,1
0.328571,0.415385,0.44,0,0,1,1
0.156,0.312287,0.44,0,0,1,1
0.158598,0.313787,0.44,0,0,1,1
0.161196,0.315287,0.44,0,0,1,1
0.163794,0.316787,0.44,0,0,1,1
0.166392,0.318287,0.44,0,0,1,1
0.16899,0.319787,0.44,0,0,1,1
0.171588,0.321287,0.44,0,0,1,1
0.174187,0.322787,0.44,0,0,1,1
0.176785,0.324287,0.44,0,0,1,1
0.179383,0.325787,0.44,0,0,1,1
0.181981,0.327287,0.44,0,0,1,1
0.184579,0.328787,0.44,0,0,1,1
0.187177,0.330287,0.44,0,0,1,1
0.189775,0.331787,0.44,0,0,1,1
0.192373,0.333287,0.44,0,0,1,1
0.194971,0.334787,0.44,0,0,1,1
0.197569,0.336287,0.44,0,0,1,1
0.200167,0.337787,0.44,0,0,1,1
0.202765,0.339287,0.44,0,0,1,1
0.205363,0.340787,0.44,0,0,1,1
0.207962,0.342287,0.44,0,0,1,1
0.21056,0.343787,0.44,0,0,1,1
0.213158,0.345287,0.44,0,0,1,1
0.215756,0.346787,0.44,0,0,1,1
0.218354,0.348287,0.44,0,0,1,1
0.220952,0.349787,0.44,0,0,1,1
0.22355,0.351287,0.44,0,0,1,1
0.226148,0.352787,0.44,0,0,1,1
0.228746,0.354287,0.44,0,0,1,1
0.231344,0.355787,0.44,0,0,1,1
0.233942,0.357287,0.44,0,0,1,1
0.23654,0.358787,0.44,0,0,1,1
0.239138,0.360287,0.44,0,0,1,1
0.241736,0.361787,0.44,0,0,1,1
0.244335,0.363287,0.44,0,0,1,1
0.246933,0.364787,0.44,0,0,1,1
0.249531,0.366287,0.44,0,0,1,1
0.252129,0.367787,0.44,0,0,1,1
0.254727,0.369287,0.44,0,0,1,1
0.257325,0.370787,0.44,0,0,1,1
0.259923,0.372287,0.44,0,0,1,1
0.262521,0.373787,0.44,0,0,1,1
0.265119,0.375287,0.44,0,0,1,1
0.267717,0.376787,0.44,0,0,1,1
0.270315,0.378287,0.44,0,0,1,1
0.272913,0.379787,0.44,0,0,1,1
0.275512,0.381287,0.44,0,0,1,1
0.27811,0.382787,0.44,0,0,1,1
0.280708,0.384287,0.44,0,0,1,1
0.283306,0.385787,0.44,0,0,1,1
0.285904,0.387287,0.44,0,0,1,1
0.288502,0.388787,0.44,0,0,1,1
0.2911,0.390287,0.44,0,0,1,1
0.293698,0.391787,0.44,0,0,1,1
0.296296,0.393287,0.44,0,0,1,1
0.298894,0.394787,0.44,0,0,1,1
0.301492,0.396287,0.44,0,0,1,1
0.30409,0.397787,0.44,0,0,1,1
0.306688,0.399287,0.44,0,0,1,1
0.309287,0.400787,0.44,0,0,1,1
0.311885,0.402287,0.44,0,0,1,1
0.314483,0.403787,0.44,0,0,1,1
0.317081,0.405287,0.44,0,0,1,1
0.319679,0.406787,0.44,0,0,1,1
0.322277,0.408287,0.44,0,0,1,1
0.324875,0.409787,0.44,0,0,1,1
0.327473,0.411287,0.44,0,0,1,1
0.330071,0.412787,0.44,0,0,1,1
0.1575,0.309689,0.44,0,0,1,1
0.160098,0.311189,0.44,0,0,1,1
0.162696,0.312689,0.44,0,0,1,1
0.165294,0.314189,0.44,0,0,1,1
0.167892,0.315689,0.44,0,0,1,1
0.17049,0.317189,0.44,0,0,1,1
0.173088,0.318689,0.44,0,0,1,1
0.175687,0.320189,0.44,0,0,1,1
0.178285,0.321689,0.44,0,0,1,1
0.180883,0.323189,0.44,0,0,1,1
0.183481,0.324689,0.44,0,0,1,1
0.186079,0.326189,0.44,0,0,1,1
0.188677,0.327689,0.44,0,0,1,1
0.191275,0.329189,0.44,0,0,1,1
0.193873,0.330689,0.44,0,0,1,1
0.196471,0.332189,0.44,0,0,1,1
0.199069,0.333689,0.44,0,0,1,1
0.201667,0.335189,0.44,0,0,1,1
0.204265,0.336689,0.44,0,0,1,1
0.206863,0.338189,0.44,0,0,1,1
0.209462,0.339689,0.44,0,0,1,1
0.21206,0.341189,0.44,0,0,1,1
0.214658,0.342689,0.44,0,0,1,1
0.217256,0.344189,0.44,0,0,1,1
0.219854,0.345689,0.44,0,0,1,1
0.222452,0.347189,0.44,0,0,1,1
0.22505,0.348689,0.44,0,0,1,1
0.227648,0.350189,0.44,0,0,1,1
0.230246,0.351689,0.44,0,0,1,1
0.232844,0.353189,0.44,0,0,1,1
0.235442,0.354689,0.44,0,0,1,1
0.23804,0.356189,0.44,0,0,1,1
0.240638,0.357689,0.44,0,0,1,1
0.243236,0.359189,0.44,0,0,1,1
0.245835,0.360689,0.44,0,0,1,1
0.248433,0.362189,0.44,0,0,1,1
0.251031,0.363689,0.44,0,0,1,1
0.253629,0.365189,0.44,0,0,1,1
0.256227,0.366689,0.44,0,0,1,1
0.258825,0.368189,0.44,0,0,1,1
0.261423,0.369689,0.44,0,0,1,1
0.264021,0.371189,0.44,0,0,1,1
0.266619,0.372689,0.44,0,0,1,1
0.269217,0.374189,0.44,0,0,1,1
0.271815,0.375689,0.44,0,0,1,1
0.274413,0.377189,0.44,0,0,1,1
0.277012,0.378689,0.44,0,0,1,1
0.27961,0.380189,0.44,0,0,1,1
0.282208,0.381689,0.44,0,0,1,1
0.284806,0.383189,0.44,0,0,1,1
0.287404,0.384689,0.44,0,0,1,1
0.290002,0.386189,0.44,0,0,1,1
0.2926,0.387689,0.44,0,0,1,1
0.295198,0.389189,0.44,0,0,1,1
0.297796,0.390689,0.44,0,0,1,1
0.300394,0.392189,0.44,0,0,1,1
0.302992,0.393689,0.44,0,0,1,1
0.30559,0.395189,0.44,0,0,1,1
0.308188,0.396689,0.44,0,0,1,1
0.310787,0.398189,0.44,0,0,1,1
0.313385,0.399689,0.44,0,0,1,1
0.315983,0.401189,0.44,0,0,1,1
0.318581,0.402689,0.44,0,0,1,1
0.321179,0.404189,0.44,0,0,1,1
0.323777,0.405689,0.44,0,0,1,1
0.326375,0.407189,0.44,0,0,1,1
0.328973,0.408689,0.44,0,0,1,1
0.331571,0.410189,0.44,0,0,1,1
0.159,0.307091,0.44,0,0,1,1
0.161598,0.308591,0.44,0,0,1,1
0.164196,0.310091,0.44,0,0,1,1
0.166794,0.311591,0.44,0,0,1,1
0.169392,0.313091,0.44,0,0,1,1
0.17199,0.314591,0.44,0,0,1,1
0.174588,0.316091,0.44,0,0,1,1
0.177187,0.317591,0.44,0,0,1,1
0.179785,0.319091,0.44,0,0,1,1
0.182383,0.320591,0.44,0,0,1,1
0.184981,0.322091,0.44,0,0,1,1
0.187579,0.323591,0.44,0,0,1,1
0.190177,0.325091,0.44,0,0,1,1
0.192775,0.326591,0.44,0,0,1,1
0.195373,0.328091,0.44,0,0,1,1
0.197971,0.329591,0.44,0,0,1,1
0.200569,0.331091,0.44,0,0,1,1
0.203167,0.332591,0.44,0,0,1,1
0.205765,0.334091,0.44,0,0,1,1
0.208363,0.335591,0.44,0,0,1,1
0.210962,0.337091,0.44,0,0,1,1
0.21356,0.338591,0.44,0,0,1,1
0.216158,0.340091,0.44,0,0,1,1
0.218756,0.341591,0.44,0,0,1,1
0.221354,0.343091,0.44,0,0,1,1
0.223952,0.344591,0.44,0,0,1,1
0.22655,0.346091,0.44,0,0,1,1
0.229148,0.347591,0.44,0,0,1,1
0.231746,0.349091,0.44,0,0,1,1
0.234344,0.350591,0.44,0,0,1,1
0.236942,0.352091,0.44,0,0,1,1
0.23954,0.353591,0.44,0,0,1,1
0.242138,0.355091,0.44,0,0,1,1
0.244736,0.356591,0.44,0,0,1,1
0.247335,0.358091,0.44,0,0,1,1
0.249933,0.359591,0.44,0,0,1,1
0.252531,0.361091,0.44,0,0,1,1
0.255129,0.362591,0.44,0,0,1,1
0.257727,0.364091,0.44,0,0,1,1
0.260325,0.365591,0.44,0,0,1,1
0.262923,0.367091,0.44,0,0,1,1
0.265521,0.368591,0.44,0,0,1,1
0.268119,0.370091,0.44,0,0,1,1
0.270717,0.371591,0.44,0,0,1,1
0.273315,0.373091,0.44,0,0,1,1
0.275913,0.374591,0.44,0,0,1,1
0.278511,0.376091,0.44,0,0,1,1
0.28111,0.377591,0.44,0,0,1,1
0.283708,0.379091,0.44,0,0,1,1
0.286306,0.380591,0.44,0,0,1,1
0.288904,0.382091,0.44,0,0,1,1
0.291502,0.383591,0.44,0,0,1,1
0.2941,0.385091,0.44,0,0,1,1
0.296698,0.386591,0.44,0,0,1,1
0.299296,0.388091,0.44,0,0,1,1
0.301894,0.389591,0.44,0,0,1,1
0.304492,0.391091,0.44,0,0,1,1
0.30709,0.392591,0.44,0,0,1,1
0.309688,0.394091,0.44,0,0,1,1
0.312287,0.395591,0.44,0,0,1,1
0.314885,0.397091,0.44,0,0,1,1
0.317483,0.398591,0.44,0,0,1,1
0.320081,0.400091,0.44,0,0,1,1
0.322679,0.401591,0.44,0,0,1,1
0.325277,0.403091,0.44,0,0,1,1
0.327875,0.404591,0.44,0,0,1,1
0.330473,0.406091,0.44,0,0,1,1
0.333071,0.407591,0.44,0,0,1,1
0.1605,0.304493,0.44,0,0,1,1
0.163098,0.305993,0.44,0,0,1,1
0.165696,0.307493,0.44,0,0,1,1
0.168294,0.308993,0.44,0,0,1,1
0.170892,0.310493,0.44,0,0,1,1
0.17349,0.311993,0.44,0,0,1,1
0.176088,0.313493,0.44,0,0,1,1
0.178687,0.314993,0.44,0,0,1,1
0.181285,0.316493,0.44,0,0,1,1
0.183883,0.317993,0.44,0,0,1,1
0.186481,0.319493,0.44,0,0,1,1
0.189079,0.320993,0.44,0,0,1,1
0.191677,0.322493,0.44,0,0,1,1
0.194275,0.323993,0.44,0,0,1,1
0.196873,0.325493,0.44,0,0,1,1
0.199471,0.326993,0.44,0,0,1,1
0.202069,0.328493,0.44,0,0,1,1
0.204667,0.329993,0.44,0,0,1,1
0.207265,0.331493,0.44,0,0,1,1
0.209863,0.332993,0.44,0,0,1,1
0.212462,0.334493,0.44,0,0,1,1
0.21506,0.335993,0.44,0,0,1,1
0.217658,0.337493,0.44,0,0,1,1
0.220256,0.338993,0.44,0,0,1,1
0.222854,0.340493,0.44,0,0,1,1
0.225452,0.341993,0.44,0,0,1,1
0.22805,0.343493,0.44,0,0,1,1
0.230648,0.344993,0.44,0,0,1,1
0.233246,0.346493,0.44,0,0,1,1
0.235844,0.347993,0.44,0,0,1,1
0.238442,0.349493,0.44,0,0,1,1
0.24104,0.350993,0.44,0,0,1,1
0.243638,0.352493,0.44,0,0,1,1
0.246236,0.353993,0.44,0,0,1,1
0.248835,0.355493,0.44,0,0,1,1
0.251433,0.356993,0.44,0,0,1,1
0.254031,0.358493,0.44,0,0,1,1
0.256629,0.359993,0.44,0,0,1,1
0.259227,0.361493,0.44,0,0,1,1
0.261825,0.362993,0.44,0,0,1,1
0.264423,0.364493,0.44,0,0,1,1
0.267021,0.365993,0.44,0,0,1,1
0.269619,0.367493,0.44,0,0,1,1
0.272217,0.368993,0.44,0,0,1,1
0.274815,0.370493,0.44,0,0,1,1
0.277413,0.371993,0.44,0,0,1,1
0.280012,0.373493,0.44,0,0,1,1
0.28261,0.374993,0.44,0,0,1,1
0.285208,0.376493,0.44,0,0,1,1
0.287806,0.377993,0.44,0,0,1,1
0.290404,0.379493,0.44,0,0,1,1
0.293002,0.380993,0.44,0,0,1,1
0.2956,0.382493,0.44,0,0,1,1
0.298198,0.383993,0.44,0,0,1,1
0.300796,0.385493,0.44,0,0,1,1
0.303394,0.386993,0.44,0,0,1,1
0.305992,0.388493,0.44,0,0,1,1
0.30859,0.389993,0.44,0,0,1,1
0.311188,0.391493,0.44,0,0,1,1
0.313787,0.392993,0.44,0,0,1,1
0.316385,0.394493,0.44,0,0,1,1
0.318983,0.395993,0.44,0,0,1,1
0.321581,0.397493,0.44,0,0,1,1
0.324179,0.398993,0.44,0,0,1,1
0.326777,0.400493,0.44,0,0,1,1
0.329375,0.401993,0.44,0,0,1,1
0.331973,0.403493,0.44,0,0,1,1
0.334571,0.404993,0.44,0,0,1,1
0.162,0.301895,0.44,0,0,1,1
0.164598,0.303395,0.44,0,0,1,1
0.167196,0.304895,0.44,0,0,1,1
0.169794,0.306395,0.44,0,0,1,1
0.172392,0.307895,0.44,0,0,1,1
0.17499,0.309395,0.44,0,0,1,1
0.177588,0.310895,0.44,0,0,1,1
0.180187,0.312395,0.44,0,0,1,1
0.182785,0.313895,0.44,0,0,1,1
0.185383,0.315395,0.44,0,0,1,1
0.187981,0.316895,0.44,0,0,1,1
0.190579,0.318395,0.44,0,0,1,1
0.193177,0.319895,0.44,0,0,1,1
0.195775,0.321395,0.44,0,0,1,1
0.198373,0.322895,0.44,0,0,1,1
0.200971,0.324395,0.44,0,0,1,1
0.203569,0.325895,0.44,0,0,1,1
0.206167,0.327395,0.44,0,0,1,1
0.208765,0.328895,0.44,0,0,1,1
0.211363,0.330395,0.44,0,0,1,1
0.213962,0.331895,0.44,0,0,1,1
0.21656,0.333395,0.44,0,0,1,1
0.219158,0.334895,0.44,0,0,1,1
0.221756,0.336395,0.44,0,0,1,1
0.224354,0.337895,0.44,0,0,1,1
0.226952,0.339395,0.44,0,0,1,1
0.22955,0.340895,0.44,0,0,1,1
0.232148,0.342395,0.44,0,0,1,1
0.234746,0.343895,0.44,0,0,1,1
0.237344,0.345395,0.44,0,0,1,1
0.239942,0.346895,0.44,0,0,1,1
0.24254,0.348395,0.44,0,0,1,1
0.245138,0.349895,0.44,0,0,1,1
0.247736,0.351395,0.44,0,0,1,1
0.250335,0.352895,0.44,0,0,1,1
0.252933,0.354395,0.44,0,0,1,1
0.255531,0.355895,0.44,0,0,1,1
0.258129,0.357395,0.44,0,0,1,1
0.260727,0.358895,0.44,0,0,1,1
0.263325,0.360395,0.44,0,0,1,1
0.265923,0.361895,0.44,0,0,1,1
0.268521,0.363395,0.44,0,0,1,1
0.271119,0.364895,0.44,0,0,1,1
0.273717,0.366395,0.44,0,0,1,1
0.276315,0.367895,0.44,0,0,1,1
0.278913,0.369395,0.44,0,0,1,1
0.281511,0.370895,0.44,0,0,1,1
0.28411,0.372395,0.44,0,0,1,1
0.286708,0.373895,0.44,0,0,1,1
0.289306,0.375395,0.44,0,0,1,1
0.291904,0.376895,0.44,0,0,1,1
0.294502,0.378395,0.44,0,0,1,1
0.2971,0.379895,0.44,0,0,1,1
0.299698,0.381395,0.44,0,0,1,1
0.302296,0.382895,0.44,0,0,1,1
0.304894,0.384395,0.44,0,0,1,1
0.307492,0.385895,0.44,0,0,1,1
0.31009,0.387395,0.44,0,0,1,1
0.312688,0.388895,0.44,0,0,1,1
0.315287,0.390395,0.44,0,0,1,1
0.317885,0.391895,0.44,0,0,1,1
0.320483,0.393395,0.44,0,0,1,1
0.323081,0.394895,0.44,0,0,1,1
0.325679,0.396395,0.44,0,0,1,1
0.328277,0.397895,0.44,0,0,1,1
0.330875,0.399395,0.44,0,0,1,1
0.333473,0.400895,0.44,0,0,1,1
0.336071,0.402395,0.44,0,0,1,1
0.1635,0.299297,0.44,0,0,1,1
0.166098,0.300797,0.44,0,0,1,1
0.168696,0.302297,0.44,0,0,1,1
0.171294,0.303797,0.44,0,0,1,1
0.173892,0.305297,0.44,0,0,1,1
0.17649,0.306797,0.44,0,0,1,1
0.179088,0.308297,0.44,0,0,1,1
0.181687,0.309797,0.44,0,0,1,1
0.184285,0.311297,0.44,0,0,1,1
0.186883,0.312797,0.44,0,0,1,1
0.189481,0.314297,0.44,0,0,1,1
0.192079,0.315797,0.44,0,0,1,1
0.194677,0.317297,0.44,0,0,1,1
0.197275,0.318797,0.44,0,0,1,1
0.199873,0.320297,0.44,0,0,1,1
0.202471,0.321797,0.44,0,0,1,1
0.205069,0.323297,0.44,0,0,1,1
0.207667,0.324797,0.44,0,0,1,1
0.210265,0.326297,0.44,0,0,1,1
0.212863,0.327797,0.44,0,0,1,1
0.215462,0.329297,0.44,0,0,1,1
0.21806,0.330797,0.44,0,0,1,1
0.220658,0.332297,0.44,0,0,1,1
0.223256,0.333797,0.44,0,0,1,1
0.225854,0.335297,0.44,0,0,1,1
0.228452,0.336797,0.44,0,0,1,1
0.23105,0.338297,0.44,0,0,1,1
0.233648,0.339797,0.44,0,0,1,1
0.236246,0.341297,0.44,0,0,1,1
0.238844,0.342797,0.44,0,0,1,1
0.241442,0.344297,0.44,0,0,1,1
0.24404,0.345797,0.44,0,0,1,1
0.246638,0.347297,0.44,0,0,1,1
0.249236,0.348797,0.44,0,0,1,1
0.251835,0.350297,0.44,0,0,1,1
0.254433,0.351797,0.44,0,0,1,1
0.257031,0.353297,0.44,0,0,1,1
0.259629,0.354797,0.44,0,0,1,1
0.262227,0.356297,0.44,0,0,1,1
0.264825,0.357797,0.44,0,0,1,1
0.267423,0.359297,0.44,0,0,1,1
0.270021,0.360797,0.44,0,0,1,1
0.272619,0.362297,0.44,0,0,1,1
0.275217,0.363797,0.44,0,0,1,1
0.277815,0.365297,0.44,0,0,1,1
0.280413,0.366797,0.44,0,0,1,1
0.283011,0.368297,0.44,0,0,1,1
0.28561,0.369797,0.44,0,0,1,1
0.288208,0.371297,0.44,0,0,1,1
0.290806,0.372797,0.44,0,0,1,1
0.293404,0.374297,0.44,0,0,1,1
0.296002,0.375797,0.44,0,0,1,1
0.2986,0.377297,0.44,0,0,1,1
0.301198,0.378797,0.44,0,0,1,1
0.303796,0.380297,0.44,0,0,1,1
0.306394,0.381797,0.44,0,0,1,1
0.308992,0.383297,0.44,0,0,1,1
0.31159,0.384797,0.44,0,0,1,1
0.314188,0.386297,0.44,0,0,1,1
0.316787,0.387797,0.44,0,0,1,1
0.319385,0.389297,0.44,0,0,1,1
0.321983,0.390797,0.44,0,0,1,1
0.324581,0.392297,0.44,0,0,1,1
0.327179,0.393797,0.44,0,0,1,1
0.329777,0.395297,0.44,0,0,1,1
0.332375,0.396797,0.44,0,0,1,1
0.334973,0.398297,0.44,0,0,1,1
0.337571,0.399797,0.44,0,0,1,1
0.165,0.296699,0.44,0,0,1,1
0.167598,0.298199,0.44,0,0,1,1
0.170196,0.299699,0.44,0,0,1,1
0.172794,0.301199,0.44,0,0,1,1
0.175392,0.302699,0.44,0,0,1,1
0.17799,0.304199,0.44,0,0,1,1
0.180588,0.305699,0.44,0,0,1,1
0.183187,0.307199,0.44,0,0,1,1
0.185785,0.308699,0.44,0,0,1,1
0.188383,0.310199,0.44,0,0,1,1
0.190981,0.311699,0.44,0,0,1,1
0.193579,0.313199,0.44,0,0,1,1
0.196177,0.314699,0.44,0,0,1,1
0.198775,0.316199,0.44,0,0,1,1
0.201373,0.317699,0.44,0,0,1,1
0.203971,0.319199,0.44,0,0,1,1
0.206569,0.320699,0.44,0,0,1,1
0.209167,0.322199,0.44,0,0,1,1
0.211765,0.323699,0.44,0,0,1,1
0.214363,0.325199,0.44,0,0,1,1
0.216962,0.326699,0.44,0,0,1,1
0.21956,0.328199,0.44,0,0,1,1
0.222158,0.329699,0.44,0,0,1,1
0.224756,0.331199,0.44,0,0,1,1
0.227354,0.332699,0.44,0,0,1,1
0.229952,0.334199,0.44,0,0,1,1
0.23255,0.335699,0.44,0,0,1,1
0.235148,0.337199,0.44,0,0,1,1
0.237746,0.338699,0.44,0,0,1,1
0.240344,0.340199,0.44,0,0,1,1
0.242942,0.341699,0.44,0,0,1,1
0.24554,0.343199,0.44,0,0,1,1
0.248138,0.344699,0.44,0,0,1,1
0.250737,0.346199,0.44,0,0,1,1
0.253335,0.347699,0.44,0,0,1,1
0.255933,0.349199,0.44,0,0,1,1
0.258531,0.350699,0.44,0,0,1,1
0.261129,0.352199,0.44,0,0,1,1
0.263727,0.353699,0.44,0,0,1,1
0.266325,0.355199,0.44,0,0,1,1
0.268923,0.356699,0.44,0,0,1,1
0.271521,0.358199,0.44,0,0,1,1
0.274119,0.359699,0.44,0,0,1,1
0.276717,0.361199,0.44,0,0,1,1
0.279315,0.362699,0.44,0,0,1,1
0.281913,0.364199,0.44,0,0,1,1
0.284512,0.365699,0.44,0,0,1,1
0.28711,0.367199,0.44,0,0,1,1
0.289708,0.368699,0.44,0,0,1,1
0.292306,0.370199,0.44,0,0,1,1
0.294904,0.371699,0.44,0,0,1,1
0.297502,0.373199,0.44,0,0,1,1
0.3001,0.374699,0.44,0,0,1,1
0.302698,0.376199,0.44,0,0,1,1
0.305296,0.377699,0.44,0,0,1,1
0.307894,0.379199,0.44,0,0,1,1
0.310492,0.380699,0.44,0,0,1,1
0.31309,0.382199,0.44,0,0,1,1
0.315688,0.383699,0.44,0,0,1,1
0.318287,0.385199,0.44,0,0,1,1
0.320885,0.386699,0.44,0,0,1,1
0.323483,0.388199,0.44,0,0,1,1
0.326081,0.389699,0.44,0,0,1,1
0.328679,0.391199,0.44,0,0,1,1
0.331277,0.392699,0.44,0,0,1,1
0.333875,0.394199,0.44,0,0,1,1
0.336473,0.395699,0.44,0,0,1,1
0.339071,0.397199,0.44,0,0,1,1
0.1665,0.294101,0.44,0,0,1,1
0.169098,0.295601,0.44,0,0,1,1
0.171696,0.297101,0.44,0,0,1,1
0.174294,0.298601,0.44,0,0,1,1
0.176892,0.300101,0.44,0,0,1,1
0.17949,0.301601,0.44,0,0,1,1
0.182088,0.303101,0.44,0,0,1,1
0.184687,0.304601,0.44,0,0,1,1
0.187285,0.306101,0.44,0,0,1,1
0.189883,0.307601,0.44,0,0,1,1
0.192481,0.309101,0.44,0,0,1,1
0.195079,0.310601,0.44,0,0,1,1
0.197677,0.312101,0.44,0,0,1,1
0.200275,0.313601,0.44,0,0,1,1
0.202873,0.315101,0.44,0,0,1,1
0.205471,0.316601,0.44,0,0,1,1
0.208069,0.318101,0.44,0,0,1,1
0.210667,0.319601,0.44,0,0,1,1
0.213265,0.321101,0.44,0,0,1,1
0.215863,0.322601,0.44,0,0,1,1
0.218462,0.324101,0.44,0,0,1,1
0.22106,0.325601,0.44,0,0,1,1
0.223658,0.327101,0.44,0,0,1,1
0.226256,0.328601,0.44,0,0,1,1
0.228854,0.330101,0.44,0,0,1,1
0.231452,0.331601,0.44,0,0,1,1
0.23405,0.333101,0.44,0,0,1,1
0.236648,0.334601,0.44,0,0,1,1
0.239246,0.336101,0.44,0,0,1,1
0.241844,0.337601,0.44,0,0,1,1
0.244442,0.339101,0.44,0,0,1,1
0.24704,0.340601,0.44,0,0,1,1
0.249638,0.342101,0.44,0,0,1,1
0.252236,0.343601,0.44,0,0,1,1
0.254835,0.345101,0.44,0,0,1,1
0.257433,0.346601,0.44,0,0,1,1
0.260031,0.348101,0.44,0,0,1,1
0.262629,0.349601,0.44,0,0,1,1
0.265227,0.351101,0.44,0,0,1,1
0.267825,0.352601,0.44,0,0,1,1
0.270423,0.354101,0.44,0,0,1,1
0.273021,0.355601,0.44,0,0,1,1
0.275619,0.357101,0.44,0,0,1,1
0.278217,0.358601,0.44,0,0,1,1
0.280815,0.360101,0.44,0,0,1,1
0.283413,0.361601,0.44,0,0,1,1
0.286011,0.363101,0.44,0,0,1,1
0.28861,0.364601,0.44,0,0,1,1
0.291208,0.366101,0.44,0,0,1,1
0.293806,0.367601,0.44,0,0,1,1
0.296404,0.369101,0.44,0,0,1,1
0.299002,0.370601,0.44,0,0,1,1
0.3016,0.372101,0.44,0,0,1,1
0.304198,0.373601,0.44,0,0,1,1
0.306796,0.375101,0.44,0,0,1,1
0.309394,0.376601,0.44,0,0,1,1
0.311992,0.378101,0.44,0,0,1,1
0.31459,0.379601,0.44,0,0,1,1
0.317188,0.381101,0.44,0,0,1,1
0.319787,0.382601,0.44,0,0,1,1
0.322385,0.384101,0.44,0,0,1,1
0.324983,0.385601,0.44,0,0,1,1
0.327581,0.387101,0.44,0,0,1,1
0.330179,0.388601,0.44,0,0,1,1
0.332777,0.390101,0.44,0,0,1,1
0.335375,0.391601,0.44,0,0,1,1
0.337973,0.393101,0.44,0,0,1,1
0.340571,0.394601,0.44,0,0,1,1
0.168,0.291503,0.44,0,0,1,1
0.170598,0.293003,0.44,0,0,1,1
0.173196,0.294503,0.44,0,0,1,1
0.175794,0.296003,0.44,0,0,1,1
0.178392,0.297503,0.44,0,0,1,1
0.18099,0.299003,0.44,0,0,1,1
0.183588,0.300503,0.44,0,0,1,1
0.186187,0.302003,0.44,0,0,1,1
0.188785,0.303503,0.44,0,0,1,1
0.191383,0.305003,0.44,0,0,1,1
0.193981,0.306503,0.44,0,0,1,1
0.196579,0.308003,0.44,0,0,1,1
0.199177,0.309503,0.44,0,0,1,1
0.201775,0.311003,0.44,0,0,1,1
0.204373,0.312503,0.44,0,0,1,1
0.206971,0.314003,0.44,0,0,1,1
0.209569,0.315503,0.44,0,0,1,1
0.212167,0.317003,0.44,0,0,1,1
0.214765,0.318503,0.44,0,0,1,1
0.217363,0.320003,0.44,0,0,1,1
0.219962,0.321503,0.44,0,0,1,1
0.22256,0.323003,0.44,0,0,1,1
0.225158,0.324503,0.44,0,0,1,1
0.227756,0.326003,0.44,0,0,1,1
0.230354,0.327503,0.44,0,0,1,1
0.232952,0.329003,0.44,0,0,1,1
0.23555,0.330503,0.44,0,0,1,1
0.238148,0.332003,0.44,0,0,1,1
0.240746,0.333503,0.44,0,0,1,1
0.243344,0.335003,0.44,0,0,1,1
0.245942,0.336503,0.44,0,0,1,1
0.24854,0.338003,0.44,0,0,1,1
0.251138,0.339503,0.44,0,0,1,1
0.253736,0.341003,0.44,0,0,1,1
0.256335,0.342503,0.44,0,0,1,1
0.258933,0.344003,0.44,0,0,1,1
0.261531,0.345503,0.44,0,0,1,1
0.264129,0.347003,0.44,0,0,1,1
0.266727,0.348503,0.44,0,0,1,1
0.269325,0.350003,0.44,0,0,1,1
0.271923,0.351503,0.44,0,0,1,1
0.274521,0.353003,0.44,0,0,1,1
0.277119,0.354503,0.44,0,0,1,1
0.279717,0.356003,0.44,0,0,1,1
0.282315,0.357503,0.44,0,0,1,1
0.284913,0.359003,0.44,0,0,1,1
0.287511,0.360503,0.44,0,0,1,1
0.29011,0.362003,0.44,0,0,1,1
0.292708,0.363503,0.44,0,0,1,1
0.295306,0.365003,0.44,0,0,1,1
0.297904,0.366503,0.44,0,0,1,1
0.300502,0.368003,0.44,0,0,1,1
0.3031,0.369503,0.44,0,0,1,1
0.305698,0.371003,0.44,0,0,1,1
0.308296,0.372503,0.44,0,0,1,1
0.310894,0.374003,0.44,0,0,1,1
0.313492,0.375503,0.44,0,0,1,1
0.31609,0.377003,0.44,0,0,1,1
0.318688,0.378503,0.44,0,0,1,1
0.321287,0.380003,0.44,0,0,1,1
0.323885,0.381503,0.44,0,0,1,1
0.326483,0.383003,0.44,0,0,1,1
0.329081,0.384503,0.44,0,0,1,1
0.331679,0.386003,0.44,0,0,1,1
0.334277,0.387503,0.44,0,0,1,1
0.336875,0.389003,0.44,0,0,1,1
0.339473,0.390503,0.44,0,0,1,1
0.342071,0.392003,0.44,0,0,1,1
0.1695,0.288905,0.44,0,0,1,1
0.172098,0.290405,0.44,0,0,1,1
0.174696,0.291905,0.44,0,0,1,1
0.177294,0.293405,0.44,0,0,1,1
0.179892,0.294905,0.44,0,0,1,1
0.18249,0.296405,0.44,0,0,1,1
0.185088,0.297905,0.44,0,0,1,1
0.187687,0.299405,0.44,0,0,1,1
0.190285,0.300905,0.44,0,0,1,1
0.192883,0.302405,0.44,0,0,1,1
0.195481,0.303905,0.44,0,0,1,1
0.198079,0.305405,0.44,0,0,1,1
0.200677,0.306905,0.44,0,0,1,1
0.203275,0.308405,0.44,0,0,1,1
0.205873,0.309905,0.44,0,0,1,1
0.208471,0.311405,0.44,0,0,1,1
0.211069,0.312905,0.44,0,0,1,1
0.213667,0.314405,0.44,0,0,1,1
0.216265,0.315905,0.44,0,0,1,1
0.218863,0.317405,0.44,0,0,1,1
0.221462,0.318905,0.44,0,0,1,1
0.22406,0.320404,0.44,0,0,1,1
0.226658,0.321905,0.44,0,0,1,1
0.229256,0.323405,0.44,0,0,1,1
0.231854,0.324905,0.44,0,0,1,1
0.234452,0.326405,0.44,0,0,1,1
0.23705,0.327905,0.44,0,0,1,1
0.239648,0.329405,0.44,0,0,1,1
0.242246,0.330905,0.44,0,0,1,1
0.244844,0.332404,0.44,0,0,1,1
0.247442,0.333905,0.44,0,0,1,1
0.25004,0.335405,0.44,0,0,1,1
0.252638,0.336904,0.44,0,0,1,1
0.255237,0.338405,0.44,0,0,1,1
0.257835,0.339905,0.44,0,0,1,1
0.260433,0.341404,0.44,0,0,1,1
0.263031,0.342905,0.44,0,0,1,1
0.265629,0.344404,0.44,0,0,1,1
0.268227,0.345904,0.44,0,0,1,1
0.270825,0.347405,0.44,0,0,1,1
0.273423,0.348904,0.44,0,0,1,1
0.276021,0.350405,0.44,0,0,1,1
0.278619,0.351905,0.44,0,0,1,1
0.281217,0.353404,0.44,0,0,1,1
0.283815,0.354905,0.44,0,0,1,1
0.286413,0.356405,0.44,0,0,1,1
0.289012,0.357905,0.44,0,0,1,1
0.29161,0.359405,0.44,0,0,1,1
0.294208,0.360905,0.44,0,0,1,1
0.296806,0.362405,0.44,0,0,1,1
0.299404,0.363905,0.44,0,0,1,1
0.302002,0.365405,0.44,0,0,1,1
0.3046,0.366905,0.44,0,0,1,1
0.307198,0.368405,0.44,0,0,1,1
0.309796,0.369905,0.44,0,0,1,1
0.312394,0.371405,0.44,0,0,1,1
0.314992,0.372905,0.44,0,0,1,1
0.31759,0.374405,0.44,0,0,1,1
0.320188,0.375905,0.44,0,0,1,1
0.322787,0.377405,0.44,0,0,1,1
0.325385,0.378905,0.44,0,0,1,1
0.327983,0.380405,0.44,0,0,1,1
0.330581,0.381905,0.44,0,0,1,1
0.333179,0.383405,0.44,0,0,1,1
0.335777,0.384905,0.44,0,0,1,1
0.338375,0.386405,0.44,0,0,1,1
0.340973,0.387905,0.44,0,0,1,1
0.343571,0.389405,0.44,0,0,1,1
0.171,0.286306,0.44,0,0,1,1
0.173598,0.287806,0.44,0,0,1,1
0.176196,0.289306,0.44,0,0,1,1
0.178794,0.290806,0.44,0,0,1,1
0.181392,0.292306,0.44,0,0,1,1
0.18399,0.293806,0.44,0,0,1,1
0.186588,0.295306,0.44,0,0,1,1
0.189187,0.296806,0.44,0,0,1,1
0.191785,0.298306,0.44,0,0,1,1
0.194383,0.299806,0.44,0,0,1,1
0.196981,0.301306,0.44,0,0,1,1
0.199579,0.302806,0.44,0,0,1,1
0.202177,0.304306,0.44,0,0,1,1
0.204775,0.305806,0.44,0,0,1,1
0.207373,0.307306,0.44,0,0,1,1
0.209971,0.308806,0.44,0,0,1,1
0.212569,0.310306,0.44,0,0,1,1
0.215167,0.311806,0.44,0,0,1,1
0.217765,0.313306,0.44,0,0,1,1
0.220363,0.314806,0.44,0,0,1,1
0.222962,0.316306,0.44,0,0,1,1
0.22556,0.317806,0.44,0,0,1,1
0.228158,0.319306,0.44,0,0,1,1
0.230756,0.320806,0.44,0,0,1,1
0.233354,0.322306,0.44,0,0,1,1
0.235952,0.323806,0.44,0,0,1,1
0.23855,0.325306,0.44,0,0,1,1
0.241148,0.326806,0.44,0,0,1,1
0.243746,0.328306,0.44,0,0,1,1
0.246344,0.329806,0.44,0,0,1,1
0.248942,0.331306,0.44,0,0,1,1
0.25154,0.332806,0.44,0,0,1,1
0.254138,0.334306,0.44,0,0,1,1
0.256736,0.335806,0.44,0,0,1,1
0.259335,0.337306,0.44,0,0,1,1
0.261933,0.338806,0.44,0,0,1,1
0.264531,0.340306,0.44,0,0,1,1
0.267129,0.341806,0.44,0,0,1,1
0.269727,0.343306,0.44,0,0,1,1
0.272325,0.344806,0.44,0,0,1,1
0.274923,0.346306,0.44,0,0,1,1
0.277521,0.347806,0.44,0,0,1,1
0.280119,0.349306,0.44,0,0,1,1
0.282717,0.350806,0.44,0,0,1,1
0.285315,0.352306,0.44,0,0,1,1
0.287913,0.353806,0.44,0,0,1,1
0.290511,0.355306,0.44,0,0,1,1
0.29311,0.356806,0.44,0,0,1,1
0.295708,0.358306,0.44,0,0,1,1
0.298306,0.359806,0.44,0,0,1,1
0.300904,0.361306,0.44,0,0,1,1
0.303502,0.362806,0.44,0,0,1,1
0.3061,0.364306,0.44,0,0,1,1
0.308698,0.365806,0.44,0,0,1,1
0.311296,0.367306,0.44,0,0,1,1
0.313894,0.368806,0.44,0,0,1,1
0.316492,0.370306,0.44,0,0,1,1
0.31909,0.371806,0.44,0,0,1,1
0.321688,0.373306,0.44,0,0,1,1
0.324287,0.374806,0.44,0,0,1,1
0.326885,0.376306,0.44,0,0,1,1
0.329483,0.377806,0.44,0,0,1,1
0.332081,0.379306,0.44,0,0,1,1
0.334679,0.380806,0.44,0,0,1,1
0.337277,0.382306,0.44,0,0,1,1
0.339875,0.383806,0.44,0,0,1,1
0.342473,0.385307,0.44,0,0,1,1
0.345071,0.386806,0.44,0,0,1,1
0.1725,0.283708,0.44,0,0,1,1
0.175098,0.285208,0.44,0,0,1,1
0.177696,0.286708,0.44,0,0,1,1
0.180294,0.288208,0.44,0,0,1,1
0.182892,0.289708,0.44,0,0,1,1
0.18549,0.291208,0.44,0,0,1,1
0.188088,0.292708,0.44,0,0,1,1
0.190687,0.294208,0.44,0,0,1,1
0.193285,0.295708,0.44,0,0,1,1
0.195883,0.297208,0.44,0,0,1,1
0.198481,0.298708,0.44,0,0,1,1
0.201079,0.300208,0.44,0,0,1,1
0.203677,0.301708,0.44,0,0,1,1
0.206275,0.303208,0.44,0,0,1,1
0.208873,0.304708,0.44,0,0,1,1
0.211471,0.306208,0.44,0,0,1,1
0.214069,0.307708,0.44,0,0,1,1
0.216667,0.309208,0.44,0,0,1,1
0.219265,0.310708,0.44,0,0,1,1
0.221863,0.312208,0.44,0,0,1,1
0.224462,0.313708,0.44,0,0,1,1
0.22706,0.315208,0.44,0,0,1,1
0.229658,0.316708,0.44,0,0,1,1
0.232256,0.318208,0.44,0,0,1,1
0.234854,0.319708,0.44,0,0,1,1
0.237452,0.321208,0.44,0,0,1,1
0.24005,0.322708,0.44,0,0,1,1
0.242648,0.324208,0.44,0,0,1,1
0.245246,0.325708,0.44,0,0,1,1
0.247844,0.327208,0.44,0,0,1,1
0.250442,0.328708,0.44,0,0,1,1
0.25304,0.330208,0.44,0,0,1,1
0.255638,0.331708,0.44,0,0,1,1
0.258236,0.333208,0.44,0,0,1,1
0.260835,0.334708,0.44,0,0,1,1
0.263433,0.336208,0.44,0,0,1,1
0.266031,0.337708,0.44,0,0,1,1
0.268629,0.339208,0.44,0,0,1,1
0.271227,0.340708,0.44,0,0,1,1
0.273825,0.342208,0.44,0,0,1,1
0.276423,0.343708,0.44,0,0,1,1
0.279021,0.345208,0.44,0,0,1,1
0.281619,0.346708,0.44,0,0,1,1
0.284217,0.348208,0.44,0,0,1,1
0.286815,0.349708,0.44,0,0,1,1
0.289413,0.351208,0.44,0,0,1,1
0.292011,0.352708,0.44,0,0,1,1
0.29461,0.354208,0.44,0,0,1,1
0.297208,0.355708,0.44,0,0,1,1
0.299806,0.357208,0.44,0,0,1,1
0.302404,0.358708,0.44,0,0,1,1
0.305002,0.360208,0.44,0,0,1,1
0.3076,0.361708,0.44,0,0,1,1
0.310198,0.363208,0.44,0,0,1,1
0.312796,0.364708,0.44,0,0,1,1
0.315394,0.366208,0.44,0,0,1,1
0.317992,0.367708,0.44,0,0,1,1
0.32059,0.369208,0.44,0,0,1,1
0.323188,0.370708,0.44,0,0,1,1
0.325787,0.372208,0.44,0,0,1,1
0.328385,0.373708,0.44,0,0,1,1
0.330983,0.375208,0.44,0,0,1,1
0.333581,0.376708,0.44,0,0,1,1
0.336179,0.378208,0.44,0,0,1,1
0.338777,0.379708,0.44,0,0,1,1
0.341375,0.381208,0.44,0,0,1,1
0.343973,0.382708,0.44,0,0,1,1
0.346571,0.384208,0.44,0,0,1,1
0.174,0.28111,0.44,0,0,1,1
0.176598,0.28261,0.44,0,0,1,1
0.179196,0.28411,0.44,0,0,1,1
0.181794,0.28561,0.44,0,0,1,1
0.184392,0.28711,0.44,0,0,1,1
0.18699,0.28861,0.44,0,0,1,1
0.189588,0.29011,0.44,0,0,1,1
0.192187,0.29161,0.44,0,0,1,1
0.194785,0.29311,0.44,0,0,1,1
0.197383,0.29461,0.44,0,0,1,1
0.199981,0.29611,0.44,0,0,1,1
0.202579,0.29761,0.44,0,0,1,1
0.205177,0.29911,0.44,0,0,1,1
0.207775,0.30061,0.44,0,0,1,1
0.210373,0.30211,0.44,0,0,1,1
0.212971,0.30361,0.44,0,0,1,1
0.215569,0.30511,0.44,0,0,1,1
0.218167,0.30661,0.44,0,0,1,1
0.220765,0.30811,0.44,0,0,1,1
0.223363,0.30961,0.44,0,0,1,1
0.225962,0.31111,0.44,0,0,1,1
0.22856,0.31261,0.44,0,0,1,1
0.231158,0.31411,0.44,0,0,1,1
0.233756,0.31561,0.44,0,0,1,1
0.236354,0.31711,0.44,0,0,1,1
0.238952,0.31861,0.44,0,0,1,1
0.24155,0.32011,0.44,0,0,1,1
0.244148,0.32161,0.44,0,0,1,1
0.246746,0.32311,0.44,0,0,1,1
0.249344,0.32461,0.44,0,0,1,1
0.251942,0.32611,0.44,0,0,1,1
0.25454,0.32761,0.44,0,0,1,1
0.257138,0.32911,0.44,0,0,1,1
0.259736,0.33061,0.44,0,0,1,1
0.262335,0.33211,0.44,0,0,1,1
0.264933,0.33361,0.44,0,0,1,1
0.267531,0.33511,0.44,0,0,1,1
0.270129,0.33661,0.44,0,0,1,1
0.272727,0.33811,0.44,0,0,1,1
0.275325,0.33961,0.44,0,0,1,1
0.277923,0.34111,0.44,0,0,1,1
0.280521,0.34261,0.44,0,0,1,1
0.283119,0.34411,0.44,0,0,1,1
0.285717,0.34561,0.44,0,0,1,1
0.288315,0.34711,0.44,0,0,1,1
0.290913,0.34861,0.44,0,0,1,1
0.293511,0.35011,0.44,0,0,1,1
0.29611,0.35161,0.44,0,0,1,1
0.298708,0.35311,0.44,0,0,1,1
0.301306,0.35461,0.44,0,0,1,1
0.303904,0.35611,0.44,0,0,1,1
0.306502,0.35761,0.44,0,0,1,1
0.3091,0.35911,0.44,0,0,1,1
0.311698,0.36061,0.44,0,0,1,1
0.314296,0.36211,0.44,0,0,1,1
0.316894,0.36361,0.44,0,0,1,1
0.319492,0.36511,0.44,0,0,1,1
0.32209,0.36661,0.44,0,0,1,1
0.324688,0.36811,0.44,0,0,1,1
0.327287,0.36961,0.44,0,0,1,1
0.329885,0.37111,0.44,0,0,1,1
0.332483,0.37261,0.44,0,0,1,1
0.335081,0.37411,0.44,0,0,1,1
0.337679,0.37561,0.44,0,0,1,1
0.340277,0.37711,0.44,0,0,1,1
0.342875,0.37861,0.44,0,0,1,1
0.345473,0.38011,0.44,0,0,1,1
0.348071,0.38161,0.44,0,0,1,1
0.1755,0.278512,0.44,0,0,1,1
0.178098,0.280012,0.44,0,0,1,1
0.180696,0.281512,0.44,0,0,1,1
0.183294,0.283012,0.44,0,0,1,1
0.185892,0.284512,0.44,0,0,1,1
0.18849,0.286012,0.44,0,0,1,1
0.191088,0.287512,0.44,0,0,1,1
0.193687,0.289012,0.44,0,0,1,1
0.196285,0.290512,0.44,0,0,1,1
0.198883,0.292012,0.44,0,0,1,1
0.201481,0.293512,0.44,0,0,1,1
0.204079,0.295012,0.44,0,0,1,1
0.206677,0.296512,0.44,0,0,1,1
0.209275,0.298012,0.44,0,0,1,1
0.211873,0.299512,0.44,0,0,1,1
0.214471,0.301012,0.44,0,0,1,1
0.217069,0.302512,0.44,0,0,1,1
0.219667,0.304012,0.44,0,0,1,1
0.222265,0.305512,0.44,0,0,1,1
0.224863,0.307012,0.44,0,0,1,1
0.227462,0.308512,0.44,0,0,1,1
0.23006,0.310012,0.44,0,0,1,1
0.232658,0.311512,0.44,0,0,1,1
0.235256,0.313012,0.44,0,0,1,1
0.237854,0.314512,0.44,0,0,1,1
0.240452,0.316012,0.44,0,0,1,1
0.24305,0.317512,0.44,0,0,1,1
0.245648,0.319012,0.44,0,0,1,1
0.248246,0.320512,0.44,0,0,1,1
0.250844,0.322012,0.44,0,0,1,1
0.253442,0.323512,0.44,0,0,1,1
0.25604,0.325012,0.44,0,0,1,1
0.258638,0.326512,0.44,0,0,1,1
0.261236,0.328012,0.44,0,0,1,1
0.263835,0.329512,0.44,0,0,1,1
0.266433,0.331012,0.44,0,0,1,1
0.269031,0.332512,0.44,0,0,1,1
0.271629,0.334012,0.44,0,0,1,1
0.274227,0.335512,0.44,0,0,1,1
0.276825,0.337012,0.44,0,0,1,1
0.279423,0.338512,0.44,0,0,1,1
0.282021,0.340012,0.44,0,0,1,1
0.284619,0.341512,0.44,0,0,1,1
0.287217,0.343012,0.44,0,0,1,1
0.289815,0.344512,0.44,0,0,1,1
0.292413,0.346012,0.44,0,0,1,1
0.295011,0.347512,0.44,0,0,1,1
0.29761,0.349012,0.44,0,0,1,1
0.300208,0.350512,0.44,0,0,1,1
0.302806,0.352012,0.44,0,0,1,1
0.305404,0.353512,0.44,0,0,1,1
0.308002,0.355012,0.44,0,0,1,1
0.3106,0.356512,0.44,0,0,1,1
0.313198,0.358012,0.44,0,0,1,1
0.315796,0.359512,0.44,0,0,1,1
0.318394,0.361012,0.44,0,0,1,1
0.320992,0.362512,0.44,0,0,1,1
0.32359,0.364012,0.44,0,0,1,1
0.326188,0.365512,0.44,0,0,1,1
0.328787,0.367012,0.44,0,0,1,1
0.331385,0.368512,0.44,0,0,1,1
0.333983,0.370012,0.44,0,0,1,1
0.336581,0.371512,0.44,0,0,1,1
0.339179,0.373012,0.44,0,0,1,1
0.341777,0.374512,0.44,0,0,1,1
0.344375,0.376012,0.44,0,0,1,1
0.346973,0.377512,0.44,0,0,1,1
0.349571,0.379012,0.44,0,0,1,1
0.39,0.1,0.25,0,0,1,2
0.39,0.1,0.253,0,0,1,2
0.39,0.1,0.256,0,0,1,2
0.39,0.1,0.259,0,0,1,2
0.39,0.1,0.262,0,0,1,2
0.39,0.1,0.265,0,0,1,2
0.39,0.1,0.268,0,0,1,2
0.39,0.1,0.271,0,0,1,2
0.39,0.1,0.274,0,0,1,2
0.39,0.1,0.277,0,0,1,2
0.39,0.1,0.28,0,0,1,2
0.39,0.1,0.283,0,0,1,2
0.39,0.1,0.286,0,0,1,2
0.39,0.1,0.289,0,0,1,2
0.39,0.1,0.292,0,0,1,2
0.39,0.1,0.295,0,0,1,2
0.39,0.1,0.298,0,0,1,2
0.39,0.1,0.301,0,0,1,2
0.39,0.1,0.304,0,0,1,2
0.39,0.1,0.307,0,0,1,2
0.39,0.1,0.31,0,0,1,2
0.39,0.1,0.313,0,0,1,2
0.39,0.1,0.316,0,0,1,2
0.39,0.1,0.319,0,0,1,2
0.39,0.1,0.322,0,0,1,2
0.39,0.1,0.325,0,0,1,2
0.39,0.1,0.328,0,0,1,2
0.39,0.1,0.331,0,0,1,2
0.39,0.1,0.334,0,0,1,2
0.39,0.1,0.337,0,0,1,2
0.39,0.1,0.34,0,0,1,2
0.39,0.1,0.343,0,0,1,2
0.39,0.1,0.346,0,0,1,2
0.39,0.1,0.349,0,0,1,2
0.39,0.1,0.352,0,0,1,2
0.39,0.1,0.355,0,0,1,2
0.39,0.1,0.358,0,0,1,2
0.39,0.1,0.361,0,0,1,2
0.39,0.1,0.364,0,0,1,2
0.39,0.1,0.367,0,0,1,2
0.39,0.1,0.37,0,0,1,2
0.39,0.1,0.373,0,0,1,2
0.39,0.1,0.376,0,0,1,2
0.39,0.1,0.379,0,0,1,2
0.39,0.1,0.382,0,0,1,2
0.39,0.1,0.385,0,0,1,2
0.39,0.1,0.388,0,0,1,2
0.39,0.1,0.391,0,0,1,2
0.39,0.1,0.394,0,0,1,2
0.39,0.1,0.397,0,0,1,2
0.39,0.1,0.4,0,0,1,2
0.39,0.1,0.403,0,0,1,2
0.39,0.1,0.406,0,0,1,2
0.39,0.1,0.409,0,0,1,2
0.39,0.1,0.412,0,0,1,2
0.39,0.1,0.415,0,0,1,2
0.39,0.1,0.418,0,0,1,2
0.39,0.1,0.420999,0,0,1,2
0.39,0.1,0.423999,0,0,1,2
0.39,0.1,0.426999,0,0,1,2
0.39,0.1,0.429999,0,0,1,2
0.39,0.1,0.432999,0,0,1,2
0.39,0.1,0.435999,0,0,1,2
0.39,0.1,0.438999,0,0,1,2
0.39,0.1,0.441999,0,0,1,2
0.39,0.1,0.444999,0,0,1,2
0.39,0.1,0.447999,0,0,1,2
0.39,0.1,0.450999,0,0,1,2
0.393,0.1,0.25,0,0,1,2
0.393,0.1,0.253,0,0,1,2
0.393,0.1,0.256,0,0,1,2
0.393,0.1,0.259,0,0,1,2
0.393,0.1,0.262,0,0,1,2
0.393,0.1,0.265,0,0,1,2
0.393,0.1,0.268,0,0,1,2
0.393,0.1,0.271,0,0,1,2
0.393,0.1,0.274,0,0,1,2
0.393,0.1,0.277,0,0,1,2
0.393,0.1,0.28,0,0,1,2
0.393,0.1,0.283,0,0,1,2
0.393,0.1,0.286,0,0,1,2
0.393,0.1,0.289,0,0,1,2
0.393,0.1,0.292,0,0,1,2
0.393,0.1,0.295,0,0,1,2
0.393,0.1,0.298,0,0,1,2
0.393,0.1,0.301,0,0,1,2
0.393,0.1,0.304,0,0,1,2
0.393,0.1,0.307,0,0,1,2
0.393,0.1,0.31,0,0,1,2
0.393,0.1,0.313,0,0,1,2
0.393,0.1,0.316,0,0,1,2
0.393,0.1,0.319,0,0,1,2
0.393,0.1,0.322,0,0,1,2
0.393,0.1,0.325,0,0,1,2
0.393,0.1,0.328,0,0,1,2
0.393,0.1,0.331,0,0,1,2
0.393,0.1,0.334,0,0,1,2
0.393,0.1,0.337,0,0,1,2
0.393,0.1,0.34,0,0,1,2
0.393,0.1,0.343,0,0,1,2
0.393,0.1,0.346,0,0,1,2
0.393,0.1,0.349,0,0,1,2
0.393,0.1,0.352,0,0,1,2
0.393,0.1,0.355,0,0,1,2
0.393,0.1,0.358,0,0,1,2
0.393,0.1,0.361,0,0,1,2
0.393,0.1,0.364,0,0,1,2
0.393,0.1,0.367,0,0,1,2
0.393,0.1,0.37,0,0,1,2
0.393,0.1,0.373,0,0,1,2
0.393,0.1,0.376,0,0,1,2
0.393,0.1,0.379,0,0,1,2
0.393,0.1,0.382,0,0,1,2
0.393,0.1,0.385,0,0,1,2
0.393,0.1,0.388,0,0,1,2
0.393,0.1,0.391,0,0,1,2
0.393,0.1,0.394,0,0,1,2
0.393,0.1,0.397,0,0,1,2
0.393,0.1,0.4,0,0,1,2
0.393,0.1,0.403,0,0,1,2
0.393,0.1,0.406,0,0,1,2
0.393,0.1,0.409,0,0,1,2
0.393,0.1,0.412,0,0,1,2
0.393,0.1,0.415,0,0,1,2
0.393,0.1,0.418,0,0,1,2
0.393,0.1,0.420999,0,0,1,2
0.393,0.1,0.423999,0,0,1,2
0.393,0.1,0.426999,0,0,1,2
0.393,0.1,0.429999,0,0,1,2
0.393,0.1,0.432999,0,0,1,2
0.393,0.1,0.435999,0,0,1,2
0.393,0.1,0.438999,0,0,1,2
0.393,0.1,0.441999,0,0,1,2
0.393,0.1,0.444999,0,0,1,2
0.393,0.1,0.447999,0,0,1,2
0.393,0.1,0.450999,0,0,1,2
0.396,0.1,0.25,0,0,1,2
0.396,0.1,0.253,0,0,1,2
0.396,0.1,0.256,0,0,1,2
0.396,0.1,0.259,0,0,1,2
0.396,0.1,0.262,0,0,1,2
0.396,0.1,0.265,0,0,1,2
0.396,0.1,0.268,0,0,1,2
0.396,0.1,0.271,0,0,1,2
0.396,0.1,0.274,0,0,1,2
0.396,0.1,0.277,0,0,1,2
0.396,0.1,0.28,0,0,1,2
0.396,0.1,0.283,0,0,1,2
0.396,0.1,0.286,0,0,1,2
0.396,0.1,0.289,0,0,1,2
0.396,0.1,0.292,0,0,1,2
0.396,0.1,0.295,0,0,1,2
0.396,0.1,0.298,0,0,1,2
0.396,0.1,0.301,0,0,1,2
0.396,0.1,0.304,0,0,1,2
0.396,0.1,0.307,0,0,1,2
0.396,0.1,0.31,0,0,1,2
0.396,0.1,0.313,0,0,1,2
0.396,0.1,0.316,0,0,1,2
0.396,0.1,0.319,0,0,1,2
0.396,0.1,0.322,0,0,1,2
0.396,0.1,0.325,0,0,1,2
0.396,0.1,0.328,0,0,1,2
0.396,0.1,0.331,0,0,1,2
0.396,0.1,0.334,0,0,1,2
0.396,0.1,0.337,0,0,1,2
0.396,0.1,0.34,0,0,1,2
0.396,0.1,0.343,0,0,1,2
0.396,0.1,0.346,0,0,1,2
0.396,0.1,0.349,0,0,1,2
0.396,0.1,0.352,0,0,1,2
0.396,0.1,0.355,0,0,1,2
0.396,0.1,0.358,0,0,1,2
0.396,0.1,0.361,0,0,1,2
0.396,0.1,0.364,0,0,1,2
0.396,0.1,0.367,0,0,1,2
0.396,0.1,0.37,0,0,1,2
0.396,0.1,0.373,0,0,1,2
0.396,0.1,0.376,0,0,1,2
0.396,0.1,0.379,0,0,1,2
0.396,0.1,0.382,0,0,1,2
0.396,0.1,0.385,0,0,1,2
0.396,0.1,0.388,0,0,1,2
0.396,0.1,0.391,0,0,1,2
0.396,0.1,0.394,0,0,1,2
0.396,0.1,0.397,0,0,1,2
0.396,0.1,0.4,0,0,1,2
0.396,0.1,0.403,0,0,1,2
0.396,0.1,0.406,0,0,1,2
0.396,0.1,0.409,0,0,1,2
0.396,0.1,0.412,0,0,1,2
0.396,0.1,0.415,0,0,1,2
0.396,0.1,0.418,0,0,1,2
0.396,0.1,0.420999,0,0,1,2
0.396,0.1,0.423999,0,0,1,2
0.396,0.1,0.426999,0,0,1,2
0.396,0.1,0.429999,0,0,1,2
0.396,0.1,0.432999,0,0,1,2
0.396,0.1,0.435999,0,0,1,2
0.396,0.1,0.438999,0,0,1,2
0.396,0.1,0.441999,0,0,1,2
0.396,0.1,0.444999,0,0,1,2
0.396,0.1,0.447999,0,0,1,2
0.396,0.1,0.450999,0,0,1,2
0.399,0.1,0.25,0,0,1,2
0.399,0.1,0.253,0,0,1,2
0.399,0.1,0.256,0,0,1,2
0.399,0.1,0.259,0,0,1,2
0.399,0.1,0.262,0,0,1,2
0.399,0.1,0.265,0,0,1,2
0.399,0.1,0.268,0,0,1,2
0.399,0.1,0.271,0,0,1,2
0.399,0.1,0.274,0,0,1,2
0.399,0.1,0.277,0,0,1,2
0.399,0.1,0.28,0,0,1,2
0.399,0.1,0.283,0,0,1,2
0.399,0.1,0.286,0,0,1,2
0.399,0.1,0.289,0,0,1,2
0.399,0.1,0.292,0,0,1,2
0.399,0.1,0.295,0,0,1,2
0.399,0.1,0.298,0,0,1,2
0.399,0.1,0.301,0,0,1,2
0.399,0.1,0.304,0,0,1,2
0.399,0.1,0.307,0,0,1,2
0.399,0.1,0.31,0,0,1,2
0.399,0.1,0.313,0,0,1,2
0.399,0.1,0.316,0,0,1,2
0.399,0.1,0.319,0,0,1,2
0.399,0.1,0.322,0,0,1,2
0.399,0.1,0.325,0,0,1,2
0.399,0.1,0.328,0,0,1,2
0.399,0.1,0.331,0,0,1,2
0.399,0.1,0.334,0,0,1,2
0.399,0.1,0.337,0,0,1,2
0.399,0.1,0.34,0,0,1,2
0.399,0.1,0.343,0,0,1,2
0.399,0.1,0.346,0,0,1,2
0.399,0.1,0.349,0,0,1,2
0.399,0.1,0.352,0,0,1,2
0.399,0.1,0.355,0,0,1,2
0.399,0.1,0.358,0,0,1,2
0.399,0.1,0.361,0,0,1,2
0.399,0.1,0.364,0,0,1,2
0.399,0.1,0.367,0,0,1,2
0.399,0.1,0.37,0,0,1,2
0.399,0.1,0.373,0,0,1,2
0.399,0.1,0.376,0,0,1,2
0.399,0.1,0.379,0,0,1,2
0.399,0.1,0.382,0,0,1,2
0.399,0.1,0.385,0,0,1,2
0.399,0.1,0.388,0,0,1,2
0.399,0.1,0.391,0,0,1,2
0.399,0.1,0.394,0,0,1,2
0.399,0.1,0.397,0,0,1,2
0.399,0.1,0.4,0,0,1,2
0.399,0.1,0.403,0,0,1,2
0.399,0.1,0.406,0,0,1,2
0.399,0.1,0.409,0,0,1,2
0.399,0.1,0.412,0,0,1,2
0.399,0.1,0.415,0,0,1,2
0.399,0.1,0.418,0,0,1,2
0.399,0.1,0.420999,0,0,1,2
0.399,0.1,0.423999,0,0,1,2
0.399,0.1,0.426999,0,0,1,2
0.399,0.1,0.429999,0,0,1,2
0.399,0.1,0.432999,0,0,1,2
0.399,0.1,0.435999,0,0,1,2
0.399,0.1,0.438999,0,0,1,2
0.399,0.1,0.441999,0,0,1,2
0.399,0.1,0.444999,0,0,1,2
0.399,0.1,0.447999,0,0,1,2
0.399,0.1,0.450999,0,0,1,2
0.402,0.1,0.25,0,0,1,2
0.402,0.1,0.253,0,0,1,2
0.402,0.1,0.256,0,0,1,2
0.402,0.1,0.259,0,0,1,2
0.402,0.1,0.262,0,0,1,2
0.402,0.1,0.265,0,0,1,2
0.402,0.1,0.268,0,0,1,2
0.402,0.1,0.271,0,0,1,2
0.402,0.1,0.274,0,0,1,2
0.402,0.1,0.277,0,0,1,2
0.402,0.1,0.28,0,0,1,2
0.402,0.1,0.283,0,0,1,2
0.402,0.1,0.286,0,0,1,2
0.402,0.1,0.289,0,0,1,2
0.402,0.1,0.292,0,0,1,2
0.402,0.1,0.295,0,0,1,2
0.402,0.1,0.298,0,0,1,2
0.402,0.1,0.301,0,0,1,2
0.402,0.1,0.304,0,0,1,2
0.402,0.1,0.307,0,0,1,2
0.402,0.1,0.31,0,0,1,2
0.402,0.1,0.313,0,0,1,2
0.402,0.1,0.316,0,0,1,2
0.402,0.1,0.319,0,0,1,2
0.402,0.1,0.322,0,0,1,2
0.402,0.1,0.325,0,0,1,2
0.402,0.1,0.328,0,0,1,2
0.402,0.1,0.331,0,0,1,2
0.402,0.1,0.334,0,0,1,2
0.402,0.1,0.337,0,0,1,2
0.402,0.1,0.34,0,0,1,2
0.402,0.1,0.343,0,0,1,2
0.402,0.1,0.346,0,0,1,2
0.402,0.1,0.349,0,0,1,2
0.402,0.1,0.352,0,0,1,2
0.402,0.1,0.355,0,0,1,2
0.402,0.1,0.358,0,0,1,2
0.402,0.1,0.361,0,0,1,2
0.402,0.1,0.364,0,0,1,2
0.402,0.1,0.367,0,0,1,2
0.402,0.1,0.37,0,0,1,2
0.402,0.1,0.373,0,0,1,2
0.402,0.1,0.376,0,0,1,2
0.402,0.1,0.379,0,0,1,2
0.402,0.1,0.382,0,0,1,2
0.402,0.1,0.385,0,0,1,2
0.402,0.1,0.388,0,0,1,2
0.402,0.1,0.391,0,0,1,2
0.402,0.1,0.394,0,0,1,2
0.402,0.1,0.397,0,0,1,2
0.402,0.1,0.4,0,0,1,2
0.402,0.1,0.403,0,0,1,2
0.402,0.1,0.406,0,0,1,2
0.402,0.1,0.409,0,0,1,2
0.402,0.1,0.412,0,0,1,2
0.402,0.1,0.415,0,0,1,2
0.402,0.1,0.418,0,0,1,2
0.402,0.1,0.420999,0,0,1,2
0.402,0.1,0.423999,0,0,1,2
0.402,0.1,0.426999,0,0,1,2
0.402,0.1,0.429999,0,0,1,2
0.402,0.1,0.432999,0,0,1,2
0.402,0.1,0.435999,0,0,1,2
0.402,0.1,0.438999,0,0,1,2
0.402,0.1,0.441999,0,0,1,2
0.402,0.1,0.444999,0,0,1,2
0.402,0.1,0.447999,0,0,1,2
0.402,0.1,0.450999,0,0,1,2
0.405,0.1,0.25,0,0,1,2
0.405,0.1,0.253,0,0,1,2
0.405,0.1,0.256,0,0,1,2
0.405,0.1,0.259,0,0,1,2
0.405,0.1,0.262,0,0,1,2
0.405,0.1,0.265,0,0,1,2
0.405,0.1,0.268,0,0,1,2
0.405,0.1,0.271,0,0,1,2
0.405,0.1,0.274,0,0,1,2
0.405,0.1,0.277,0,0,1,2
0.405,0.1,0.28,0,0,1,2
0.405,0.1,0.283,0,0,1,2
0.405,0.1,0.286,0,0,1,2
0.405,0.1,0.289,0,0,1,2
0.405,0.1,0.292,0,0,1,2
0.405,0.1,0.295,0,0,1,2
0.405,0.1,0.298,0,0,1,2
0.405,0.1,0.301,0,0,1,2
0.405,0.1,0.304,0,0,1,2
0.405,0.1,0.307,0,0,1,2
0.405,0.1,0.31,0,0,1,2
0.405,0.1,0.313,0,0,1,2
0.405,0.1,0.316,0,0,1,2
0.405,0.1,0.319,0,0,1,2
0.405,0.1,0.322,0,0,1,2
0.405,0.1,0.325,0,0,1,2
0.405,0.1,0.328,0,0,1,2
0.405,0.1,0.331,0,0,1,2
0.405,0.1,0.334,0,0,1,2
0.405,0.1,0.337,0,0,1,2
0.405,0.1,0.34,0,0,1,2
0.405,0.1,0.343,0,0,1,2
0.405,0.1,0.346,0,0,1,2
0.405,0.1,0.349,0,0,1,2
0.405,0.1,0.352,0,0,1,2
0.405,0.1,0.355,0,0,1,2
0.405,0.1,0.358,0,0,1,2
0.405,0.1,0.361,0,0,1,2
0.405,0.1,0.364,0,0,1,2
0.405,0.1,0.367,0,0,1,2
0.405,0.1,0.37,0,0,1,2
0.405,0.1,0.373,0,0,1,2
0.405,0.1,0.376,0,0,1,2
0.405,0.1,0.379,0,0,1,2
0.405,0.1,0.382,0,0,1,2
0.405,0.1,0.385,0,0,1,2
0.405,0.1,0.388,0,0,1,2
0.405,0.1,0.391,0,0,1,2
0.405,0.1,0.394,0,0,1,2
0.405,0.1,0.397,0,0,1,2
0.405,0.1,0.4,0,0,1,2
0.405,0.1,0.403,0,0,1,2
0.405,0.1,0.406,0,0,1,2
0.405,0.1,0.409,0,0,1,2
0.405,0.1,0.412,0,0,1,2
0.405,0.1,0.415,0,0,1,2
0.405,0.1,0.418,0,0,1,2
0.405,0.1,0.420999,0,0,1,2
0.405,0.1,0.423999,0,0,1,2
0.405,0.1,0.426999,0,0,1,2
0.405,0.1,0.429999,0,0,1,2
0.405,0.1,0.432999,0,0,1,2
0.405,0.1,0.435999,0,0,1,2
0.405,0.1,0.438999,0,0,1,2
0.405,0.1,0.441999,0,0,1,2
0.405,0.1,0.444999,0,0,1,2
0.405,0.1,0.447999,0,0,1,2
0.405,0.1,0.450999,0,0,1,2
0.408,0.1,0.25,0,0,1,2
0.408,0.1,0.253,0,0,1,2
0.408,0.1,0.256,0,0,1,2
0.408,0.1,0.259,0,0,1,2
0.408,0.1,0.262,0,0,1,2
0.408,0.1,0.265,0,0,1,2
0.408,0.1,0.268,0,0,1,2
0.408,0.1,0.271,0,0,1,2
0.408,0.1,0.274,0,0,1,2
0.408,0.1,0.277,0,0,1,2
0.408,0.1,0.28,0,0,1,2
0.408,0.1,0.283,0,0,1,2
0.408,0.1,0.286,0,0,1,2
0.408,0.1,0.289,0,0,1,2
0.408,0.1,0.292,0,0,1,2
0.408,0.1,0.295,0,0,1,2
0.408,0.1,0.298,0,0,1,2
0.408,0.1,0.301,0,0,1,2
0.408,0.1,0.304,0,0,1,2
0.408,0.1,0.307,0,0,1,2
0.408,0.1,0.31,0,0,1,2
0.408,0.1,0.313,0,0,1,2
0.408,0.1,0.316,0,0,1,2
0.408,0.1,0.319,0,0,1,2
0.408,0.1,0.322,0,0,1,2
0.408,0.1,0.325,0,0,1,2
0.408,0.1,0.328,0,0,1,2
0.408,0.1,0.331,0,0,1,2
0.408,0.1,0.334,0,0,1,2
0.408,0.1,0.337,0,0,1,2
0.408,0.1,0.34,0,0,1,2
0.408,0.1,0.343,0,0,1,2
0.408,0.1,0.346,0,0,1,2
0.408,0.1,0.349,0,0,1,2
0.408,0.1,0.352,0,0,1,2
0.408,0.1,0.355,0,0,1,2
0.408,0.1,0.358,0,0,1,2
0.408,0.1,0.361,0,0,1,2
0.408,0.1,0.364,0,0,1,2
0.408,0.1,0.367,0,0,1,2
0.408,0.1,0.37,0,0,1,2
0.408,0.1,0.373,0,0,1,2
0.408,0.1,0.376,0,0,1,2
0.408,0.1,0.379,0,0,1,2
0.408,0.1,0.382,0,0,1,2
0.408,0.1,0.385,0,0,1,2
0.408,0.1,0.388,0,0,1,2
0.408,0.1,0.391,0,0,1,2
0.408,0.1,0.394,0,0,1,2
0.408,0.1,0.397,0,0,1,2
0.408,0.1,0.4,0,0,1,2
0.408,0.1,0.403,0,0,1,2
0.408,0.1,0.406,0,0,1,2
0.408,0.1,0.409,0,0,1,2
0.408,0.1,0.412,0,0,1,2
0.408,0.1,0.415,0,0,1,2
0.408,0.1,0.418,0,0,1,2
0.408,0.1,0.420999,0,0,1,2
0.408,0.1,0.423999,0,0,1,2
0.408,0.1,0.426999,0,0,1,2
0.408,0.1,0.429999,0,0,1,2
0.408,0.1,0.432999,0,0,1,2
0.408,0.1,0.435999,0,0,1,2
0.408,0.1,0.438999,0,0,1,2
0.408,0.1,0.441999,0,0,1,2
0.408,0.1,0.444999,0,0,1,2
0.408,0.1,0.447999,0,0,1,2
0.408,0.1,0.450999,0,0,1,2
0.411,0.1,0.25,0,0,1,2
0.411,0.1,0.253,0,0,1,2
0.411,0.1,0.256,0,0,1,2
0.411,0.1,0.259,0,0,1,2
0.411,0.1,0.262,0,0,1,2
0.411,0.1,0.265,0,0,1,2
0.411,0.1,0.268,0,0,1,2
0.411,0.1,0.271,0,0,1,2
0.411,0.1,0.274,0,0,1,2
0.411,0.1,0.277,0,0,1,2
0.411,0.1,0.28,0,0,1,2
0.411,0.1,0.283,0,0,1,2
0.411,0.1,0.286,0,0,1,2
0.411,0.1,0.289,0,0,1,2
0.411,0.1,0.292,0,0,1,2
0.411,0.1,0.295,0,0,1,2
0.411,0.1,0.298,0,0,1,2
0.411,0.1,0.301,0,0,1,2
0.411,0.1,0.304,0,0,1,2
0.411,0.1,0.307,0,0,1,2
0.411,0.1,0.31,0,0,1,2
0.411,0.1,0.313,0,0,1,2
0.411,0.1,0.316,0,0,1,2
0.411,0.1,0.319,0,0,1,2
0.411,0.1,0.322,0,0,1,2
0.411,0.1,0.325,0,0,1,2
0.411,0.1,0.328,0,0,1,2
0.411,0.1,0.331,0,0,1,2
0.411,0.1,0.334,0,0,1,2
0.411,0.1,0.337,0,0,1,2
0.411,0.1,0.34,0,0,1,2
0.411,0.1,0.343,0,0,1,2
0.411,0.1,0.346,0,0,1,2
0.411,0.1,0.349,0,0,1,2
0.411,0.1,0.352,0,0,1,2
0.411,0.1,0.355,0,0,1,2
0.411,0.1,0.358,0,0,1,2
0.411,0.1,0.361,0,0,1,2
0.411,0.1,0.364,0,0,1,2
0.411,0.1,0.367,0,0,1,2
0.411,0.1,0.37,0,0,1,2
0.411,0.1,0.373,0,0,1,2
0.411,0.1,0.376,0,0,1,2
0.411,0.1,0.379,0,0,1,2
0.411,0.1,0.382,0,0,1,2
0.411,0.1,0.385,0,0,1,2
0.411,0.1,0.388,0,0,1,2
0.411,0.1,0.391,0,0,1,2
0.411,0.1,0.394,0,0,1,2
0.411,0.1,0.397,0,0,1,2
0.411,0.1,0.4,0,0,1,2
0.411,0.1,0.403,0,0,1,2
0.411,0.1,0.406,0,0,1,2
0.411,0.1,0.409,0,0,1,2
0.411,0.1,0.412,0,0,1,2
0.411,0.1,0.415,0,0,1,2
0.411,0.1,0.418,0,0,1,2
0.411,0.1,0.420999,0,0,1,2
0.411,0.1,0.423999,0,0,1,2
0.411,0.1,0.426999,0,0,1,2
0.411,0.1,0.429999,0,0,1,2
0.411,0.1,0.432999,0,0,1,2
0.411,0.1,0.435999,0,0,1,2
0.411,0.1,0.438999,0,0,1,2
0.411,0.1,0.441999,0,0,1,2
0.411,0.1,0.444999,0,0,1,2
0.411,0.1,0.447999,0,0,1,2
0.411,0.1,0.450999,0,0,1,2
0.414,0.1,0.25,0,0,1,2
0.414,0.1,0.253,0,0,1,2
0.414,0.1,0.256,0,0,1,2
0.414,0.1,0.259,0,0,1,2
0.414,0.1,0.262,0,0,1,2
0.414,0.1,0.265,0,0,1,2
0.414,0.1,0.268,0,0,1,2
0.414,0.1,0.271,0,0,1,2
0.414,0.1,0.274,0,0,1,2
0.414,0.1,0.277,0,0,1,2
0.414,0.1,0.28,0,0,1,2
0.414,0.1,0.283,0,0,1,2
0.414,0.1,0.286,0,0,1,2
0.414,0.1,0.289,0,0,1,2
0.414,0.1,0.292,0,0,1,2
0.414,0.1,0.295,0,0,1,2
0.414,0.1,0.298,0,0,1,2
0.414,0.1,0.301,0,0,1,2
0.414,0.1,0.304,0,0,1,2
0.414,0.1,0.307,0,0,1,2
0.414,0.1,0.31,0,0,1,2
0.414,0.1,0.313,0,0,1,2
0.414,0.1,0.316,0,0,1,2
0.414,0.1,0.319,0,0,1,2
0.414,0.1,0.322,0,0,1,2
0.414,0.1,0.325,0,0,1,2
0.414,0.1,0.328,0,0,1,2
0.414,0.1,0.331,0,0,1,2
0.414,0.1,0.334,0,0,1,2
0.414,0.1,0.337,0,0,1,2
0.414,0.1,0.34,0,0,1,2
0.414,0.1,0.343,0,0,1,2
0.414,0.1,0.346,0,0,1,2
0.414,0.1,0.349,0,0,1,2
0.414,0.1,0.352,0,0,1,2
0.414,0.1,0.355,0,0,1,2
0.414,0.1,0.358,0,0,1,2
0.414,0.1,0.361,0,0,1,2
0.414,0.1,0.364,0,0,1,2
0.414,0.1,0.367,0,0,1,2
0.414,0.1,0.37,0,0,1,2
0.414,0.1,0.373,0,0,1,2
0.414,0.1,0.376,0,0,1,2
0.414,0.1,0.379,0,0,1,2
0.414,0.1,0.382,0,0,1,2
0.414,0.1,0.385,0,0,1,2
0.414,0.1,0.388,0,0,1,2
0.414,0.1,0.391,0,0,1,2
0.414,0.1,0.394,0,0,1,2
0.414,0.1,0.397,0,0,1,2
0.414,0.1,0.4,0,0,1,2
0.414,0.1,0.403,0,0,1,2
0.414,0.1,0.406,0,0,1,2
0.414,0.1,0.409,0,0,1,2
0.414,0.1,0.412,0,0,1,2
0.414,0.1,0.415,0,0,1,2
0.414,0.1,0.418,0,0,1,2
0.414,0.1,0.420999,0,0,1,2
0.414,0.1,0.423999,0,0,1,2
0.414,0.1,0.426999,0,0,1,2
0.414,0.1,0.429999,0,0,1,2
0.414,0.1,0.432999,0,0,1,2
0.414,0.1,0.435999,0,0,1,2
0.414,0.1,0.438999,0,0,1,2
0.414,0.1,0.441999,0,0,1,2
0.414,0.1,0.444999,0,0,1,2
0.414,0.1,0.447999,0,0,1,2
0.414,0.1,0.450999,0,0,1,2
0.417,0.1,0.25,0,0,1,2
0.417,0.1,0.253,0,0,1,2
0.417,0.1,0.256,0,0,1,2
0.417,0.1,0.259,0,0,1,2
0.417,0.1,0.262,0,0,1,2
0.417,0.1,0.265,0,0,1,2
0.417,0.1,0.268,0,0,1,2
0.417,0.1,0.271,0,0,1,2
0.417,0.1,0.274,0,0,1,2
0.417,0.1,0.277,0,0,1,2
0.417,0.1,0.28,0,0,1,2
0.417,0.1,0.283,0,0,1,2
0.417,0.1,0.286,0,0,1,2
0.417,0.1,0.289,0,0,1,2
0.417,0.1,0.292,0,0,1,2
0.417,0.1,0.295,0,0,1,2
0.417,0.1,0.298,0,0,1,2
0.417,0.1,0.301,0,0,1,2
0.417,0.1,0.304,0,0,1,2
0.417,0.1,0.307,0,0,1,2
0.417,0.1,0.31,0,0,1,2
0.417,0.1,0.313,0,0,1,2
0.417,0.1,0.316,0,0,1,2
0.417,0.1,0.319,0,0,1,2
0.417,0.1,0.322,0,0,1,2
0.417,0.1,0.325,0,0,1,2
0.417,0.1,0.328,0,0,1,2
0.417,0.1,0.331,0,0,1,2
0.417,0.1,0.334,0,0,1,2
0.417,0.1,0.337,0,0,1,2
0.417,0.1,0.34,0,0,1,2
0.417,0.1,0.343,0,0,1,2
0.417,0.1,0.346,0,0,1,2
0.417,0.1,0.349,0,0,1,2
0.417,0.1,0.352,0,0,1,2
0.417,0.1,0.355,0,0,1,2
0.417,0.1,0.358,0,0,1,2
0.417,0.1,0.361,0,0,1,2
0.417,0.1,0.364,0,0,1,2
0.417,0.1,0.367,0,0,1,2
0.417,0.1,0.37,0,0,1,2
0.417,0.1,0.373,0,0,1,2
0.417,0.1,0.376,0,0,1,2
0.417,0.1,0.379,0,0,1,2
0.417,0.1,0.382,0,0,1,2
0.417,0.1,0.385,0,0,1,2
0.417,0.1,0.388,0,0,1,2
0.417,0.1,0.391,0,0,1,2
0.417,0.1,0.394,0,0,1,2
0.417,0.1,0.397,0,0,1,2
0.417,0.1,0.4,0,0,1,2
0.417,0.1,0.403,0,0,1,2
0.417,0.1,0.406,0,0,1,2
0.417,0.1,0.409,0,0,1,2
0.417,0.1,0.412,0,0,1,2
0.417,0.1,0.415,0,0,1,2
0.417,0.1,0.418,0,0,1,2
0.417,0.1,0.420999,0,0,1,2
0.417,0.1,0.423999,0,0,1,2
0.417,0.1,0.426999,0,0,1,2
0.417,0.1,0.429999,0,0,1,2
0.417,0.1,0.432999,0,0,1,2
0.417,0.1,0.435999,0,0,1,2
0.417,0.1,0.438999,0,0,1,2
0.417,0.1,0.441999,0,0,1,2
0.417,0.1,0.444999,0,0,1,2
0.417,0.1,0.447999,0,0,1,2
0.417,0.1,0.450999,0,0,1,2
0.42,0.1,0.25,0,0,1,2
0.42,0.1,0.253,0,0,1,2
0.42,0.1,0.256,0,0,1,2
0.42,0.1,0.259,0,0,1,2
0.42,0.1,0.262,0,0,1,2
0.42,0.1,0.265,0,0,1,2
0.42,0.1,0.268,0,0,1,2
0.42,0.1,0.271,0,0,1,2
0.42,0.1,0.274,0,0,1,2
0.42,0.1,0.277,0,0,1,2
0.42,0.1,0.28,0,0,1,2
0.42,0.1,0.283,0,0,1,2
0.42,0.1,0.286,0,0,1,2
0.42,0.1,0.289,0,0,1,2
0.42,0.1,0.292,0,0,1,2
0.42,0.1,0.295,0,0,1,2
0.42,0.1,0.298,0,0,1,2
0.42,0.1,0.301,0,0,1,2
0.42,0.1,0.304,0,0,1,2
0.42,0.1,0.307,0,0,1,2
0.42,0.1,0.31,0,0,1,2
0.42,0.1,0.313,0,0,1,2
0.42,0.1,0.316,0,0,1,2
0.42,0.1,0.319,0,0,1,2
0.42,0.1,0.322,0,0,1,2
0.42,0.1,0.325,0,0,1,2
0.42,0.1,0.328,0,0,1,2
0.42,0.1,0.331,0,0,1,2
0.42,0.1,0.334,0,0,1,2
0.42,0.1,0.337,0,0,1,2
0.42,0.1,0.34,0,0,1,2
0.42,0.1,0.343,0,0,1,2
0.42,0.1,0.346,0,0,1,2
0.42,0.1,0.349,0,0,1,2
0.42,0.1,0.352,0,0,1,2
0.42,0.1,0.355,0,0,1,2
0.42,0.1,0.358,0,0,1,2
0.42,0.1,0.361,0,0,1,2
0.42,0.1,0.364,0,0,1,2
0.42,0.1,0.367,0,0,1,2
0.42,0.1,0.37,0,0,1,2
0.42,0.1,0.373,0,0,1,2
0.42,0.1,0.376,0,0,1,2
0.42,0.1,0.379,0,0,1,2
0.42,0.1,0.382,0,0,1,2
0.42,0.1,0.385,0,0,1,2
0.42,0.1,0.388,0,0,1,2
0.42,0.1,0.391,0,0,1,2
0.42,0.1,0.394,0,0,1,2
0.42,0.1,0.397,0,0,1,2
0.42,0.1,0.4,0,0,1,2
0.42,0.1,0.403,0,0,1,2
0.42,0.1,0.406,0,0,1,2
0.42,0.1,0.409,0,0,1,2
0.42,0.1,0.412,0,0,1,2
0.42,0.1,0.415,0,0,1,2
0.42,0.1,0.418,0,0,1,2
0.42,0.1,0.420999,0,0,1,2
0.42,0.1,0.423999,0,0,1,2
0.42,0.1,0.426999,0,0,1,2
0.42,0.1,0.429999,0,0,1,2
0.42,0.1,0.432999,0,0,1,2
0.42,0.1,0.435999,0,0,1,2
0.42,0.1,0.438999,0,0,1,2
0.42,0.1,0.441999,0,0,1,2
0.42,0.1,0.444999,0,0,1,2
0.42,0.1,0.447999,0,0,1,2
0.42,0.1,0.450999,0,0,1,2
0.423,0.1,0.25,0,0,1,2
0.423,0.1,0.253,0,0,1,2
0.423,0.1,0.256,0,0,1,2
0.423,0.1,0.259,0,0,1,2
0.423,0.1,0.262,0,0,1,2
0.423,0.1,0.265,0,0,1,2
0.423,0.1,0.268,0,0,1,2
0.423,0.1,0.271,0,0,1,2
0.423,0.1,0.274,0,0,1,2
0.423,0.1,0.277,0,0,1,2
0.423,0.1,0.28,0,0,1,2
0.423,0.1,0.283,0,0,1,2
0.423,0.1,0.286,0,0,1,2
0.423,0.1,0.289,0,0,1,2
0.423,0.1,0.292,0,0,1,2
0.423,0.1,0.295,0,0,1,2
0.423,0.1,0.298,0,0,1,2
0.423,0.1,0.301,0,0,1,2
0.423,0.1,0.304,0,0,1,2
0.423,0.1,0.307,0,0,1,2
0.423,0.1,0.31,0,0,1,2
0.423,0.1,0.313,0,0,1,2
0.423,0.1,0.316,0,0,1,2
0.423,0.1,0.319,0,0,1,2
0.423,0.1,0.322,0,0,1,2
0.423,0.1,0.325,0,0,1,2
0.423,0.1,0.328,0,0,1,2
0.423,0.1,0.331,0,0,1,2
0.423,0.1,0.334,0,0,1,2
0.423,0.1,0.337,0,0,1,2
0.423,0.1,0.34,0,0,1,2
0.423,0.1,0.343,0,0,1,2
0.423,0.1,0.346,0,0,1,2
0.423,0.1,0.349,0,0,1,2
0.423,0.1,0.352,0,0,1,2
0.423,0.1,0.355,0,0,1,2
0.423,0.1,0.358,0,0,1,2
0.423,0.1,0.361,0,0,1,2
0.423,0.1,0.364,0,0,1,2
0.423,0.1,0.367,0,0,1,2
0.423,0.1,0.37,0,0,1,2
0.423,0.1,0.373,0,0,1,2
0.423,0.1,0.376,0,0,1,2
0.423,0.1,0.379,0,0,1,2
0.423,0.1,0.382,0,0,1,2
0.423,0.1,0.385,0,0,1,2
0.423,0.1,0.388,0,0,1,2
0.423,0.1,0.391,0,0,1,2
0.423,0.1,0.394,0,0,1,2
0.423,0.1,0.397,0,0,1,2
0.423,0.1,0.4,0,0,1,2
0.423,0.1,0.403,0,0,1,2
0.423,0.1,0.406,0,0,1,2
0.423,0.1,0.409,0,0,1,2
0.423,0.1,0.412,0,0,1,2
0.423,0.1,0.415,0,0,1,2
0.423,0.1,0.418,0,0,1,2
0.423,0.1,0.420999,0,0,1,2
0.423,0.1,0.423999,0,0,1,2
0.423,0.1,0.426999,0,0,1,2
0.423,0.1,0.429999,0,0,1,2
0.423,0.1,0.432999,0,0,1,2
0.423,0.1,0.435999,0,0,1,2
0.423,0.1,0.438999,0,0,1,2
0.423,0.1,0.441999,0,0,1,2
0.423,0.1,0.444999,0,0,1,2
0.423,0.1,0.447999,0,0,1,2
0.423,0.1,0.450999,0,0,1,2
0.426,0.1,0.25,0,0,1,2
0.426,0.1,0.253,0,0,1,2
0.426,0.1,0.256,0,0,1,2
0.426,0.1,0.259,0,0,1,2
0.426,0.1,0.262,0,0,1,2
0.426,0.1,0.265,0,0,1,2
0.426,0.1,0.268,0,0,1,2
0.426,0.1,0.271,0,0,1,2
0.426,0.1,0.274,0,0,1,2
0.426,0.1,0.277,0,0,1,2
0.426,0.1,0.28,0,0,1,2
0.426,0.1,0.283,0,0,1,2
0.426,0.1,0.286,0,0,1,2
0.426,0.1,0.289,0,0,1,2
0.426,0.1,0.292,0,0,1,2
0.426,0.1,0.295,0,0,1,2
0.426,0.1,0.298,0,0,1,2
0.426,0.1,0.301,0,0,1,2
0.426,0.1,0.304,0,0,1,2
0.426,0.1,0.307,0,0,1,2
0.426,0.1,0.31,0,0,1,2
0.426,0.1,0.313,0,0,1,2
0.426,0.1,0.316,0,0,1,2
0.426,0.1,0.319,0,0,1,2
0.426,0.1,0.322,0,0,1,2
0.426,0.1,0.325,0,0,1,2
0.426,0.1,0.328,0,0,1,2
0.426,0.1,0.331,0,0,1,2
0.426,0.1,0.334,0,0,1,2
0.426,0.1,0.337,0,0,1,2
0.426,0.1,0.34,0,0,1,2
0.426,0.1,0.343,0,0,1,2
0.426,0.1,0.346,0,0,1,2
0.426,0.1,0.349,0,0,1,2
0.426,0.1,0.352,0,0,1,2
0.426,0.1,0.355,0,0,1,2
0.426,0.1,0.358,0,0,1,2
0.426,0.1,0.361,0,0,1,2
0.426,0.1,0.364,0,0,1,2
0.426,0.1,0.367,0,0,1,2
0.426,0.1,0.37,0,0,1,2
0.426,0.1,0.373,0,0,1,2
0.426,0.1,0.376,0,0,1,2
0.426,0.1,0.379,0,0,1,2
0.426,0.1,0.382,0,0,1,2
0.426,0.1,0.385,0,0,1,2
0.426,0.1,0.388,0,0,1,2
0.426,0.1,0.391,0,0,1,2
0.426,0.1,0.394,0,0,1,2
0.426,0.1,0.397,0,0,1,2
0.426,0.1,0.4,0,0,1,2
0.426,0.1,0.403,0,0,1,2
0.426,0.1,0.406,0,0,1,2
0.426,0.1,0.409,0,0,1,2
0.426,0.1,0.412,0,0,1,2
0.426,0.1,0.415,0,0,1,2
0.426,0.1,0.418,0,0,1,2
0.426,0.1,0.420999,0,0,1,2
0.426,0.1,0.423999,0,0,1,2
0.426,0.1,0.426999,0,0,1,2
0.426,0.1,0.429999,0,0,1,2
0.426,0.1,0.432999,0,0,1,2
0.426,0.1,0.435999,0,0,1,2
0.426,0.1,0.438999,0,0,1,2
0.426,0.1,0.441999,0,0,1,2
0.426,0.1,0.444999,0,0,1,2
0.426,0.1,0.447999,0,0,1,2
0.426,0.1,0.450999,0,0,1,2
0.429,0.1,0.25,0,0,1,2
0.429,0.1,0.253,0,0,1,2
0.429,0.1,0.256,0,0,1,2
0.429,0.1,0.259,0,0,1,2
0.429,0.1,0.262,0,0,1,2
0.429,0.1,0.265,0,0,1,2
0.429,0.1,0.268,0,0,1,2
0.429,0.1,0.271,0,0,1,2
0.429,0.1,0.274,0,0,1,2
0.429,0.1,0.277,0,0,1,2
0.429,0.1,0.28,0,0,1,2
0.429,0.1,0.283,0,0,1,2
0.429,0.1,0.286,0,0,1,2
0.429,0.1,0.289,0,0,1,2
0.429,0.1,0.292,0,0,1,2
0.429,0.1,0.295,0,0,1,2
0.429,0.1,0.298,0,0,1,2
0.429,0.1,0.301,0,0,1,2
0.429,0.1,0.304,0,0,1,2
0.429,0.1,0.307,0,0,1,2
0.429,0.1,0.31,0,0,1,2
0.429,0.1,0.313,0,0,1,2
0.429,0.1,0.316,0,0,1,2
0.429,0.1,0.319,0,0,1,2
0.429,0.1,0.322,0,0,1,2
0.429,0.1,0.325,0,0,1,2
0.429,0.1,0.328,0,0,1,2
0.429,0.1,0.331,0,0,1,2
0.429,0.1,0.334,0,0,1,2
0.429,0.1,0.337,0,0,1,2
0.429,0.1,0.34,0,0,1,2
0.429,0.1,0.343,0,0,1,2
0.429,0.1,0.346,0,0,1,2
0.429,0.1,0.349,0,0,1,2
0.429,0.1,0.352,0,0,1,2
0.429,0.1,0.355,0,0,1,2
0.429,0.1,0.358,0,0,1,2
0.429,0.1,0.361,0,0,1,2
0.429,0.1,0.364,0,0,1,2
0.429,0.1,0.367,0,0,1,2
0.429,0.1,0.37,0,0,1,2
0.429,0.1,0.373,0,0,1,2
0.429,0.1,0.376,0,0,1,2
0.429,0.1,0.379,0,0,1,2
0.429,0.1,0.382,0,0,1,2
0.429,0.1,0.385,0,0,1,2
0.429,0.1,0.388,0,0,1,2
0.429,0.1,0.391,0,0,1,2
0.429,0.1,0.394,0,0,1,2
0.429,0.1,0.397,0,0,1,2
0.429,0.1,0.4,0,0,1,2
0.429,0.1,0.403,0,0,1,2
0.429,0.1,0.406,0,0,1,2
0.429,0.1,0.409,0,0,1,2
0.429,0.1,0.412,0,0,1,2
0.429,0.1,0.415,0,0,1,2
0.429,0.1,0.418,0,0,1,2
0.429,0.1,0.420999,0,0,1,2
0.429,0.1,0.423999,0,0,1,2
0.429,0.1,0.426999,0,0,1,2
0.429,0.1,0.429999,0,0,1,2
0.429,0.1,0.432999,0,0,1,2
0.429,0.1,0.435999,0,0,1,2
0.429,0.1,0.438999,0,0,1,2
0.429,0.1,0.441999,0,0,1,2
0.429,0.1,0.444999,0,0,1,2
0.429,0.1,0.447999,0,0,1,2
0.429,0.1,0.450999,0,0,1,2
0.432,0.1,0.25,0,0,1,2
0.432,0.1,0.253,0,0,1,2
0.432,0.1,0.256,0,0,1,2
0.432,0.1,0.259,0,0,1,2
0.432,0.1,0.262,0,0,1,2
0.432,0.1,0.265,0,0,1,2
0.432,0.1,0.268,0,0,1,2
0.432,0.1,0.271,0,0,1,2
0.432,0.1,0.274,0,0,1,2
0.432,0.1,0.277,0,0,1,2
0.432,0.1,0.28,0,0,1,2
0.432,0.1,0.283,0,0,1,2
0.432,0.1,0.286,0,0,1,2
0.432,0.1,0.289,0,0,1,2
0.432,0.1,0.292,0,0,1,2
0.432,0.1,0.295,0,0,1,2
0.432,0.1,0.298,0,0,1,2
0.432,0.1,0.301,0,0,1,2
0.432,0.1,0.304,0,0,1,2
0.432,0.1,0.307,0,0,1,2
0.432,0.1,0.31,0,0,1,2
0.432,0.1,0.313,0,0,1,2
0.432,0.1,0.316,0,0,1,2
0.432,0.1,0.319,0,0,1,2
0.432,0.1,0.322,0,0,1,2
0.432,0.1,0.325,0,0,1,2
0.432,0.1,0.328,0,0,1,2
0.432,0.1,0.331,0,0,1,2
0.432,0.1,0.334,0,0,1,2
0.432,0.1,0.337,0,0,1,2
0.432,0.1,0.34,0,0,1,2
0.432,0.1,0.343,0,0,1,2
0.432,0.1,0.346,0,0,1,2
0.432,0.1,0.349,0,0,1,2
0.432,0.1,0.352,0,0,1,2
0.432,0.1,0.355,0,0,1,2
0.432,0.1,0.358,0,0,1,2
0.432,0.1,0.361,0,0,1,2
0.432,0.1,0.364,0,0,1,2
0.432,0.1,0.367,0,0,1,2
0.432,0.1,0.37,0,0,1,2
0.432,0.1,0.373,0,0,1,2
0.432,0.1,0.376,0,0,1,2
0.432,0.1,0.379,0,0,1,2
0.432,0.1,0.382,0,0,1,2
0.432,0.1,0.385,0,0,1,2
0.432,0.1,0.388,0,0,1,2
0.432,0.1,0.391,0,0,1,2
0.432,0.1,0.394,0,0,1,2
0.432,0.1,0.397,0,0,1,2
0.432,0.1,0.4,0,0,1,2
0.432,0.1,0.403,0,0,1,2
0.432,0.1,0.406,0,0,1,2
0.432,0.1,0.409,0,0,1,2
0.432,0.1,0.412,0,0,1,2
0.432,0.1,0.415,0,0,1,2
0.432,0.1,0.418,0,0,1,2
0.432,0.1,0.420999,0,0,1,2
0.432,0.1,0.423999,0,0,1,2
0.432,0.1,0.426999,0,0,1,2
0.432,0.1,0.429999,0,0,1,2
0.432,0.1,0.432999,0,0,1,2
0.432,0.1,0.435999,0,0,1,2
0.432,0.1,0.438999,0,0,1,2
0.432,0.1,0.441999,0,0,1,2
0.432,0.1,0.444999,0,0,1,2
0.432,0.1,0.447999,0,0,1,2
0.432,0.1,0.450999,0,0,1,2
0.435,0.1,0.25,0,0,1,2
0.435,0.1,0.253,0,0,1,2
0.435,0.1,0.256,0,0,1,2
0.435,0.1,0.259,0,0,1,2
0.435,0.1,0.262,0,0,1,2
0.435,0.1,0.265,0,0,1,2
0.435,0.1,0.268,0,0,1,2
0.435,0.1,0.271,0,0,1,2
0.435,0.1,0.274,0,0,1,2
0.435,0.1,0.277,0,0,1,2
0.435,0.1,0.28,0,0,1,2
0.435,0.1,0.283,0,0,1,2
0.435,0.1,0.286,0,0,1,2
0.435,0.1,0.289,0,0,1,2
0.435,0.1,0.292,0,0,1,2
0.435,0.1,0.295,0,0,1,2
0.435,0.1,0.298,0,0,1,2
0.435,0.1,0.301,0,0,1,2
0.435,0.1,0.304,0,0,1,2
0.435,0.1,0.307,0,0,1,2
0.435,0.1,0.31,0,0,1,2
0.435,0.1,0.313,0,0,1,2
0.435,0.1,0.316,0,0,1,2
0.435,0.1,0.319,0,0,1,2
0.435,0.1,0.322,0,0,1,2
0.435,0.1,0.325,0,0,1,2
0.435,0.1,0.328,0,0,1,2
0.435,0.1,0.331,0,0,1,2
0.435,0.1,0.334,0,0,1,2
0.435,0.1,0.337,0,0,1,2
0.435,0.1,0.34,0,0,1,2
0.435,0.1,0.343,0,0,1,2
0.435,0.1,0.346,0,0,1,2
0.435,0.1,0.349,0,0,1,2
0.435,0.1,0.352,0,0,1,2
0.435,0.1,0.355,0,0,1,2
0.435,0.1,0.358,0,0,1,2
0.435,0.1,0.361,0,0,1,2
0.435,0.1,0.364,0,0,1,2
0.435,0.1,0.367,0,0,1,2
0.435,0.1,0.37,0,0,1,2
0.435,0.1,0.373,0,0,1,2
0.435,0.1,0.376,0,0,1,2
0.435,0.1,0.379,0,0,1,2
0.435,0.1,0.382,0,0,1,2
0.435,0.1,0.385,0,0,1,2
0.435,0.1,0.388,0,0,1,2
0.435,0.1,0.391,0,0,1,2
0.435,0.1,0.394,0,0,1,2
0.435,0.1,0.397,0,0,1,2
0.435,0.1,0.4,0,0,1,2
0.435,0.1,0.403,0,0,1,2
0.435,0.1,0.406,0,0,1,2
0.435,0.1,0.409,0,0,1,2
0.435,0.1,0.412,0,0,1,2
0.435,0.1,0.415,0,0,1,2
0.435,0.1,0.418,0,0,1,2
0.435,0.1,0.420999,0,0,1,2
0.435,0.1,0.423999,0,0,1,2
0.435,0.1,0.426999,0,0,1,2
0.435,0.1,0.429999,0,0,1,2
0.435,0.1,0.432999,0,0,1,2
0.435,0.1,0.435999,0,0,1,2
0.435,0.1,0.438999,0,0,1,2
0.435,0.1,0.441999,0,0,1,2
0.435,0.1,0.444999,0,0,1,2
0.435,0.1,0.447999,0,0,1,2
0.435,0.1,0.450999,0,0,1,2
0.438,0.1,0.25,0,0,1,2
0.438,0.1,0.253,0,0,1,2
0.438,0.1,0.256,0,0,1,2
0.438,0.1,0.259,0,0,1,2
0.438,0.1,0.262,0,0,1,2
0.438,0.1,0.265,0,0,1,2
0.438,0.1,0.268,0,0,1,2
0.438,0.1,0.271,0,0,1,2
0.438,0.1,0.274,0,0,1,2
0.438,0.1,0.277,0,0,1,2
0.438,0.1,0.28,0,0,1,2
0.438,0.1,0.283,0,0,1,2
0.438,0.1,0.286,0,0,1,2
0.438,0.1,0.289,0,0,1,2
0.438,0.1,0.292,0,0,1,2
0.438,0.1,0.295,0,0,1,2
0.438,0.1,0.298,0,0,1,2
0.438,0.1,0.301,0,0,1,2
0.438,0.1,0.304,0,0,1,2
0.438,0.1,0.307,0,0,1,2
0.438,0.1,0.31,0,0,1,2
0.438,0.1,0.313,0,0,1,2
0.438,0.1,0.316,0,0,1,2
0.438,0.1,0.319,0,0,1,2
0.438,0.1,0.322,0,0,1,2
0.438,0.1,0.325,0,0,1,2
0.438,0.1,0.328,0,0,1,2
0.438,0.1,0.331,0,0,1,2
0.438,0.1,0.334,0,0,1,2
0.438,0.1,0.337,0,0,1,2
0.438,0.1,0.34,0,0,1,2
0.438,0.1,0.343,0,0,1,2
0.438,0.1,0.346,0,0,1,2
0.438,0.1,0.349,0,0,1,2
0.438,0.1,0.352,0,0,1,2
0.438,0.1,0.355,0,0,1,2
0.438,0.1,0.358,0,0,1,2
0.438,0.1,0.361,0,0,1,2
0.438,0.1,0.364,0,0,1,2
0.438,0.1,0.367,0,0,1,2
0.438,0.1,0.37,0,0,1,2
0.438,0.1,0.373,0,0,1,2
0.438,0.1,0.376,0,0,1,2
0.438,0.1,0.379,0,0,1,2
0.438,0.1,0.382,0,0,1,2
0.438,0.1,0.385,0,0,1,2
0.438,0.1,0.388,0,0,1,2
0.438,0.1,0.391,0,0,1,2
0.438,0.1,0.394,0,0,1,2
0.438,0.1,0.397,0,0,1,2
0.438,0.1,0.4,0,0,1,2
0.438,0.1,0.403,0,0,1,2
0.438,0.1,0.406,0,0,1,2
0.438,0.1,0.409,0,0,1,2
0.438,0.1,0.412,0,0,1,2
0.438,0.1,0.415,0,0,1,2
0.438,0.1,0.418,0,0,1,2
0.438,0.1,0.420999,0,0,1,2
0.438,0.1,0.423999,0,0,1,2
0.438,0.1,0.426999,0,0,1,2
0.438,0.1,0.429999,0,0,1,2
0.438,0.1,0.432999,0,0,1,2
0.438,0.1,0.435999,0,0,1,2
0.438,0.1,0.438999,0,0,1,2
0.438,0.1,0.441999,0,0,1,2
0.438,0.1,0.444999,0,0,1,2
0.438,0.1,0.447999,0,0,1,2
0.438,0.1,0.450999,0,0,1,2
0.441,0.1,0.25,0,0,1,2
0.441,0.1,0.253,0,0,1,2
0.441,0.1,0.256,0,0,1,2
0.441,0.1,0.259,0,0,1,2
0.441,0.1,0.262,0,0,1,2
0.441,0.1,0.265,0,0,1,2
0.441,0.1,0.268,0,0,1,2
0.441,0.1,0.271,0,0,1,2
0.441,0.1,0.274,0,0,1,2
0.441,0.1,0.277,0,0,1,2
0.441,0.1,0.28,0,0,1,2
0.441,0.1,0.283,0,0,1,2
0.441,0.1,0.286,0,0,1,2
0.441,0.1,0.289,0,0,1,2
0.441,0.1,0.292,0,0,1,2
0.441,0.1,0.295,0,0,1,2
0.441,0.1,0.298,0,0,1,2
0.441,0.1,0.301,0,0,1,2
0.441,0.1,0.304,0,0,1,2
0.441,0.1,0.307,0,0,1,2
0.441,0.1,0.31,0,0,1,2
0.441,0.1,0.313,0,0,1,2
0.441,0.1,0.316,0,0,1,2
0.441,0.1,0.319,0,0,1,2
0.441,0.1,0.322,0,0,1,2
0.441,0.1,0.325,0,0,1,2
0.441,0.1,0.328,0,0,1,2
0.441,0.1,0.331,0,0,1,2
0.441,0.1,0.334,0,0,1,2
0.441,0.1,0.337,0,0,1,2
0.441,0.1,0.34,0,0,1,2
0.441,0.1,0.343,0,0,1,2
0.441,0.1,0.346,0,0,1,2
0.441,0.1,0.349,0,0,1,2
0.441,0.1,0.352,0,0,1,2
0.441,0.1,0.355,0,0,1,2
0.441,0.1,0.358,0,0,1,2
0.441,0.1,0.361,0,0,1,2
0.441,0.1,0.364,0,0,1,2
0.441,0.1,0.367,0,0,1,2
0.441,0.1,0.37,0,0,1,2
0.441,0.1,0.373,0,0,1,2
0.441,0.1,0.376,0,0,1,2
0.441,0.1,0.379,0,0,1,2
0.441,0.1,0.382,0,0,1,2
0.441,0.1,0.385,0,0,1,2
0.441,0.1,0.388,0,0,1,2
0.441,0.1,0.391,0,0,1,2
0.441,0.1,0.394,0,0,1,2
0.441,0.1,0.397,0,0,1,2
0.441,0.1,0.4,0,0,1,2
0.441,0.1,0.403,0,0,1,2
0.441,0.1,0.406,0,0,1,2
0.441,0.1,0.409,0,0,1,2
0.441,0.1,0.412,0,0,1,2
0.441,0.1,0.415,0,0,1,2
0.441,0.1,0.418,0,0,1,2
0.441,0.1,0.420999,0,0,1,2
0.441,0.1,0.423999,0,0,1,2
0.441,0.1,0.426999,0,0,1,2
0.441,0.1,0.429999,0,0,1,2
0.441,0.1,0.432999,0,0,1,2
0.441,0.1,0.435999,0,0,1,2
0.441,0.1,0.438999,0,0,1,2
0.441,0.1,0.441999,0,0,1,2
0.441,0.1,0.444999,0,0,1,2
0.441,0.1,0.447999,0,0,1,2
0.441,0.1,0.450999,0,0,1,2
0.444,0.1,0.25,0,0,1,2
0.444,0.1,0.253,0,0,1,2
0.444,0.1,0.256,0,0,1,2
0.444,0.1,0.259,0,0,1,2
0.444,0.1,0.262,0,0,1,2
0.444,0.1,0.265,0,0,1,2
0.444,0.1,0.268,0,0,1,2
0.444,0.1,0.271,0,0,1,2
0.444,0.1,0.274,0,0,1,2
0.444,0.1,0.277,0,0,1,2
0.444,0.1,0.28,0,0,1,2
0.444,0.1,0.283,0,0,1,2
0.444,0.1,0.286,0,0,1,2
0.444,0.1,0.289,0,0,1,2
0.444,0.1,0.292,0,0,1,2
0.444,0.1,0.295,0,0,1,2
0.444,0.1,0.298,0,0,1,2
0.444,0.1,0.301,0,0,1,2
0.444,0.1,0.304,0,0,1,2
0.444,0.1,0.307,0,0,1,2
0.444,0.1,0.31,0,0,1,2
0.444,0.1,0.313,0,0,1,2
0.444,0.1,0.316,0,0,1,2
0.444,0.1,0.319,0,0,1,2
0.444,0.1,0.322,0,0,1,2
0.444,0.1,0.325,0,0,1,2
0.444,0.1,0.328,0,0,1,2
0.444,0.1,0.331,0,0,1,2
0.444,0.1,0.334,0,0,1,2
0.444,0.1,0.337,0,0,1,2
0.444,0.1,0.34,0,0,1,2
0.444,0.1,0.343,0,0,1,2
0.444,0.1,0.346,0,0,1,2
0.444,0.1,0.349,0,0,1,2
0.444,0.1,0.352,0,0,1,2
0.444,0.1,0.355,0,0,1,2
0.444,0.1,0.358,0,0,1,2
0.444,0.1,0.361,0,0,1,2
0.444,0.1,0.364,0,0,1,2
0.444,0.1,0.367,0,0,1,2
0.444,0.1,0.37,0,0,1,2
0.444,0.1,0.373,0,0,1,2
0.444,0.1,0.376,0,0,1,2
0.444,0.1,0.379,0,0,1,2
0.444,0.1,0.382,0,0,1,2
0.444,0.1,0.385,0,0,1,2
0.444,0.1,0.388,0,0,1,2
0.444,0.1,0.391,0,0,1,2
0.444,0.1,0.394,0,0,1,2
0.444,0.1,0.397,0,0,1,2
0.444,0.1,0.4,0,0,1,2
0.444,0.1,0.403,0,0,1,2
0.444,0.1,0.406,0,0,1,2
0.444,0.1,0.409,0,0,1,2
0.444,0.1,0.412,0,0,1,2
0.444,0.1,0.415,0,0,1,2
0.444,0.1,0.418,0,0,1,2
0.444,0.1,0.420999,0,0,1,2
0.444,0.1,0.423999,0,0,1,2
0.444,0.1,0.426999,0,0,1,2
0.444,0.1,0.429999,0,0,1,2
0.444,0.1,0.432999,0,0,1,2
0.444,0.1,0.435999,0,0,1,2
0.444,0.1,0.438999,0,0,1,2
0.444,0.1,0.441999,0,0,1,2
0.444,0.1,0.444999,0,0,1,2
0.444,0.1,0.447999,0,0,1,2
0.444,0.1,0.450999,0,0,1,2
0.447,0.1,0.25,0,0,1,2
0.447,0.1,0.253,0,0,1,2
0.447,0.1,0.256,0,0,1,2
0.447,0.1,0.259,0,0,1,2
0.447,0.1,0.262,0,0,1,2
0.447,0.1,0.265,0,0,1,2
0.447,0.1,0.268,0,0,1,2
0.447,0.1,0.271,0,0,1,2
0.447,0.1,0.274,0,0,1,2
0.447,0.1,0.277,0,0,1,2
0.447,0.1,0.28,0,0,1,2
0.447,0.1,0.283,0,0,1,2
0.447,0.1,0.286,0,0,1,2
0.447,0.1,0.289,0,0,1,2
0.447,0.1,0.292,0,0,1,2
0.447,0.1,0.295,0,0,1,2
0.447,0.1,0.298,0,0,1,2
0.447,0.1,0.301,0,0,1,2
0.447,0.1,0.304,0,0,1,2
0.447,0.1,0.307,0,0,1,2
0.447,0.1,0.31,0,0,1,2
0.447,0.1,0.313,0,0,1,2
0.447,0.1,0.316,0,0,1,2
0.447,0.1,0.319,0,0,1,2
0.447,0.1,0.322,0,0,1,2
0.447,0.1,0.325,0,0,1,2
0.447,0.1,0.328,0,0,1,2
0.447,0.1,0.331,0,0,1,2
0.447,0.1,0.334,0,0,1,2
0.447,0.1,0.337,0,0,1,2
0.447,0.1,0.34,0,0,1,2
0.447,0.1,0.343,0,0,1,2
0.447,0.1,0.346,0,0,1,2
0.447,0.1,0.349,0,0,1,2
0.447,0.1,0.352,0,0,1,2
0.447,0.1,0.355,0,0,1,2
0.447,0.1,0.358,0,0,1,2
0.447,0.1,0.361,0,0,1,2
0.447,0.1,0.364,0,0,1,2
0.447,0.1,0.367,0,0,1,2
0.447,0.1,0.37,0,0,1,2
0.447,0.1,0.373,0,0,1,2
0.447,0.1,0.376,0,0,1,2
0.447,0.1,0.379,0,0,1,2
0.447,0.1,0.382,0,0,1,2
0.447,0.1,0.385,0,0,1,2
0.447,0.1,0.388,0,0,1,2
0.447,0.1,0.391,0,0,1,2
0.447,0.1,0.394,0,0,1,2
0.447,0.1,0.397,0,0,1,2
0.447,0.1,0.4,0,0,1,2
0.447,0.1,0.403,0,0,1,2
0.447,0.1,0.406,0,0,1,2
0.447,0.1,0.409,0,0,1,2
0.447,0.1,0.412,0,0,1,2
0.447,0.1,0.415,0,0,1,2
0.447,0.1,0.418,0,0,1,2
0.447,0.1,0.420999,0,0,1,2
0.447,0.1,0.423999,0,0,1,2
0.447,0.1,0.426999,0,0,1,2
0.447,0.1,0.429999,0,0,1,2
0.447,0.1,0.432999,0,0,1,2
0.447,0.1,0.435999,0,0,1,2
0.447,0.1,0.438999,0,0,1,2
0.447,0.1,0.441999,0,0,1,2
0.447,0.1,0.444999,0,0,1,2
0.447,0.1,0.447999,0,0,1,2
0.447,0.1,0.450999,0,0,1,2
0.45,0.1,0.25,0,0,1,2
0.45,0.1,0.253,0,0,1,2
0.45,0.1,0.256,0,0,1,2
0.45,0.1,0.259,0,0,1,2
0.45,0.1,0.262,0,0,1,2
0.45,0.1,0.265,0,0,1,2
0.45,0.1,0.268,0,0,1,2
0.45,0.1,0.271,0,0,1,2
0.45,0.1,0.274,0,0,1,2
0.45,0.1,0.277,0,0,1,2
0.45,0.1,0.28,0,0,1,2
0.45,0.1,0.283,0,0,1,2
0.45,0.1,0.286,0,0,1,2
0.45,0.1,0.289,0,0,1,2
0.45,0.1,0.292,0,0,1,2
0.45,0.1,0.295,0,0,1,2
0.45,0.1,0.298,0,0,1,2
0.45,0.1,0.301,0,0,1,2
0.45,0.1,0.304,0,0,1,2
0.45,0.1,0.307,0,0,1,2
0.45,0.1,0.31,0,0,1,2
0.45,0.1,0.313,0,0,1,2
0.45,0.1,0.316,0,0,1,2
0.45,0.1,0.319,0,0,1,2
0.45,0.1,0.322,0,0,1,2
0.45,0.1,0.325,0,0,1,2
0.45,0.1,0.328,0,0,1,2
0.45,0.1,0.331,0,0,1,2
0.45,0.1,0.334,0,0,1,2
0.45,0.1,0.337,0,0,1,2
0.45,0.1,0.34,0,0,1,2
0.45,0.1,0.343,0,0,1,2
0.45,0.1,0.346,0,0,1,2
0.45,0.1,0.349,0,0,1,2
0.45,0.1,0.352,0,0,1,2
0.45,0.1,0.355,0,0,1,2
0.45,0.1,0.358,0,0,1,2
0.45,0.1,0.361,0,0,1,2
0.45,0.1,0.364,0,0,1,2
0.45,0.1,0.367,0,0,1,2
0.45,0.1,0.37,0,0,1,2
0.45,0.1,0.373,0,0,1,2
0.45,0.1,0.376,0,0,1,2
0.45,0.1,0.379,0,0,1,2
0.45,0.1,0.382,0,0,1,2
0.45,0.1,0.385,0,0,1,2
0.45,0.1,0.388,0,0,1,2
0.45,0.1,0.391,0,0,1,2
0.45,0.1,0.394,0,0,1,2
0.45,0.1,0.397,0,0,1,2
0.45,0.1,0.4,0,0,1,2
0.45,0.1,0.403,0,0,1,2
0.45,0.1,0.406,0,0,1,2
0.45,0.1,0.409,0,0,1,2
0.45,0.1,0.412,0,0,1,2
0.45,0.1,0.415,0,0,1,2
0.45,0.1,0.418,0,0,1,2
0.45,0.1,0.420999,0,0,1,2
0.45,0.1,0.423999,0,0,1,2
0.45,0.1,0.426999,0,0,1,2
0.45,0.1,0.429999,0,0,1,2
0.45,0.1,0.432999,0,0,1,2
0.45,0.1,0.435999,0,0,1,2
0.45,0.1,0.438999,0,0,1,2
0.45,0.1,0.441999,0,0,1,2
0.45,0.1,0.444999,0,0,1,2
0.45,0.1,0.447999,0,0,1,2
0.45,0.1,0.450999,0,0,1,2
0.453,0.1,0.25,0,0,1,2
0.453,0.1,0.253,0,0,1,2
0.453,0.1,0.256,0,0,1,2
0.453,0.1,0.259,0,0,1,2
0.453,0.1,0.262,0,0,1,2
0.453,0.1,0.265,0,0,1,2
0.453,0.1,0.268,0,0,1,2
0.453,0.1,0.271,0,0,1,2
0.453,0.1,0.274,0,0,1,2
0.453,0.1,0.277,0,0,1,2
0.453,0.1,0.28,0,0,1,2
0.453,0.1,0.283,0,0,1,2
0.453,0.1,0.286,0,0,1,2
0.453,0.1,0.289,0,0,1,2
0.453,0.1,0.292,0,0,1,2
0.453,0.1,0.295,0,0,1,2
0.453,0.1,0.298,0,0,1,2
0.453,0.1,0.301,0,0,1,2
0.453,0.1,0.304,0,0,1,2
0.453,0.1,0.307,0,0,1,2
0.453,0.1,0.31,0,0,1,2
0.453,0.1,0.313,0,0,1,2
0.453,0.1,0.316,0,0,1,2
0.453,0.1,0.319,0,0,1,2
0.453,0.1,0.322,0,0,1,2
0.453,0.1,0.325,0,0,1,2
0.453,0.1,0.328,0,0,1,2
0.453,0.1,0.331,0,0,1,2
0.453,0.1,0.334,0,0,1,2
0.453,0.1,0.337,0,0,1,2
0.453,0.1,0.34,0,0,1,2
0.453,0.1,0.343,0,0,1,2
0.453,0.1,0.346,0,0,1,2
0.453,0.1,0.349,0,0,1,2
0.453,0.1,0.352,0,0,1,2
0.453,0.1,0.355,0,0,1,2
0.453,0.1,0.358,0,0,1,2
0.453,0.1,0.361,0,0,1,2
0.453,0.1,0.364,0,0,1,2
0.453,0.1,0.367,0,0,1,2
0.453,0.1,0.37,0,0,1,2
0.453,0.1,0.373,0,0,1,2
0.453,0.1,0.376,0,0,1,2
0.453,0.1,0.379,0,0,1,2
0.453,0.1,0.382,0,0,1,2
0.453,0.1,0.385,0,0,1,2
0.453,0.1,0.388,0,0,1,2
0.453,0.1,0.391,0,0,1,2
0.453,0.1,0.394,0,0,1,2
0.453,0.1,0.397,0,0,1,2
0.453,0.1,0.4,0,0,1,2
0.453,0.1,0.403,0,0,1,2
0.453,0.1,0.406,0,0,1,2
0.453,0.1,0.409,0,0,1,2
0.453,0.1,0.412,0,0,1,2
0.453,0.1,0.415,0,0,1,2
0.453,0.1,0.418,0,0,1,2
0.453,0.1,0.420999,0,0,1,2
0.453,0.1,0.423999,0,0,1,2
0.453,0.1,0.426999,0,0,1,2
0.453,0.1,0.429999,0,0,1,2
0.453,0.1,0.432999,0,0,1,2
0.453,0.1,0.435999,0,0,1,2
0.453,0.1,0.438999,0,0,1,2
0.453,0.1,0.441999,0,0,1,2
0.453,0.1,0.444999,0,0,1,2
0.453,0.1,0.447999,0,0,1,2
0.453,0.1,0.450999,0,0,1,2
0.456,0.1,0.25,0,0,1,2
0.456,0.1,0.253,0,0,1,2
0.456,0.1,0.256,0,0,1,2
0.456,0.1,0.259,0,0,1,2
0.456,0.1,0.262,0,0,1,2
0.456,0.1,0.265,0,0,1,2
0.456,0.1,0.268,0,0,1,2
0.456,0.1,0.271,0,0,1,2
0.456,0.1,0.274,0,0,1,2
0.456,0.1,0.277,0,0,1,2
0.456,0.1,0.28,0,0,1,2
0.456,0.1,0.283,0,0,1,2
0.456,0.1,0.286,0,0,1,2
0.456,0.1,0.289,0,0,1,2
0.456,0.1,0.292,0,0,1,2
0.456,0.1,0.295,0,0,1,2
0.456,0.1,0.298,0,0,1,2
0.456,0.1,0.301,0,0,1,2
0.456,0.1,0.304,0,0,1,2
0.456,0.1,0.307,0,0,1,2
0.456,0.1,0.31,0,0,1,2
0.456,0.1,0.313,0,0,1,2
0.456,0.1,0.316,0,0,1,2
0.456,0.1,0.319,0,0,1,2
0.456,0.1,0.322,0,0,1,2
0.456,0.1,0.325,0,0,1,2
0.456,0.1,0.328,0,0,1,2
0.456,0.1,0.331,0,0,1,2
0.456,0.1,0.334,0,0,1,2
0.456,0.1,0.337,0,0,1,2
0.456,0.1,0.34,0,0,1,2
0.456,0.1,0.343,0,0,1,2
0.456,0.1,0.346,0,0,1,2
0.456,0.1,0.349,0,0,1,2
0.456,0.1,0.352,0,0,1,2
0.456,0.1,0.355,0,0,1,2
0.456,0.1,0.358,0,0,1,2
0.456,0.1,0.361,0,0,1,2
0.456,0.1,0.364,0,0,1,2
0.456,0.1,0.367,0,0,1,2
0.456,0.1,0.37,0,0,1,2
0.456,0.1,0.373,0,0,1,2
0.456,0.1,0.376,0,0,1,2
0.456,0.1,0.379,0,0,1,2
0.456,0.1,0.382,0,0,1,2
0.456,0.1,0.385,0,0,1,2
0.456,0.1,0.388,0,0,1,2
0.456,0.1,0.391,0,0,1,2
0.456,0.1,0.394,0,0,1,2
0.456,0.1,0.397,0,0,1,2
0.456,0.1,0.4,0,0,1,2
0.456,0.1,0.403,0,0,1,2
0.456,0.1,0.406,0,0,1,2
0.456,0.1,0.409,0,0,1,2
0.456,0.1,0.412,0,0,1,2
0.456,0.1,0.415,0,0,1,2
0.456,0.1,0.418,0,0,1,2
0.456,0.1,0.420999,0,0,1,2
0.456,0.1,0.423999,0,0,1,2
0.456,0.1,0.426999,0,0,1,2
0.456,0.1,0.429999,0,0,1,2
0.456,0.1,0.432999,0,0,1,2
0.456,0.1,0.435999,0,0,1,2
0.456,0.1,0.438999,0,0,1,2
0.456,0.1,0.441999,0,0,1,2
0.456,0.1,0.444999,0,0,1,2
0.456,0.1,0.447999,0,0,1,2
0.456,0.1,0.450999,0,0,1,2
0.459,0.1,0.25,0,0,1,2
0.459,0.1,0.253,0,0,1,2
0.459,0.1,0.256,0,0,1,2
0.459,0.1,0.259,0,0,1,2
0.459,0.1,0.262,0,0,1,2
0.459,0.1,0.265,0,0,1,2
0.459,0.1,0.268,0,0,1,2
0.459,0.1,0.271,0,0,1,2
0.459,0.1,0.274,0,0,1,2
0.459,0.1,0.277,0,0,1,2
0.459,0.1,0.28,0,0,1,2
0.459,0.1,0.283,0,0,1,2
0.459,0.1,0.286,0,0,1,2
0.459,0.1,0.289,0,0,1,2
0.459,0.1,0.292,0,0,1,2
0.459,0.1,0.295,0,0,1,2
0.459,0.1,0.298,0,0,1,2
0.459,0.1,0.301,0,0,1,2
0.459,0.1,0.304,0,0,1,2
0.459,0.1,0.307,0,0,1,2
0.459,0.1,0.31,0,0,1,2
0.459,0.1,0.313,0,0,1,2
0.459,0.1,0.316,0,0,1,2
0.459,0.1,0.319,0,0,1,2
0.459,0.1,0.322,0,0,1,2
0.459,0.1,0.325,0,0,1,2
0.459,0.1,0.328,0,0,1,2
0.459,0.1,0.331,0,0,1,2
0.459,0.1,0.334,0,0,1,2
0.459,0.1,0.337,0,0,1,2
0.459,0.1,0.34,0,0,1,2
0.459,0.1,0.343,0,0,1,2
0.459,0.1,0.346,0,0,1,2
0.459,0.1,0.349,0,0,1,2
0.459,0.1,0.352,0,0,1,2
0.459,0.1,0.355,0,0,1,2
0.459,0.1,0.358,0,0,1,2
0.459,0.1,0.361,0,0,1,2
0.459,0.1,0.364,0,0,1,2
0.459,0.1,0.367,0,0,1,2
0.459,0.1,0.37,0,0,1,2
0.459,0.1,0.373,0,0,1,2
0.459,0.1,0.376,0,0,1,2
0.459,0.1,0.379,0,0,1,2
0.459,0.1,0.382,0,0,1,2
0.459,0.1,0.385,0,0,1,2
0.459,0.1,0.388,0,0,1,2
0.459,0.1,0.391,0,0,1,2
0.459,0.1,0.394,0,0,1,2
0.459,0.1,0.397,0,0,1,2
0.459,0.1,0.4,0,0,1,2
0.459,0.1,0.403,0,0,1,2
0.459,0.1,0.406,0,0,1,2
0.459,0.1,0.409,0,0,1,2
0.459,0.1,0.412,0,0,1,2
0.459,0.1,0.415,0,0,1,2
0.459,0.1,0.418,0,0,1,2
0.459,0.1,0.420999,0,0,1,2
0.459,0.1,0.423999,0,0,1,2
0.459,0.1,0.426999,0,0,1,2
0.459,0.1,0.429999,0,0,1,2
0.459,0.1,0.432999,0,0,1,2
0.459,0.1,0.435999,0,0,1,2
0.459,0.1,0.438999,0,0,1,2
0.459,0.1,0.441999,0,0,1,2
0.459,0.1,0.444999,0,0,1,2
0.459,0.1,0.447999,0,0,1,2
0.459,0.1,0.450999,0,0,1,2
0.462,0.1,0.25,0,0,1,2
0.462,0.1,0.253,0,0,1,2
0.462,0.1,0.256,0,0,1,2
0.462,0.1,0.259,0,0,1,2
0.462,0.1,0.262,0,0,1,2
0.462,0.1,0.265,0,0,1,2
0.462,0.1,0.268,0,0,1,2
0.462,0.1,0.271,0,0,1,2
0.462,0.1,0.274,0,0,1,2
0.462,0.1,0.277,0,0,1,2
0.462,0.1,0.28,0,0,1,2
0.462,0.1,0.283,0,0,1,2
0.462,0.1,0.286,0,0,1,2
0.462,0.1,0.289,0,0,1,2
0.462,0.1,0.292,0,0,1,2
0.462,0.1,0.295,0,0,1,2
0.462,0.1,0.298,0,0,1,2
0.462,0.1,0.301,0,0,1,2
0.462,0.1,0.304,0,0,1,2
0.462,0.1,0.307,0,0,1,2
0.462,0.1,0.31,0,0,1,2
0.462,0.1,0.313,0,0,1,2
0.462,0.1,0.316,0,0,1,2
0.462,0.1,0.319,0,0,1,2
0.462,0.1,0.322,0,0,1,2
0.462,0.1,0.325,0,0,1,2
0.462,0.1,0.328,0,0,1,2
0.462,0.1,0.331,0,0,1,2
0.462,0.1,0.334,0,0,1,2
0.462,0.1,0.337,0,0,1,2
0.462,0.1,0.34,0,0,1,2
0.462,0.1,0.343,0,0,1,2
0.462,0.1,0.346,0,0,1,2
0.462,0.1,0.349,0,0,1,2
0.462,0.1,0.352,0,0,1,2
0.462,0.1,0.355,0,0,1,2
0.462,0.1,0.358,0,0,1,2
0.462,0.1,0.361,0,0,1,2
0.462,0.1,0.364,0,0,1,2
0.462,0.1,0.367,0,0,1,2
0.462,0.1,0.37,0,0,1,2
0.462,0.1,0.373,0,0,1,2
0.462,0.1,0.376,0,0,1,2
0.462,0.1,0.379,0,0,1,2
0.462,0.1,0.382,0,0,1,2
0.462,0.1,0.385,0,0,1,2
0.462,0.1,0.388,0,0,1,2
0.462,0.1,0.391,0,0,1,2
0.462,0.1,0.394,0,0,1,2
0.462,0.1,0.397,0,0,1,2
0.462,0.1,0.4,0,0,1,2
0.462,0.1,0.403,0,0,1,2
0.462,0.1,0.406,0,0,1,2
0.462,0.1,0.409,0,0,1,2
0.462,0.1,0.412,0,0,1,2
0.462,0.1,0.415,0,0,1,2
0.462,0.1,0.418,0,0,1,2
0.462,0.1,0.420999,0,0,1,2
0.462,0.1,0.423999,0,0,1,2
0.462,0.1,0.426999,0,0,1,2
0.462,0.1,0.429999,0,0,1,2
0.462,0.1,0.432999,0,0,1,2
0.462,0.1,0.435999,0,0,1,2
0.462,0.1,0.438999,0,0,1,2
0.462,0.1,0.441999,0,0,1,2
0.462,0.1,0.444999,0,0,1,2
0.462,0.1,0.447999,0,0,1,2
0.462,0.1,0.450999,0,0,1,2
0.465,0.1,0.25,0,0,1,2
0.465,0.1,0.253,0,0,1,2
0.465,0.1,0.256,0,0,1,2
0.465,0.1,0.259,0,0,1,2
0.465,0.1,0.262,0,0,1,2
0.465,0.1,0.265,0,0,1,2
0.465,0.1,0.268,0,0,1,2
0.465,0.1,0.271,0,0,1,2
0.465,0.1,0.274,0,0,1,2
0.465,0.1,0.277,0,0,1,2
0.465,0.1,0.28,0,0,1,2
0.465,0.1,0.283,0,0,1,2
0.465,0.1,0.286,0,0,1,2
0.465,0.1,0.289,0,0,1,2
0.465,0.1,0.292,0,0,1,2
0.465,0.1,0.295,0,0,1,2
0.465,0.1,0.298,0,0,1,2
0.465,0.1,0.301,0,0,1,2
0.465,0.1,0.304,0,0,1,2
0.465,0.1,0.307,0,0,1,2
0.465,0.1,0.31,0,0,1,2
0.465,0.1,0.313,0,0,1,2
0.465,0.1,0.316,0,0,1,2
0.465,0.1,0.319,0,0,1,2
0.465,0.1,0.322,0,0,1,2
0.465,0.1,0.325,0,0,1,2
0.465,0.1,0.328,0,0,1,2
0.465,0.1,0.331,0,0,1,2
0.465,0.1,0.334,0,0,1,2
0.465,0.1,0.337,0,0,1,2
0.465,0.1,0.34,0,0,1,2
0.465,0.1,0.343,0,0,1,2
0.465,0.1,0.346,0,0,1,2
0.465,0.1,0.349,0,0,1,2
0.465,0.1,0.352,0,0,1,2
0.465,0.1,0.355,0,0,1,2
0.465,0.1,0.358,0,0,1,2
0.465,0.1,0.361,0,0,1,2
0.465,0.1,0.364,0,0,1,2
0.465,0.1,0.367,0,0,1,2
0.465,0.1,0.37,0,0,1,2
0.465,0.1,0.373,0,0,1,2
0.465,0.1,0.376,0,0,1,2
0.465,0.1,0.379,0,0,1,2
0.465,0.1,0.382,0,0,1,2
0.465,0.1,0.385,0,0,1,2
0.465,0.1,0.388,0,0,1,2
0.465,0.1,0.391,0,0,1,2
0.465,0.1,0.394,0,0,1,2
0.465,0.1,0.397,0,0,1,2
0.465,0.1,0.4,0,0,1,2
0.465,0.1,0.403,0,0,1,2
0.465,0.1,0.406,0,0,1,2
0.465,0.1,0.409,0,0,1,2
0.465,0.1,0.412,0,0,1,2
0.465,0.1,0.415,0,0,1,2
0.465,0.1,0.418,0,0,1,2
0.465,0.1,0.420999,0,0,1,2
0.465,0.1,0.423999,0,0,1,2
0.465,0.1,0.426999,0,0,1,2
0.465,0.1,0.429999,0,0,1,2
0.465,0.1,0.432999,0,0,1,2
0.465,0.1,0.435999,0,0,1,2
0.465,0.1,0.438999,0,0,1,2
0.465,0.1,0.441999,0,0,1,2
0.465,0.1,0.444999,0,0,1,2
0.465,0.1,0.447999,0,0,1,2
0.465,0.1,0.450999,0,0,1,2
0.468,0.1,0.25,0,0,1,2
0.468,0.1,0.253,0,0,1,2
0.468,0.1,0.256,0,0,1,2
0.468,0.1,0.259,0,0,1,2
0.468,0.1,0.262,0,0,1,2
0.468,0.1,0.265,0,0,1,2
0.468,0.1,0.268,0,0,1,2
0.468,0.1,0.271,0,0,1,2
0.468,0.1,0.274,0,0,1,2
0.468,0.1,0.277,0,0,1,2
0.468,0.1,0.28,0,0,1,2
0.468,0.1,0.283,0,0,1,2
0.468,0.1,0.286,0,0,1,2
0.468,0.1,0.289,0,0,1,2
0.468,0.1,0.292,0,0,1,2
0.468,0.1,0.295,0,0,1,2
0.468,0.1,0.298,0,0,1,2
0.468,0.1,0.301,0,0,1,2
0.468,0.1,0.304,0,0,1,2
0.468,0.1,0.307,0,0,1,2
0.468,0.1,0.31,0,0,1,2
0.468,0.1,0.313,0,0,1,2
0.468,0.1,0.316,0,0,1,2
0.468,0.1,0.319,0,0,1,2
0.468,0.1,0.322,0,0,1,2
0.468,0.1,0.325,0,0,1,2
0.468,0.1,0.328,0,0,1,2
0.468,0.1,0.331,0,0,1,2
0.468,0.1,0.334,0,0,1,2
0.468,0.1,0.337,0,0,1,2
0.468,0.1,0.34,0,0,1,2
0.468,0.1,0.343,0,0,1,2
0.468,0.1,0.346,0,0,1,2
0.468,0.1,0.349,0,0,1,2
0.468,0.1,0.352,0,0,1,2
0.468,0.1,0.355,0,0,1,2
0.468,0.1,0.358,0,0,1,2
0.468,0.1,0.361,0,0,1,2
0.468,0.1,0.364,0,0,1,2
0.468,0.1,0.367,0,0,1,2
0.468,0.1,0.37,0,0,1,2
0.468,0.1,0.373,0,0,1,2
0.468,0.1,0.376,0,0,1,2
0.468,0.1,0.379,0,0,1,2
0.468,0.1,0.382,0,0,1,2
0.468,0.1,0.385,0,0,1,2
0.468,0.1,0.388,0,0,1,2
0.468,0.1,0.391,0,0,1,2
0.468,0.1,0.394,0,0,1,2
0.468,0.1,0.397,0,0,1,2
0.468,0.1,0.4,0,0,1,2
0.468,0.1,0.403,0,0,1,2
0.468,0.1,0.406,0,0,1,2
0.468,0.1,0.409,0,0,1,2
0.468,0.1,0.412,0,0,1,2
0.468,0.1,0.415,0,0,1,2
0.468,0.1,0.418,0,0,1,2
0.468,0.1,0.420999,0,0,1,2
0.468,0.1,0.423999,0,0,1,2
0.468,0.1,0.426999,0,0,1,2
0.468,0.1,0.429999,0,0,1,2
0.468,0.1,0.432999,0,0,1,2
0.468,0.1,0.435999,0,0,1,2
0.468,0.1,0.438999,0,0,1,2
0.468,0.1,0.441999,0,0,1,2
0.468,0.1,0.444999,0,0,1,2
0.468,0.1,0.447999,0,0,1,2
0.468,0.1,0.450999,0,0,1,2
0.471,0.1,0.25,0,0,1,2
0.471,0.1,0.253,0,0,1,2
0.471,0.1,0.256,0,0,1,2
0.471,0.1,0.259,0,0,1,2
0.471,0.1,0.262,0,0,1,2
0.471,0.1,0.265,0,0,1,2
0.471,0.1,0.268,0,0,1,2
0.471,0.1,0.271,0,0,1,2
0.471,0.1,0.274,0,0,1,2
0.471,0.1,0.277,0,0,1,2
0.471,0.1,0.28,0,0,1,2
0.471,0.1,0.283,0,0,1,2
0.471,0.1,0.286,0,0,1,2
0.471,0.1,0.289,0,0,1,2
0.471,0.1,0.292,0,0,1,2
0.471,0.1,0.295,0,0,1,2
0.471,0.1,0.298,0,0,1,2
0.471,0.1,0.301,0,0,1,2
0.471,0.1,0.304,0,0,1,2
0.471,0.1,0.307,0,0,1,2
0.471,0.1,0.31,0,0,1,2
0.471,0.1,0.313,0,0,1,2
0.471,0.1,0.316,0,0,1,2
0.471,0.1,0.319,0,0,1,2
0.471,0.1,0.322,0,0,1,2
0.471,0.1,0.325,0,0,1,2
0.471,0.1,0.328,0,0,1,2
0.471,0.1,0.331,0,0,1,2
0.471,0.1,0.334,0,0,1,2
0.471,0.1,0.337,0,0,1,2
0.471,0.1,0.34,0,0,1,2
0.471,0.1,0.343,0,0,1,2
0.471,0.1,0.346,0,0,1,2
0.471,0.1,0.349,0,0,1,2
0.471,0.1,0.352,0,0,1,2
0.471,0.1,0.355,0,0,1,2
0.471,0.1,0.358,0,0,1,2
0.471,0.1,0.361,0,0,1,2
0.471,0.1,0.364,0,0,1,2
0.471,0.1,0.367,0,0,1,2
0.471,0.1,0.37,0,0,1,2
0.471,0.1,0.373,0,0,1,2
0.471,0.1,0.376,0,0,1,2
0.471,0.1,0.379,0,0,1,2
0.471,0.1,0.382,0,0,1,2
0.471,0.1,0.385,0,0,1,2
0.471,0.1,0.388,0,0,1,2
0.471,0.1,0.391,0,0,1,2
0.471,0.1,0.394,0,0,1,2
0.471,0.1,0.397,0,0,1,2
0.471,0.1,0.4,0,0,1,2
0.471,0.1,0.403,0,0,1,2
0.471,0.1,0.406,0,0,1,2
0.471,0.1,0.409,0,0,1,2
0.471,0.1,0.412,0,0,1,2
0.471,0.1,0.415,0,0,1,2
0.471,0.1,0.418,0,0,1,2
0.471,0.1,0.420999,0,0,1,2
0.471,0.1,0.423999,0,0,1,2
0.471,0.1,0.426999,0,0,1,2
0.471,0.1,0.429999,0,0,1,2
0.471,0.1,0.432999,0,0,1,2
0.471,0.1,0.435999,0,0,1,2
0.471,0.1,0.438999,0,0,1,2
0.471,0.1,0.441999,0,0,1,2
0.471,0.1,0.444999,0,0,1,2
0.471,0.1,0.447999,0,0,1,2
0.471,0.1,0.450999,0,0,1,2
0.474,0.1,0.25,0,0,1,2
0.474,0.1,0.253,0,0,1,2
0.474,0.1,0.256,0,0,1,2
0.474,0.1,0.259,0,0,1,2
0.474,0.1,0.262,0,0,1,2
0.474,0.1,0.265,0,0,1,2
0.474,0.1,0.268,0,0,1,2
0.474,0.1,0.271,0,0,1,2
0.474,0.1,0.274,0,0,1,2
0.474,0.1,0.277,0,0,1,2
0.474,0.1,0.28,0,0,1,2
0.474,0.1,0.283,0,0,1,2
0.474,0.1,0.286,0,0,1,2
0.474,0.1,0.289,0,0,1,2
0.474,0.1,0.292,0,0,1,2
0.474,0.1,0.295,0,0,1,2
0.474,0.1,0.298,0,0,1,2
0.474,0.1,0.301,0,0,1,2
0.474,0.1,0.304,0,0,1,2
0.474,0.1,0.307,0,0,1,2
0.474,0.1,0.31,0,0,1,2
0.474,0.1,0.313,0,0,1,2
0.474,0.1,0.316,0,0,1,2
0.474,0.1,0.319,0,0,1,2
0.474,0.1,0.322,0,0,1,2
0.474,0.1,0.325,0,0,1,2
0.474,0.1,0.328,0,0,1,2
0.474,0.1,0.331,0,0,1,2
0.474,0.1,0.334,0,0,1,2
0.474,0.1,0.337,0,0,1,2
0.474,0.1,0.34,0,0,1,2
0.474,0.1,0.343,0,0,1,2
0.474,0.1,0.346,0,0,1,2
0.474,0.1,0.349,0,0,1,2
0.474,0.1,0.352,0,0,1,2
0.474,0.1,0.355,0,0,1,2
0.474,0.1,0.358,0,0,1,2
0.474,0.1,0.361,0,0,1,2
0.474,0.1,0.364,0,0,1,2
0.474,0.1,0.367,0,0,1,2
0.474,0.1,0.37,0,0,1,2
0.474,0.1,0.373,0,0,1,2
0.474,0.1,0.376,0,0,1,2
0.474,0.1,0.379,0,0,1,2
0.474,0.1,0.382,0,0,1,2
0.474,0.1,0.385,0,0,1,2
0.474,0.1,0.388,0,0,1,2
0.474,0.1,0.391,0,0,1,2
0.474,0.1,0.394,0,0,1,2
0.474,0.1,0.397,0,0,1,2
0.474,0.1,0.4,0,0,1,2
0.474,0.1,0.403,0,0,1,2
0.474,0.1,0.406,0,0,1,2
0.474,0.1,0.409,0,0,1,2
0.474,0.1,0.412,0,0,1,2
0.474,0.1,0.415,0,0,1,2
0.474,0.1,0.418,0,0,1,2
0.474,0.1,0.420999,0,0,1,2
0.474,0.1,0.423999,0,0,1,2
0.474,0.1,0.426999,0,0,1,2
0.474,0.1,0.429999,0,0,1,2
0.474,0.1,0.432999,0,0,1,2
0.474,0.1,0.435999,0,0,1,2
0.474,0.1,0.438999,0,0,1,2
0.474,0.1,0.441999,0,0,1,2
0.474,0.1,0.444999,0,0,1,2
0.474,0.1,0.447999,0,0,1,2
0.474,0.1,0.450999,0,0,1,2
0.477,0.1,0.25,0,0,1,2
0.477,0.1,0.253,0,0,1,2
0.477,0.1,0.256,0,0,1,2
0.477,0.1,0.259,0,0,1,2
0.477,0.1,0.262,0,0,1,2
0.477,0.1,0.265,0,0,1,2
0.477,0.1,0.268,0,0,1,2
0.477,0.1,0.271,0,0,1,2
0.477,0.1,0.274,0,0,1,2
0.477,0.1,0.277,0,0,1,2
0.477,0.1,0.28,0,0,1,2
0.477,0.1,0.283,0,0,1,2
0.477,0.1,0.286,0,0,1,2
0.477,0.1,0.289,0,0,1,2
0.477,0.1,0.292,0,0,1,2
0.477,0.1,0.295,0,0,1,2
0.477,0.1,0.298,0,0,1,2
0.477,0.1,0.301,0,0,1,2
0.477,0.1,0.304,0,0,1,2
0.477,0.1,0.307,0,0,1,2
0.477,0.1,0.31,0,0,1,2
0.477,0.1,0.313,0,0,1,2
0.477,0.1,0.316,0,0,1,2
0.477,0.1,0.319,0,0,1,2
0.477,0.1,0.322,0,0,1,2
0.477,0.1,0.325,0,0,1,2
0.477,0.1,0.328,0,0,1,2
0.477,0.1,0.331,0,0,1,2
0.477,0.1,0.334,0,0,1,2
0.477,0.1,0.337,0,0,1,2
0.477,0.1,0.34,0,0,1,2
0.477,0.1,0.343,0,0,1,2
0.477,0.1,0.346,0,0,1,2
0.477,0.1,0.349,0,0,1,2
0.477,0.1,0.352,0,0,1,2
0.477,0.1,0.355,0,0,1,2
0.477,0.1,0.358,0,0,1,2
0.477,0.1,0.361,0,0,1,2
0.477,0.1,0.364,0,0,1,2
0.477,0.1,0.367,0,0,1,2
0.477,0.1,0.37,0,0,1,2
0.477,0.1,0.373,0,0,1,2
0.477,0.1,0.376,0,0,1,2
0.477,0.1,0.379,0,0,1,2
0.477,0.1,0.382,0,0,1,2
0.477,0.1,0.385,0,0,1,2
0.477,0.1,0.388,0,0,1,2
0.477,0.1,0.391,0,0,1,2
0.477,0.1,0.394,0,0,1,2
0.477,0.1,0.397,0,0,1,2
0.477,0.1,0.4,0,0,1,2
0.477,0.1,0.403,0,0,1,2
0.477,0.1,0.406,0,0,1,2
0.477,0.1,0.409,0,0,1,2
0.477,0.1,0.412,0,0,1,2
0.477,0.1,0.415,0,0,1,2
0.477,0.1,0.418,0,0,1,2
0.477,0.1,0.420999,0,0,1,2
0.477,0.1,0.423999,0,0,1,2
0.477,0.1,0.426999,0,0,1,2
0.477,0.1,0.429999,0,0,1,2
0.477,0.1,0.432999,0,0,1,2
0.477,0.1,0.435999,0,0,1,2
0.477,0.1,0.438999,0,0,1,2
0.477,0.1,0.441999,0,0,1,2
0.477,0.1,0.444999,0,0,1,2
0.477,0.1,0.447999,0,0,1,2
0.477,0.1,0.450999,0,0,1,2
0.48,0.1,0.25,0,0,1,2
0.48,0.1,0.253,0,0,1,2
0.48,0.1,0.256,0,0,1,2
0.48,0.1,0.259,0,0,1,2
0.48,0.1,0.262,0,0,1,2
0.48,0.1,0.265,0,0,1,2
0.48,0.1,0.268,0,0,1,2
0.48,0.1,0.271,0,0,1,2
0.48,0.1,0.274,0,0,1,2
0.48,0.1,0.277,0,0,1,2
0.48,0.1,0.28,0,0,1,2
0.48,0.1,0.283,0,0,1,2
0.48,0.1,0.286,0,0,1,2
0.48,0.1,0.289,0,0,1,2
0.48,0.1,0.292,0,0,1,2
0.48,0.1,0.295,0,0,1,2
0.48,0.1,0.298,0,0,1,2
0.48,0.1,0.301,0,0,1,2
0.48,0.1,0.304,0,0,1,2
0.48,0.1,0.307,0,0,1,2
0.48,0.1,0.31,0,0,1,2
0.48,0.1,0.313,0,0,1,2
0.48,0.1,0.316,0,0,1,2
0.48,0.1,0.319,0,0,1,2
0.48,0.1,0.322,0,0,1,2
0.48,0.1,0.325,0,0,1,2
0.48,0.1,0.328,0,0,1,2
0.48,0.1,0.331,0,0,1,2
0.48,0.1,0.334,0,0,1,2
0.48,0.1,0.337,0,0,1,2
0.48,0.1,0.34,0,0,1,2
0.48,0.1,0.343,0,0,1,2
0.48,0.1,0.346,0,0,1,2
0.48,0.1,0.349,0,0,1,2
0.48,0.1,0.352,0,0,1,2
0.48,0.1,0.355,0,0,1,2
0.48,0.1,0.358,0,0,1,2
0.48,0.1,0.361,0,0,1,2
0.48,0.1,0.364,0,0,1,2
0.48,0.1,0.367,0,0,1,2
0.48,0.1,0.37,0,0,1,2
0.48,0.1,0.373,0,0,1,2
0.48,0.1,0.376,0,0,1,2
0.48,0.1,0.379,0,0,1,2
0.48,0.1,0.382,0,0,1,2
0.48,0.1,0.385,0,0,1,2
0.48,0.1,0.388,0,0,1,2
0.48,0.1,0.391,0,0,1,2
0.48,0.1,0.394,0,0,1,2
0.48,0.1,0.397,0,0,1,2
0.48,0.1,0.4,0,0,1,2
0.48,0.1,0.403,0,0,1,2
0.48,0.1,0.406,0,0,1,2
0.48,0.1,0.409,0,0,1,2
0.48,0.1,0.412,0,0,1,2
0.48,0.1,0.415,0,0,1,2
0.48,0.1,0.418,0,0,1,2
0.48,0.1,0.420999,0,0,1,2
0.48,0.1,0.423999,0,0,1,2
0.48,0.1,0.426999,0,0,1,2
0.48,0.1,0.429999,0,0,1,2
0.48,0.1,0.432999,0,0,1,2
0.48,0.1,0.435999,0,0,1,2
0.48,0.1,0.438999,0,0,1,2
0.48,0.1,0.441999,0,0,1,2
0.48,0.1,0.444999,0,0,1,2
0.48,0.1,0.447999,0,0,1,2
0.48,0.1,0.450999,0,0,1,2
0.483,0.1,0.25,0,0,1,2
0.483,0.1,0.253,0,0,1,2
0.483,0.1,0.256,0,0,1,2
0.483,0.1,0.259,0,0,1,2
0.483,0.1,0.262,0,0,1,2
0.483,0.1,0.265,0,0,1,2
0.483,0.1,0.268,0,0,1,2
0.483,0.1,0.271,0,0,1,2
0.483,0.1,0.274,0,0,1,2
0.483,0.1,0.277,0,0,1,2
0.483,0.1,0.28,0,0,1,2
0.483,0.1,0.283,0,0,1,2
0.483,0.1,0.286,0,0,1,2
0.483,0.1,0.289,0,0,1,2
0.483,0.1,0.292,0,0,1,2
0.483,0.1,0.295,0,0,1,2
0.483,0.1,0.298,0,0,1,2
0.483,0.1,0.301,0,0,1,2
0.483,0.1,0.304,0,0,1,2
0.483,0.1,0.307,0,0,1,2
0.483,0.1,0.31,0,0,1,2
0.483,0.1,0.313,0,0,1,2
0.483,0.1,0.316,0,0,1,2
0.483,0.1,0.319,0,0,1,2
0.483,0.1,0.322,0,0,1,2
0.483,0.1,0.325,0,0,1,2
0.483,0.1,0.328,0,0,1,2
0.483,0.1,0.331,0,0,1,2
0.483,0.1,0.334,0,0,1,2
0.483,0.1,0.337,0,0,1,2
0.483,0.1,0.34,0,0,1,2
0.483,0.1,0.343,0,0,1,2
0.483,0.1,0.346,0,0,1,2
0.483,0.1,0.349,0,0,1,2
0.483,0.1,0.352,0,0,1,2
0.483,0.1,0.355,0,0,1,2
0.483,0.1,0.358,0,0,1,2
0.483,0.1,0.361,0,0,1,2
0.483,0.1,0.364,0,0,1,2
0.483,0.1,0.367,0,0,1,2
0.483,0.1,0.37,0,0,1,2
0.483,0.1,0.373,0,0,1,2
0.483,0.1,0.376,0,0,1,2
0.483,0.1,0.379,0,0,1,2
0.483,0.1,0.382,0,0,1,2
0.483,0.1,0.385,0,0,1,2
0.483,0.1,0.388,0,0,1,2
0.483,0.1,0.391,0,0,1,2
0.483,0.1,0.394,0,0,1,2
0.483,0.1,0.397,0,0,1,2
0.483,0.1,0.4,0,0,1,2
0.483,0.1,0.403,0,0,1,2
0.483,0.1,0.406,0,0,1,2
0.483,0.1,0.409,0,0,1,2
0.483,0.1,0.412,0,0,1,2
0.483,0.1,0.415,0,0,1,2
0.483,0.1,0.418,0,0,1,2
0.483,0.1,0.420999,0,0,1,2
0.483,0.1,0.423999,0,0,1,2
0.483,0.1,0.426999,0,0,1,2
0.483,0.1,0.429999,0,0,1,2
0.483,0.1,0.432999,0,0,1,2
0.483,0.1,0.435999,0,0,1,2
0.483,0.1,0.438999,0,0,1,2
0.483,0.1,0.441999,0,0,1,2
0.483,0.1,0.444999,0,0,1,2
0.483,0.1,0.447999,0,0,1,2
0.483,0.1,0.450999,0,0,1,2
0.486,0.1,0.25,0,0,1,2
0.486,0.1,0.253,0,0,1,2
0.486,0.1,0.256,0,0,1,2
0.486,0.1,0.259,0,0,1,2
0.486,0.1,0.262,0,0,1,2
0.486,0.1,0.265,0,0,1,2
0.486,0.1,0.268,0,0,1,2
0.486,0.1,0.271,0,0,1,2
0.486,0.1,0.274,0,0,1,2
0.486,0.1,0.277,0,0,1,2
0.486,0.1,0.28,0,0,1,2
0.486,0.1,0.283,0,0,1,2
0.486,0.1,0.286,0,0,1,2
0.486,0.1,0.289,0,0,1,2
0.486,0.1,0.292,0,0,1,2
0.486,0.1,0.295,0,0,1,2
0.486,0.1,0.298,0,0,1,2
0.486,0.1,0.301,0,0,1,2
0.486,0.1,0.304,0,0,1,2
0.486,0.1,0.307,0,0,1,2
0.486,0.1,0.31,0,0,1,2
0.486,0.1,0.313,0,0,1,2
0.486,0.1,0.316,0,0,1,2
0.486,0.1,0.319,0,0,1,2
0.486,0.1,0.322,0,0,1,2
0.486,0.1,0.325,0,0,1,2
0.486,0.1,0.328,0,0,1,2
0.486,0.1,0.331,0,0,1,2
0.486,0.1,0.334,0,0,1,2
0.486,0.1,0.337,0,0,1,2
0.486,0.1,0.34,0,0,1,2
0.486,0.1,0.343,0,0,1,2
0.486,0.1,0.346,0,0,1,2
0.486,0.1,0.349,0,0,1,2
0.486,0.1,0.352,0,0,1,2
0.486,0.1,0.355,0,0,1,2
0.486,0.1,0.358,0,0,1,2
0.486,0.1,0.361,0,0,1,2
0.486,0.1,0.364,0,0,1,2
0.486,0.1,0.367,0,0,1,2
0.486,0.1,0.37,0,0,1,2
0.486,0.1,0.373,0,0,1,2
0.486,0.1,0.376,0,0,1,2
0.486,0.1,0.379,0,0,1,2
0.486,0.1,0.382,0,0,1,2
0.486,0.1,0.385,0,0,1,2
0.486,0.1,0.388,0,0,1,2
0.486,0.1,0.391,0,0,1,2
0.486,0.1,0.394,0,0,1,2
0.486,0.1,0.397,0,0,1,2
0.486,0.1,0.4,0,0,1,2
0.486,0.1,0.403,0,0,1,2
0.486,0.1,0.406,0,0,1,2
0.486,0.1,0.409,0,0,1,2
0.486,0.1,0.412,0,0,1,2
0.486,0.1,0.415,0,0,1,2
0.486,0.1,0.418,0,0,1,2
0.486,0.1,0.420999,0,0,1,2
0.486,0.1,0.423999,0,0,1,2
0.486,0.1,0.426999,0,0,1,2
0.486,0.1,0.429999,0,0,1,2
0.486,0.1,0.432999,0,0,1,2
0.486,0.1,0.435999,0,0,1,2
0.486,0.1,0.438999,0,0,1,2
0.486,0.1,0.441999,0,0,1,2
0.486,0.1,0.444999,0,0,1,2
0.486,0.1,0.447999,0,0,1,2
0.486,0.1,0.450999,0,0,1,2
0.489,0.1,0.25,0,0,1,2
0.489,0.1,0.253,0,0,1,2
0.489,0.1,0.256,0,0,1,2
0.489,0.1,0.259,0,0,1,2
0.489,0.1,0.262,0,0,1,2
0.489,0.1,0.265,0,0,1,2
0.489,0.1,0.268,0,0,1,2
0.489,0.1,0.271,0,0,1,2
0.489,0.1,0.274,0,0,1,2
0.489,0.1,0.277,0,0,1,2
0.489,0.1,0.28,0,0,1,2
0.489,0.1,0.283,0,0,1,2
0.489,0.1,0.286,0,0,1,2
0.489,0.1,0.289,0,0,1,2
0.489,0.1,0.292,0,0,1,2
0.489,0.1,0.295,0,0,1,2
0.489,0.1,0.298,0,0,1,2
0.489,0.1,0.301,0,0,1,2
0.489,0.1,0.304,0,0,1,2
0.489,0.1,0.307,0,0,1,2
0.489,0.1,0.31,0,0,1,2
0.489,0.1,0.313,0,0,1,2
0.489,0.1,0.316,0,0,1,2
0.489,0.1,0.319,0,0,1,2
0.489,0.1,0.322,0,0,1,2
0.489,0.1,0.325,0,0,1,2
0.489,0.1,0.328,0,0,1,2
0.489,0.1,0.331,0,0,1,2
0.489,0.1,0.334,0,0,1,2
0.489,0.1,0.337,0,0,1,2
0.489,0.1,0.34,0,0,1,2
0.489,0.1,0.343,0,0,1,2
0.489,0.1,0.346,0,0,1,2
0.489,0.1,0.349,0,0,1,2
0.489,0.1,0.352,0,0,1,2
0.489,0.1,0.355,0,0,1,2
0.489,0.1,0.358,0,0,1,2
0.489,0.1,0.361,0,0,1,2
0.489,0.1,0.364,0,0,1,2
0.489,0.1,0.367,0,0,1,2
0.489,0.1,0.37,0,0,1,2
0.489,0.1,0.373,0,0,1,2
0.489,0.1,0.376,0,0,1,2
0.489,0.1,0.379,0,0,1,2
0.489,0.1,0.382,0,0,1,2
0.489,0.1,0.385,0,0,1,2
0.489,0.1,0.388,0,0,1,2
0.489,0.1,0.391,0,0,1,2
0.489,0.1,0.394,0,0,1,2
0.489,0.1,0.397,0,0,1,2
0.489,0.1,0.4,0,0,1,2
0.489,0.1,0.403,0,0,1,2
0.489,0.1,0.406,0,0,1,2
0.489,0.1,0.409,0,0,1,2
0.489,0.1,0.412,0,0,1,2
0.489,0.1,0.415,0,0,1,2
0.489,0.1,0.418,0,0,1,2
0.489,0.1,0.420999,0,0,1,2
0.489,0.1,0.423999,0,0,1,2
0.489,0.1,0.426999,0,0,1,2
0.489,0.1,0.429999,0,0,1,2
0.489,0.1,0.432999,0,0,1,2
0.489,0.1,0.435999,0,0,1,2
0.489,0.1,0.438999,0,0,1,2
0.489,0.1,0.441999,0,0,1,2
0.489,0.1,0.444999,0,0,1,2
0.489,0.1,0.447999,0,0,1,2
0.489,0.1,0.450999,0,0,1,2
0.492,0.1,0.25,0,0,1,2
0.492,0.1,0.253,0,0,1,2
0.492,0.1,0.256,0,0,1,2
0.492,0.1,0.259,0,0,1,2
0.492,0.1,0.262,0,0,1,2
0.492,0.1,0.265,0,0,1,2
0.492,0.1,0.268,0,0,1,2
0.492,0.1,0.271,0,0,1,2
0.492,0.1,0.274,0,0,1,2
0.492,0.1,0.277,0,0,1,2
0.492,0.1,0.28,0,0,1,2
0.492,0.1,0.283,0,0,1,2
0.492,0.1,0.286,0,0,1,2
0.492,0.1,0.289,0,0,1,2
0.492,0.1,0.292,0,0,1,2
0.492,0.1,0.295,0,0,1,2
0.492,0.1,0.298,0,0,1,2
0.492,0.1,0.301,0,0,1,2
0.492,0.1,0.304,0,0,1,2
0.492,0.1,0.307,0,0,1,2
0.492,0.1,0.31,0,0,1,2
0.492,0.1,0.313,0,0,1,2
0.492,0.1,0.316,0,0,1,2
0.492,0.1,0.319,0,0,1,2
0.492,0.1,0.322,0,0,1,2
0.492,0.1,0.325,0,0,1,2
0.492,0.1,0.328,0,0,1,2
0.492,0.1,0.331,0,0,1,2
0.492,0.1,0.334,0,0,1,2
0.492,0.1,0.337,0,0,1,2
0.492,0.1,0.34,0,0,1,2
0.492,0.1,0.343,0,0,1,2
0.492,0.1,0.346,0,0,1,2
0.492,0.1,0.349,0,0,1,2
0.492,0.1,0.352,0,0,1,2
0.492,0.1,0.355,0,0,1,2
0.492,0.1,0.358,0,0,1,2
0.492,0.1,0.361,0,0,1,2
0.492,0.1,0.364,0,0,1,2
0.492,0.1,0.367,0,0,1,2
0.492,0.1,0.37,0,0,1,2
0.492,0.1,0.373,0,0,1,2
0.492,0.1,0.376,0,0,1,2
0.492,0.1,0.379,0,0,1,2
0.492,0.1,0.382,0,0,1,2
0.492,0.1,0.385,0,0,1,2
0.492,0.1,0.388,0,0,1,2
0.492,0.1,0.391,0,0,1,2
0.492,0.1,0.394,0,0,1,2
0.492,0.1,0.397,0,0,1,2
0.492,0.1,0.4,0,0,1,2
0.492,0.1,0.403,0,0,1,2
0.492,0.1,0.406,0,0,1,2
0.492,0.1,0.409,0,0,1,2
0.492,0.1,0.412,0,0,1,2
0.492,0.1,0.415,0,0,1,2
0.492,0.1,0.418,0,0,1,2
0.492,0.1,0.420999,0,0,1,2
0.492,0.1,0.423999,0,0,1,2
0.492,0.1,0.426999,0,0,1,2
0.492,0.1,0.429999,0,0,1,2
0.492,0.1,0.432999,0,0,1,2
0.492,0.1,0.435999,0,0,1,2
0.492,0.1,0.438999,0,0,1,2
0.492,0.1,0.441999,0,0,1,2
0.492,0.1,0.444999,0,0,1,2
0.492,0.1,0.447999,0,0,1,2
0.492,0.1,0.450999,0,0,1,2
0.495,0.1,0.25,0,0,1,2
0.495,0.1,0.253,0,0,1,2
0.495,0.1,0.256,0,0,1,2
0.495,0.1,0.259,0,0,1,2
0.495,0.1,0.262,0,0,1,2
0.495,0.1,0.265,0,0,1,2
0.495,0.1,0.268,0,0,1,2
0.495,0.1,0.271,0,0,1,2
0.495,0.1,0.274,0,0,1,2
0.495,0.1,0.277,0,0,1,2
0.495,0.1,0.28,0,0,1,2
0.495,0.1,0.283,0,0,1,2
0.495,0.1,0.286,0,0,1,2
0.495,0.1,0.289,0,0,1,2
0.495,0.1,0.292,0,0,1,2
0.495,0.1,0.295,0,0,1,2
0.495,0.1,0.298,0,0,1,2
0.495,0.1,0.301,0,0,1,2
0.495,0.1,0.304,0,0,1,2
0.495,0.1,0.307,0,0,1,2
0.495,0.1,0.31,0,0,1,2
0.495,0.1,0.313,0,0,1,2
0.495,0.1,0.316,0,0,1,2
0.495,0.1,0.319,0,0,1,2
0.495,0.1,0.322,0,0,1,2
0.495,0.1,0.325,0,0,1,2
0.495,0.1,0.328,0,0,1,2
0.495,0.1,0.331,0,0,1,2
0.495,0.1,0.334,0,0,1,2
0.495,0.1,0.337,0,0,1,2
0.495,0.1,0.34,0,0,1,2
0.495,0.1,0.343,0,0,1,2
0.495,0.1,0.346,0,0,1,2
0.495,0.1,0.349,0,0,1,2
0.495,0.1,0.352,0,0,1,2
0.495,0.1,0.355,0,0,1,2
0.495,0.1,0.358,0,0,1,2
0.495,0.1,0.361,0,0,1,2
0.495,0.1,0.364,0,0,1,2
0.495,0.1,0.367,0,0,1,2
0.495,0.1,0.37,0,0,1,2
0.495,0.1,0.373,0,0,1,2
0.495,0.1,0.376,0,0,1,2
0.495,0.1,0.379,0,0,1,2
0.495,0.1,0.382,0,0,1,2
0.495,0.1,0.385,0,0,1,2
0.495,0.1,0.388,0,0,1,2
0.495,0.1,0.391,0,0,1,2
0.495,0.1,0.394,0,0,1,2
0.495,0.1,0.397,0,0,1,2
0.495,0.1,0.4,0,0,1,2
0.495,0.1,0.403,0,0,1,2
0.495,0.1,0.406,0,0,1,2
0.495,0.1,0.409,0,0,1,2
0.495,0.1,0.412,0,0,1,2
0.495,0.1,0.415,0,0,1,2
0.495,0.1,0.418,0,0,1,2
0.495,0.1,0.420999,0,0,1,2
0.495,0.1,0.423999,0,0,1,2
0.495,0.1,0.426999,0,0,1,2
0.495,0.1,0.429999,0,0,1,2
0.495,0.1,0.432999,0,0,1,2
0.495,0.1,0.435999,0,0,1,2
0.495,0.1,0.438999,0,0,1,2
0.495,0.1,0.441999,0,0,1,2
0.495,0.1,0.444999,0,0,1,2
0.495,0.1,0.447999,0,0,1,2
0.495,0.1,0.450999,0,0,1,2
0.498,0.1,0.25,0,0,1,2
0.498,0.1,0.253,0,0,1,2
0.498,0.1,0.256,0,0,1,2
0.498,0.1,0.259,0,0,1,2
0.498,0.1,0.262,0,0,1,2
0.498,0.1,0.265,0,0,1,2
0.498,0.1,0.268,0,0,1,2
0.498,0.1,0.271,0,0,1,2
0.498,0.1,0.274,0,0,1,2
0.498,0.1,0.277,0,0,1,2
0.498,0.1,0.28,0,0,1,2
0.498,0.1,0.283,0,0,1,2
0.498,0.1,0.286,0,0,1,2
0.498,0.1,0.289,0,0,1,2
0.498,0.1,0.292,0,0,1,2
0.498,0.1,0.295,0,0,1,2
0.498,0.1,0.298,0,0,1,2
0.498,0.1,0.301,0,0,1,2
0.498,0.1,0.304,0,0,1,2
0.498,0.1,0.307,0,0,1,2
0.498,0.1,0.31,0,0,1,2
0.498,0.1,0.313,0,0,1,2
0.498,0.1,0.316,0,0,1,2
0.498,0.1,0.319,0,0,1,2
0.498,0.1,0.322,0,0,1,2
0.498,0.1,0.325,0,0,1,2
0.498,0.1,0.328,0,0,1,2
0.498,0.1,0.331,0,0,1,2
0.498,0.1,0.334,0,0,1,2
0.498,0.1,0.337,0,0,1,2
0.498,0.1,0.34,0,0,1,2
0.498,0.1,0.343,0,0,1,2
0.498,0.1,0.346,0,0,1,2
0.498,0.1,0.349,0,0,1,2
0.498,0.1,0.352,0,0,1,2
0.498,0.1,0.355,0,0,1,2
0.498,0.1,0.358,0,0,1,2
0.498,0.1,0.361,0,0,1,2
0.498,0.1,0.364,0,0,1,2
0.498,0.1,0.367,0,0,1,2
0.498,0.1,0.37,0,0,1,2
0.498,0.1,0.373,0,0,1,2
0.498,0.1,0.376,0,0,1,2
0.498,0.1,0.379,0,0,1,2
0.498,0.1,0.382,0,0,1,2
0.498,0.1,0.385,0,0,1,2
0.498,0.1,0.388,0,0,1,2
0.498,0.1,0.391,0,0,1,2
0.498,0.1,0.394,0,0,1,2
0.498,0.1,0.397,0,0,1,2
0.498,0.1,0.4,0,0,1,2
0.498,0.1,0.403,0,0,1,2
0.498,0.1,0.406,0,0,1,2
0.498,0.1,0.409,0,0,1,2
0.498,0.1,0.412,0,0,1,2
0.498,0.1,0.415,0,0,1,2
0.498,0.1,0.418,0,0,1,2
0.498,0.1,0.420999,0,0,1,2
0.498,0.1,0.423999,0,0,1,2
0.498,0.1,0.426999,0,0,1,2
0.498,0.1,0.429999,0,0,1,2
0.498,0.1,0.432999,0,0,1,2
0.498,0.1,0.435999,0,0,1,2
0.498,0.1,0.438999,0,0,1,2
0.498,0.1,0.441999,0,0,1,2
0.498,0.1,0.444999,0,0,1,2
0.498,0.1,0.447999,0,0,1,2
0.498,0.1,0.450999,0,0,1,2
0.501,0.1,0.25,0,0,1,2
0.501,0.1,0.253,0,0,1,2
0.501,0.1,0.256,0,0,1,2
0.501,0.1,0.259,0,0,1,2
0.501,0.1,0.262,0,0,1,2
0.501,0.1,0.265,0,0,1,2
0.501,0.1,0.268,0,0,1,2
0.501,0.1,0.271,0,0,1,2
0.501,0.1,0.274,0,0,1,2
0.501,0.1,0.277,0,0,1,2
0.501,0.1,0.28,0,0,1,2
0.501,0.1,0.283,0,0,1,2
0.501,0.1,0.286,0,0,1,2
0.501,0.1,0.289,0,0,1,2
0.501,0.1,0.292,0,0,1,2
0.501,0.1,0.295,0,0,1,2
0.501,0.1,0.298,0,0,1,2
0.501,0.1,0.301,0,0,1,2
0.501,0.1,0.304,0,0,1,2
0.501,0.1,0.307,0,0,1,2
0.501,0.1,0.31,0,0,1,2
0.501,0.1,0.313,0,0,1,2
0.501,0.1,0.316,0,0,1,2
0.501,0.1,0.319,0,0,1,2
0.501,0.1,0.322,0,0,1,2
0.501,0.1,0.325,0,0,1,2
0.501,0.1,0.328,0,0,1,2
0.501,0.1,0.331,0,0,1,2
0.501,0.1,0.334,0,0,1,2
0.501,0.1,0.337,0,0,1,2
0.501,0.1,0.34,0,0,1,2
0.501,0.1,0.343,0,0,1,2
0.501,0.1,0.346,0,0,1,2
0.501,0.1,0.349,0,0,1,2
0.501,0.1,0.352,0,0,1,2
0.501,0.1,0.355,0,0,1,2
0.501,0.1,0.358,0,0,1,2
0.501,0.1,0.361,0,0,1,2
0.501,0.1,0.364,0,0,1,2
0.501,0.1,0.367,0,0,1,2
0.501,0.1,0.37,0,0,1,2
0.501,0.1,0.373,0,0,1,2
0.501,0.1,0.376,0,0,1,2
0.501,0.1,0.379,0,0,1,2
0.501,0.1,0.382,0,0,1,2
0.501,0.1,0.385,0,0,1,2
0.501,0.1,0.388,0,0,1,2
0.501,0.1,0.391,0,0,1,2
0.501,0.1,0.394,0,0,1,2
0.501,0.1,0.397,0,0,1,2
0.501,0.1,0.4,0,0,1,2
0.501,0.1,0.403,0,0,1,2
0.501,0.1,0.406,0,0,1,2
0.501,0.1,0.409,0,0,1,2
0.501,0.1,0.412,0,0,1,2
0.501,0.1,0.415,0,0,1,2
0.501,0.1,0.418,0,0,1,2
0.501,0.1,0.420999,0,0,1,2
0.501,0.1,0.423999,0,0,1,2
0.501,0.1,0.426999,0,0,1,2
0.501,0.1,0.429999,0,0,1,2
0.501,0.1,0.432999,0,0,1,2
0.501,0.1,0.435999,0,0,1,2
0.501,0.1,0.438999,0,0,1,2
0.501,0.1,0.441999,0,0,1,2
0.501,0.1,0.444999,0,0,1,2
0.501,0.1,0.447999,0,0,1,2
0.501,0.1,0.450999,0,0,1,2
0.504,0.1,0.25,0,0,1,2
0.504,0.1,0.253,0,0,1,2
0.504,0.1,0.256,0,0,1,2
0.504,0.1,0.259,0,0,1,2
0.504,0.1,0.262,0,0,1,2
0.504,0.1,0.265,0,0,1,2
0.504,0.1,0.268,0,0,1,2
0.504,0.1,0.271,0,0,1,2
0.504,0.1,0.274,0,0,1,2
0.504,0.1,0.277,0,0,1,2
0.504,0.1,0.28,0,0,1,2
0.504,0.1,0.283,0,0,1,2
0.504,0.1,0.286,0,0,1,2
0.504,0.1,0.289,0,0,1,2
0.504,0.1,0.292,0,0,1,2
0.504,0.1,0.295,0,0,1,2
0.504,0.1,0.298,0,0,1,2
0.504,0.1,0.301,0,0,1,2
0.504,0.1,0.304,0,0,1,2
0.504,0.1,0.307,0,0,1,2
0.504,0.1,0.31,0,0,1,2
0.504,0.1,0.313,0,0,1,2
0.504,0.1,0.316,0,0,1,2
0.504,0.1,0.319,0,0,1,2
0.504,0.1,0.322,0,0,1,2
0.504,0.1,0.325,0,0,1,2
0.504,0.1,0.328,0,0,1,2
0.504,0.1,0.331,0,0,1,2
0.504,0.1,0.334,0,0,1,2
0.504,0.1,0.337,0,0,1,2
0.504,0.1,0.34,0,0,1,2
0.504,0.1,0.343,0,0,1,2
0.504,0.1,0.346,0,0,1,2
0.504,0.1,0.349,0,0,1,2
0.504,0.1,0.352,0,0,1,2
0.504,0.1,0.355,0,0,1,2
0.504,0.1,0.358,0,0,1,2
0.504,0.1,0.361,0,0,1,2
0.504,0.1,0.364,0,0,1,2
0.504,0.1,0.367,0,0,1,2
0.504,0.1,0.37,0,0,1,2
0.504,0.1,0.373,0,0,1,2
0.504,0.1,0.376,0,0,1,2
0.504,0.1,0.379,0,0,1,2
0.504,0.1,0.382,0,0,1,2
0.504,0.1,0.385,0,0,1,2
0.504,0.1,0.388,0,0,1,2
0.504,0.1,0.391,0,0,1,2
0.504,0.1,0.394,0,0,1,2
0.504,0.1,0.397,0,0,1,2
0.504,0.1,0.4,0,0,1,2
0.504,0.1,0.403,0,0,1,2
0.504,0.1,0.406,0,0,1,2
0.504,0.1,0.409,0,0,1,2
0.504,0.1,0.412,0,0,1,2
0.504,0.1,0.415,0,0,1,2
0.504,0.1,0.418,0,0,1,2
0.504,0.1,0.420999,0,0,1,2
0.504,0.1,0.423999,0,0,1,2
0.504,0.1,0.426999,0,0,1,2
0.504,0.1,0.429999,0,0,1,2
0.504,0.1,0.432999,0,0,1,2
0.504,0.1,0.435999,0,0,1,2
0.504,0.1,0.438999,0,0,1,2
0.504,0.1,0.441999,0,0,1,2
0.504,0.1,0.444999,0,0,1,2
0.504,0.1,0.447999,0,0,1,2
0.504,0.1,0.450999,0,0,1,2
0.507,0.1,0.25,0,0,1,2
0.507,0.1,0.253,0,0,1,2
0.507,0.1,0.256,0,0,1,2
0.507,0.1,0.259,0,0,1,2
0.507,0.1,0.262,0,0,1,2
0.507,0.1,0.265,0,0,1,2
0.507,0.1,0.268,0,0,1,2
0.507,0.1,0.271,0,0,1,2
0.507,0.1,0.274,0,0,1,2
0.507,0.1,0.277,0,0,1,2
0.507,0.1,0.28,0,0,1,2
0.507,0.1,0.283,0,0,1,2
0.507,0.1,0.286,0,0,1,2
0.507,0.1,0.289,0,0,1,2
0.507,0.1,0.292,0,0,1,2
0.507,0.1,0.295,0,0,1,2
0.507,0.1,0.298,0,0,1,2
0.507,0.1,0.301,0,0,1,2
0.507,0.1,0.304,0,0,1,2
0.507,0.1,0.307,0,0,1,2
0.507,0.1,0.31,0,0,1,2
0.507,0.1,0.313,0,0,1,2
0.507,0.1,0.316,0,0,1,2
0.507,0.1,0.319,0,0,1,2
0.507,0.1,0.322,0,0,1,2
0.507,0.1,0.325,0,0,1,2
0.507,0.1,0.328,0,0,1,2
0.507,0.1,0.331,0,0,1,2
0.507,0.1,0.334,0,0,1,2
0.507,0.1,0.337,0,0,1,2
0.507,0.1,0.34,0,0,1,2
0.507,0.1,0.343,0,0,1,2
0.507,0.1,0.346,0,0,1,2
0.507,0.1,0.349,0,0,1,2
0.507,0.1,0.352,0,0,1,2
0.507,0.1,0.355,0,0,1,2
0.507,0.1,0.358,0,0,1,2
0.507,0.1,0.361,0,0,1,2
0.507,0.1,0.364,0,0,1,2
0.507,0.1,0.367,0,0,1,2
0.507,0.1,0.37,0,0,1,2
0.507,0.1,0.373,0,0,1,2
0.507,0.1,0.376,0,0,1,2
0.507,0.1,0.379,0,0,1,2
0.507,0.1,0.382,0,0,1,2
0.507,0.1,0.385,0,0,1,2
0.507,0.1,0.388,0,0,1,2
0.507,0.1,0.391,0,0,1,2
0.507,0.1,0.394,0,0,1,2
0.507,0.1,0.397,0,0,1,2
0.507,0.1,0.4,0,0,1,2
0.507,0.1,0.403,0,0,1,2
0.507,0.1,0.406,0,0,1,2
0.507,0.1,0.409,0,0,1,2
0.507,0.1,0.412,0,0,1,2
0.507,0.1,0.415,0,0,1,2
0.507,0.1,0.418,0,0,1,2
0.507,0.1,0.420999,0,0,1,2
0.507,0.1,0.423999,0,0,1,2
0.507,0.1,0.426999,0,0,1,2
0.507,0.1,0.429999,0,0,1,2
0.507,0.1,0.432999,0,0,1,2
0.507,0.1,0.435999,0,0,1,2
0.507,0.1,0.438999,0,0,1,2
0.507,0.1,0.441999,0,0,1,2
0.507,0.1,0.444999,0,0,1,2
0.507,0.1,0.447999,0,0,1,2
0.507,0.1,0.450999,0,0,1,2
0.51,0.1,0.25,0,0,1,2
0.51,0.1,0.253,0,0,1,2
0.51,0.1,0.256,0,0,1,2
0.51,0.1,0.259,0,0,1,2
0.51,0.1,0.262,0,0,1,2
0.51,0.1,0.265,0,0,1,2
0.51,0.1,0.268,0,0,1,2
0.51,0.1,0.271,0,0,1,2
0.51,0.1,0.274,0,0,1,2
0.51,0.1,0.277,0,0,1,2
0.51,0.1,0.28,0,0,1,2
0.51,0.1,0.283,0,0,1,2
0.51,0.1,0.286,0,0,1,2
0.51,0.1,0.289,0,0,1,2
0.51,0.1,0.292,0,0,1,2
0.51,0.1,0.295,0,0,1,2
0.51,0.1,0.298,0,0,1,2
0.51,0.1,0.301,0,0,1,2
0.51,0.1,0.304,0,0,1,2
0.51,0.1,0.307,0,0,1,2
0.51,0.1,0.31,0,0,1,2
0.51,0.1,0.313,0,0,1,2
0.51,0.1,0.316,0,0,1,2
0.51,0.1,0.319,0,0,1,2
0.51,0.1,0.322,0,0,1,2
0.51,0.1,0.325,0,0,1,2
0.51,0.1,0.328,0,0,1,2
0.51,0.1,0.331,0,0,1,2
0.51,0.1,0.334,0,0,1,2
0.51,0.1,0.337,0,0,1,2
0.51,0.1,0.34,0,0,1,2
0.51,0.1,0.343,0,0,1,2
0.51,0.1,0.346,0,0,1,2
0.51,0.1,0.349,0,0,1,2
0.51,0.1,0.352,0,0,1,2
0.51,0.1,0.355,0,0,1,2
0.51,0.1,0.358,0,0,1,2
0.51,0.1,0.361,0,0,1,2
0.51,0.1,0.364,0,0,1,2
0.51,0.1,0.367,0,0,1,2
0.51,0.1,0.37,0,0,1,2
0.51,0.1,0.373,0,0,1,2
0.51,0.1,0.376,0,0,1,2
0.51,0.1,0.379,0,0,1,2
0.51,0.1,0.382,0,0,1,2
0.51,0.1,0.385,0,0,1,2
0.51,0.1,0.388,0,0,1,2
0.51,0.1,0.391,0,0,1,2
0.51,0.1,0.394,0,0,1,2
0.51,0.1,0.397,0,0,1,2
0.51,0.1,0.4,0,0,1,2
0.51,0.1,0.403,0,0,1,2
0.51,0.1,0.406,0,0,1,2
0.51,0.1,0.409,0,0,1,2
0.51,0.1,0.412,0,0,1,2
0.51,0.1,0.415,0,0,1,2
0.51,0.1,0.418,0,0,1,2
0.51,0.1,0.420999,0,0,1,2
0.51,0.1,0.423999,0,0,1,2
0.51,0.1,0.426999,0,0,1,2
0.51,0.1,0.429999,0,0,1,2
0.51,0.1,0.432999,0,0,1,2
0.51,0.1,0.435999,0,0,1,2
0.51,0.1,0.438999,0,0,1,2
0.51,0.1,0.441999,0,0,1,2
0.51,0.1,0.444999,0,0,1,2
0.51,0.1,0.447999,0,0,1,2
0.51,0.1,0.450999,0,0,1,2
0.513,0.1,0.25,0,0,1,2
0.513,0.1,0.253,0,0,1,2
0.513,0.1,0.256,0,0,1,2
0.513,0.1,0.259,0,0,1,2
0.513,0.1,0.262,0,0,1,2
0.513,0.1,0.265,0,0,1,2
0.513,0.1,0.268,0,0,1,2
0.513,0.1,0.271,0,0,1,2
0.513,0.1,0.274,0,0,1,2
0.513,0.1,0.277,0,0,1,2
0.513,0.1,0.28,0,0,1,2
0.513,0.1,0.283,0,0,1,2
0.513,0.1,0.286,0,0,1,2
0.513,0.1,0.289,0,0,1,2
0.513,0.1,0.292,0,0,1,2
0.513,0.1,0.295,0,0,1,2
0.513,0.1,0.298,0,0,1,2
0.513,0.1,0.301,0,0,1,2
0.513,0.1,0.304,0,0,1,2
0.513,0.1,0.307,0,0,1,2
0.513,0.1,0.31,0,0,1,2
0.513,0.1,0.313,0,0,1,2
0.513,0.1,0.316,0,0,1,2
0.513,0.1,0.319,0,0,1,2
0.513,0.1,0.322,0,0,1,2
0.513,0.1,0.325,0,0,1,2
0.513,0.1,0.328,0,0,1,2
0.513,0.1,0.331,0,0,1,2
0.513,0.1,0.334,0,0,1,2
0.513,0.1,0.337,0,0,1,2
0.513,0.1,0.34,0,0,1,2
0.513,0.1,0.343,0,0,1,2
0.513,0.1,0.346,0,0,1,2
0.513,0.1,0.349,0,0,1,2
0.513,0.1,0.352,0,0,1,2
0.513,0.1,0.355,0,0,1,2
0.513,0.1,0.358,0,0,1,2
0.513,0.1,0.361,0,0,1,2
0.513,0.1,0.364,0,0,1,2
0.513,0.1,0.367,0,0,1,2
0.513,0.1,0.37,0,0,1,2
0.513,0.1,0.373,0,0,1,2
0.513,0.1,0.376,0,0,1,2
0.513,0.1,0.379,0,0,1,2
0.513,0.1,0.382,0,0,1,2
0.513,0.1,0.385,0,0,1,2
0.513,0.1,0.388,0,0,1,2
0.513,0.1,0.391,0,0,1,2
0.513,0.1,0.394,0,0,1,2
0.513,0.1,0.397,0,0,1,2
0.513,0.1,0.4,0,0,1,2
0.513,0.1,0.403,0,0,1,2
0.513,0.1,0.406,0,0,1,2
0.513,0.1,0.409,0,0,1,2
0.513,0.1,0.412,0,0,1,2
0.513,0.1,0.415,0,0,1,2
0.513,0.1,0.418,0,0,1,2
0.513,0.1,0.420999,0,0,1,2
0.513,0.1,0.423999,0,0,1,2
0.513,0.1,0.426999,0,0,1,2
0.513,0.1,0.429999,0,0,1,2
0.513,0.1,0.432999,0,0,1,2
0.513,0.1,0.435999,0,0,1,2
0.513,0.1,0.438999,0,0,1,2
0.513,0.1,0.441999,0,0,1,2
0.513,0.1,0.444999,0,0,1,2
0.513,0.1,0.447999,0,0,1,2
0.513,0.1,0.450999,0,0,1,2
0.516,0.1,0.25,0,0,1,2
0.516,0.1,0.253,0,0,1,2
0.516,0.1,0.256,0,0,1,2
0.516,0.1,0.259,0,0,1,2
0.516,0.1,0.262,0,0,1,2
0.516,0.1,0.265,0,0,1,2
0.516,0.1,0.268,0,0,1,2
0.516,0.1,0.271,0,0,1,2
0.516,0.1,0.274,0,0,1,2
0.516,0.1,0.277,0,0,1,2
0.516,0.1,0.28,0,0,1,2
0.516,0.1,0.283,0,0,1,2
0.516,0.1,0.286,0,0,1,2
0.516,0.1,0.289,0,0,1,2
0.516,0.1,0.292,0,0,1,2
0.516,0.1,0.295,0,0,1,2
0.516,0.1,0.298,0,0,1,2
0.516,0.1,0.301,0,0,1,2
0.516,0.1,0.304,0,0,1,2
0.516,0.1,0.307,0,0,1,2
0.516,0.1,0.31,0,0,1,2
0.516,0.1,0.313,0,0,1,2
0.516,0.1,0.316,0,0,1,2
0.516,0.1,0.319,0,0,1,2
0.516,0.1,0.322,0,0,1,2
0.516,0.1,0.325,0,0,1,2
0.516,0.1,0.328,0,0,1,2
0.516,0.1,0.331,0,0,1,2
0.516,0.1,0.334,0,0,1,2
0.516,0.1,0.337,0,0,1,2
0.516,0.1,0.34,0,0,1,2
0.516,0.1,0.343,0,0,1,2
0.516,0.1,0.346,0,0,1,2
0.516,0.1,0.349,0,0,1,2
0.516,0.1,0.352,0,0,1,2
0.516,0.1,0.355,0,0,1,2
0.516,0.1,0.358,0,0,1,2
0.516,0.1,0.361,0,0,1,2
0.516,0.1,0.364,0,0,1,2
0.516,0.1,0.367,0,0,1,2
0.516,0.1,0.37,0,0,1,2
0.516,0.1,0.373,0,0,1,2
0.516,0.1,0.376,0,0,1,2
0.516,0.1,0.379,0,0,1,2
0.516,0.1,0.382,0,0,1,2
0.516,0.1,0.385,0,0,1,2
0.516,0.1,0.388,0,0,1,2
0.516,0.1,0.391,0,0,1,2
0.516,0.1,0.394,0,0,1,2
0.516,0.1,0.397,0,0,1,2
0.516,0.1,0.4,0,0,1,2
0.516,0.1,0.403,0,0,1,2
0.516,0.1,0.406,0,0,1,2
0.516,0.1,0.409,0,0,1,2
0.516,0.1,0.412,0,0,1,2
0.516,0.1,0.415,0,0,1,2
0.516,0.1,0.418,0,0,1,2
0.516,0.1,0.420999,0,0,1,2
0.516,0.1,0.423999,0,0,1,2
0.516,0.1,0.426999,0,0,1,2
0.516,0.1,0.429999,0,0,1,2
0.516,0.1,0.432999,0,0,1,2
0.516,0.1,0.435999,0,0,1,2
0.516,0.1,0.438999,0,0,1,2
0.516,0.1,0.441999,0,0,1,2
0.516,0.1,0.444999,0,0,1,2
0.516,0.1,0.447999,0,0,1,2
0.516,0.1,0.450999,0,0,1,2
0.519,0.1,0.25,0,0,1,2
0.519,0.1,0.253,0,0,1,2
0.519,0.1,0.256,0,0,1,2
0.519,0.1,0.259,0,0,1,2
0.519,0.1,0.262,0,0,1,2
0.519,0.1,0.265,0,0,1,2
0.519,0.1,0.268,0,0,1,2
0.519,0.1,0.271,0,0,1,2
0.519,0.1,0.274,0,0,1,2
0.519,0.1,0.277,0,0,1,2
0.519,0.1,0.28,0,0,1,2
0.519,0.1,0.283,0,0,1,2
0.519,0.1,0.286,0,0,1,2
0.519,0.1,0.289,0,0,1,2
0.519,0.1,0.292,0,0,1,2
0.519,0.1,0.295,0,0,1,2
0.519,0.1,0.298,0,0,1,2
0.519,0.1,0.301,0,0,1,2
0.519,0.1,0.304,0,0,1,2
0.519,0.1,0.307,0,0,1,2
0.519,0.1,0.31,0,0,1,2
0.519,0.1,0.313,0,0,1,2
0.519,0.1,0.316,0,0,1,2
0.519,0.1,0.319,0,0,1,2
0.519,0.1,0.322,0,0,1,2
0.519,0.1,0.325,0,0,1,2
0.519,0.1,0.328,0,0,1,2
0.519,0.1,0.331,0,0,1,2
0.519,0.1,0.334,0,0,1,2
0.519,0.1,0.337,0,0,1,2
0.519,0.1,0.34,0,0,1,2
0.519,0.1,0.343,0,0,1,2
0.519,0.1,0.346,0,0,1,2
0.519,0.1,0.349,0,0,1,2
0.519,0.1,0.352,0,0,1,2
0.519,0.1,0.355,0,0,1,2
0.519,0.1,0.358,0,0,1,2
0.519,0.1,0.361,0,0,1,2
0.519,0.1,0.364,0,0,1,2
0.519,0.1,0.367,0,0,1,2
0.519,0.1,0.37,0,0,1,2
0.519,0.1,0.373,0,0,1,2
0.519,0.1,0.376,0,0,1,2
0.519,0.1,0.379,0,0,1,2
0.519,0.1,0.382,0,0,1,2
0.519,0.1,0.385,0,0,1,2
0.519,0.1,0.388,0,0,1,2
0.519,0.1,0.391,0,0,1,2
0.519,0.1,0.394,0,0,1,2
0.519,0.1,0.397,0,0,1,2
0.519,0.1,0.4,0,0,1,2
0.519,0.1,0.403,0,0,1,2
0.519,0.1,0.406,0,0,1,2
0.519,0.1,0.409,0,0,1,2
0.519,0.1,0.412,0,0,1,2
0.519,0.1,0.415,0,0,1,2
0.519,0.1,0.418,0,0,1,2
0.519,0.1,0.420999,0,0,1,2
0.519,0.1,0.423999,0,0,1,2
0.519,0.1,0.426999,0,0,1,2
0.519,0.1,0.429999,0,0,1,2
0.519,0.1,0.432999,0,0,1,2
0.519,0.1,0.435999,0,0,1,2
0.519,0.1,0.438999,0,0,1,2
0.519,0.1,0.441999,0,0,1,2
0.519,0.1,0.444999,0,0,1,2
0.519,0.1,0.447999,0,0,1,2
0.519,0.1,0.450999,0,0,1,2
0.522,0.1,0.25,0,0,1,2
0.522,0.1,0.253,0,0,1,2
0.522,0.1,0.256,0,0,1,2
0.522,0.1,0.259,0,0,1,2
0.522,0.1,0.262,0,0,1,2
0.522,0.1,0.265,0,0,1,2
0.522,0.1,0.268,0,0,1,2
0.522,0.1,0.271,0,0,1,2
0.522,0.1,0.274,0,0,1,2
0.522,0.1,0.277,0,0,1,2
0.522,0.1,0.28,0,0,1,2
0.522,0.1,0.283,0,0,1,2
0.522,0.1,0.286,0,0,1,2
0.522,0.1,0.289,0,0,1,2
0.522,0.1,0.292,0,0,1,2
0.522,0.1,0.295,0,0,1,2
0.522,0.1,0.298,0,0,1,2
0.522,0.1,0.301,0,0,1,2
0.522,0.1,0.304,0,0,1,2
0.522,0.1,0.307,0,0,1,2
0.522,0.1,0.31,0,0,1,2
0.522,0.1,0.313,0,0,1,2
0.522,0.1,0.316,0,0,1,2
0.522,0.1,0.319,0,0,1,2
0.522,0.1,0.322,0,0,1,2
0.522,0.1,0.325,0,0,1,2
0.522,0.1,0.328,0,0,1,2
0.522,0.1,0.331,0,0,1,2
0.522,0.1,0.334,0,0,1,2
0.522,0.1,0.337,0,0,1,2
0.522,0.1,0.34,0,0,1,2
0.522,0.1,0.343,0,0,1,2
0.522,0.1,0.346,0,0,1,2
0.522,0.1,0.349,0,0,1,2
0.522,0.1,0.352,0,0,1,2
0.522,0.1,0.355,0,0,1,2
0.522,0.1,0.358,0,0,1,2
0.522,0.1,0.361,0,0,1,2
0.522,0.1,0.364,0,0,1,2
0.522,0.1,0.367,0,0,1,2
0.522,0.1,0.37,0,0,1,2
0.522,0.1,0.373,0,0,1,2
0.522,0.1,0.376,0,0,1,2
0.522,0.1,0.379,0,0,1,2
0.522,0.1,0.382,0,0,1,2
0.522,0.1,0.385,0,0,1,2
0.522,0.1,0.388,0,0,1,2
0.522,0.1,0.391,0,0,1,2
0.522,0.1,0.394,0,0,1,2
0.522,0.1,0.397,0,0,1,2
0.522,0.1,0.4,0,0,1,2
0.522,0.1,0.403,0,0,1,2
0.522,0.1,0.406,0,0,1,2
0.522,0.1,0.409,0,0,1,2
0.522,0.1,0.412,0,0,1,2
0.522,0.1,0.415,0,0,1,2
0.522,0.1,0.418,0,0,1,2
0.522,0.1,0.420999,0,0,1,2
0.522,0.1,0.423999,0,0,1,2
0.522,0.1,0.426999,0,0,1,2
0.522,0.1,0.429999,0,0,1,2
0.522,0.1,0.432999,0,0,1,2
0.522,0.1,0.435999,0,0,1,2
0.522,0.1,0.438999,0,0,1,2
0.522,0.1,0.441999,0,0,1,2
0.522,0.1,0.444999,0,0,1,2
0.522,0.1,0.447999,0,0,1,2
0.522,0.1,0.450999,0,0,1,2
0.525,0.1,0.25,0,0,1,2
0.525,0.1,0.253,0,0,1,2
0.525,0.1,0.256,0,0,1,2
0.525,0.1,0.259,0,0,1,2
0.525,0.1,0.262,0,0,1,2
0.525,0.1,0.265,0,0,1,2
0.525,0.1,0.268,0,0,1,2
0.525,0.1,0.271,0,0,1,2
0.525,0.1,0.274,0,0,1,2
0.525,0.1,0.277,0,0,1,2
0.525,0.1,0.28,0,0,1,2
0.525,0.1,0.283,0,0,1,2
0.525,0.1,0.286,0,0,1,2
0.525,0.1,0.289,0,0,1,2
0.525,0.1,0.292,0,0,1,2
0.525,0.1,0.295,0,0,1,2
0.525,0.1,0.298,0,0,1,2
0.525,0.1,0.301,0,0,1,2
0.525,0.1,0.304,0,0,1,2
0.525,0.1,0.307,0,0,1,2
0.525,0.1,0.31,0,0,1,2
0.525,0.1,0.313,0,0,1,2
0.525,0.1,0.316,0,0,1,2
0.525,0.1,0.319,0,0,1,2
0.525,0.1,0.322,0,0,1,2
0.525,0.1,0.325,0,0,1,2
0.525,0.1,0.328,0,0,1,2
0.525,0.1,0.331,0,0,1,2
0.525,0.1,0.334,0,0,1,2
0.525,0.1,0.337,0,0,1,2
0.525,0.1,0.34,0,0,1,2
0.525,0.1,0.343,0,0,1,2
0.525,0.1,0.346,0,0,1,2
0.525,0.1,0.349,0,0,1,2
0.525,0.1,0.352,0,0,1,2
0.525,0.1,0.355,0,0,1,2
0.525,0.1,0.358,0,0,1,2
0.525,0.1,0.361,0,0,1,2
0.525,0.1,0.364,0,0,1,2
0.525,0.1,0.367,0,0,1,2
0.525,0.1,0.37,0,0,1,2
0.525,0.1,0.373,0,0,1,2
0.525,0.1,0.376,0,0,1,2
0.525,0.1,0.379,0,0,1,2
0.525,0.1,0.382,0,0,1,2
0.525,0.1,0.385,0,0,1,2
0.525,0.1,0.388,0,0,1,2
0.525,0.1,0.391,0,0,1,2
0.525,0.1,0.394,0,0,1,2
0.525,0.1,0.397,0,0,1,2
0.525,0.1,0.4,0,0,1,2
0.525,0.1,0.403,0,0,1,2
0.525,0.1,0.406,0,0,1,2
0.525,0.1,0.409,0,0,1,2
0.525,0.1,0.412,0,0,1,2
0.525,0.1,0.415,0,0,1,2
0.525,0.1,0.418,0,0,1,2
0.525,0.1,0.420999,0,0,1,2
0.525,0.1,0.423999,0,0,1,2
0.525,0.1,0.426999,0,0,1,2
0.525,0.1,0.429999,0,0,1,2
0.525,0.1,0.432999,0,0,1,2
0.525,0.1,0.435999,0,0,1,2
0.525,0.1,0.438999,0,0,1,2
0.525,0.1,0.441999,0,0,1,2
0.525,0.1,0.444999,0,0,1,2
0.525,0.1,0.447999,0,0,1,2
0.525,0.1,0.450999,0,0,1,2
0.528,0.1,0.25,0,0,1,2
0.528,0.1,0.253,0,0,1,2
0.528,0.1,0.256,0,0,1,2
0.528,0.1,0.259,0,0,1,2
0.528,0.1,0.262,0,0,1,2
0.528,0.1,0.265,0,0,1,2
0.528,0.1,0.268,0,0,1,2
0.528,0.1,0.271,0,0,1,2
0.528,0.1,0.274,0,0,1,2
0.528,0.1,0.277,0,0,1,2
0.528,0.1,0.28,0,0,1,2
0.528,0.1,0.283,0,0,1,2
0.528,0.1,0.286,0,0,1,2
0.528,0.1,0.289,0,0,1,2
0.528,0.1,0.292,0,0,1,2
0.528,0.1,0.295,0,0,1,2
0.528,0.1,0.298,0,0,1,2
0.528,0.1,0.301,0,0,1,2
0.528,0.1,0.304,0,0,1,2
0.528,0.1,0.307,0,0,1,2
0.528,0.1,0.31,0,0,1,2
0.528,0.1,0.313,0,0,1,2
0.528,0.1,0.316,0,0,1,2
0.528,0.1,0.319,0,0,1,2
0.528,0.1,0.322,0,0,1,2
0.528,0.1,0.325,0,0,1,2
0.528,0.1,0.328,0,0,1,2
0.528,0.1,0.331,0,0,1,2
0.528,0.1,0.334,0,0,1,2
0.528,0.1,0.337,0,0,1,2
0.528,0.1,0.34,0,0,1,2
0.528,0.1,0.343,0,0,1,2
0.528,0.1,0.346,0,0,1,2
0.528,0.1,0.349,0,0,1,2
0.528,0.1,0.352,0,0,1,2
0.528,0.1,0.355,0,0,1,2
0.528,0.1,0.358,0,0,1,2
0.528,0.1,0.361,0,0,1,2
0.528,0.1,0.364,0,0,1,2
0.528,0.1,0.367,0,0,1,2
0.528,0.1,0.37,0,0,1,2
0.528,0.1,0.373,0,0,1,2
0.528,0.1,0.376,0,0,1,2
0.528,0.1,0.379,0,0,1,2
0.528,0.1,0.382,0,0,1,2
0.528,0.1,0.385,0,0,1,2
0.528,0.1,0.388,0,0,1,2
0.528,0.1,0.391,0,0,1,2
0.528,0.1,0.394,0,0,1,2
0.528,0.1,0.397,0,0,1,2
0.528,0.1,0.4,0,0,1,2
0.528,0.1,0.403,0,0,1,2
0.528,0.1,0.406,0,0,1,2
0.528,0.1,0.409,0,0,1,2
0.528,0.1,0.412,0,0,1,2
0.528,0.1,0.415,0,0,1,2
0.528,0.1,0.418,0,0,1,2
0.528,0.1,0.420999,0,0,1,2
0.528,0.1,0.423999,0,0,1,2
0.528,0.1,0.426999,0,0,1,2
0.528,0.1,0.429999,0,0,1,2
0.528,0.1,0.432999,0,0,1,2
0.528,0.1,0.435999,0,0,1,2
0.528,0.1,0.438999,0,0,1,2
0.528,0.1,0.441999,0,0,1,2
0.528,0.1,0.444999,0,0,1,2
0.528,0.1,0.447999,0,0,1,2
0.528,0.1,0.450999,0,0,1,2
0.531,0.1,0.25,0,0,1,2
0.531,0.1,0.253,0,0,1,2
0.531,0.1,0.256,0,0,1,2
0.531,0.1,0.259,0,0,1,2
0.531,0.1,0.262,0,0,1,2
0.531,0.1,0.265,0,0,1,2
0.531,0.1,0.268,0,0,1,2
0.531,0.1,0.271,0,0,1,2
0.531,0.1,0.274,0,0,1,2
0.531,0.1,0.277,0,0,1,2
0.531,0.1,0.28,0,0,1,2
0.531,0.1,0.283,0,0,1,2
0.531,0.1,0.286,0,0,1,2
0.531,0.1,0.289,0,0,1,2
0.531,0.1,0.292,0,0,1,2
0.531,0.1,0.295,0,0,1,2
0.531,0.1,0.298,0,0,1,2
0.531,0.1,0.301,0,0,1,2
0.531,0.1,0.304,0,0,1,2
0.531,0.1,0.307,0,0,1,2
0.531,0.1,0.31,0,0,1,2
0.531,0.1,0.313,0,0,1,2
0.531,0.1,0.316,0,0,1,2
0.531,0.1,0.319,0,0,1,2
0.531,0.1,0.322,0,0,1,2
0.531,0.1,0.325,0,0,1,2
0.531,0.1,0.328,0,0,1,2
0.531,0.1,0.331,0,0,1,2
0.531,0.1,0.334,0,0,1,2
0.531,0.1,0.337,0,0,1,2
0.531,0.1,0.34,0,0,1,2
0.531,0.1,0.343,0,0,1,2
0.531,0.1,0.346,0,0,1,2
0.531,0.1,0.349,0,0,1,2
0.531,0.1,0.352,0,0,1,2
0.531,0.1,0.355,0,0,1,2
0.531,0.1,0.358,0,0,1,2
0.531,0.1,0.361,0,0,1,2
0.531,0.1,0.364,0,0,1,2
0.531,0.1,0.367,0,0,1,2
0.531,0.1,0.37,0,0,1,2
0.531,0.1,0.373,0,0,1,2
0.531,0.1,0.376,0,0,1,2
0.531,0.1,0.379,0,0,1,2
0.531,0.1,0.382,0,0,1,2
0.531,0.1,0.385,0,0,1,2
0.531,0.1,0.388,0,0,1,2
0.531,0.1,0.391,0,0,1,2
0.531,0.1,0.394,0,0,1,2
0.531,0.1,0.397,0,0,1,2
0.531,0.1,0.4,0,0,1,2
0.531,0.1,0.403,0,0,1,2
0.531,0.1,0.406,0,0,1,2
0.531,0.1,0.409,0,0,1,2
0.531,0.1,0.412,0,0,1,2
0.531,0.1,0.415,0,0,1,2
0.531,0.1,0.418,0,0,1,2
0.531,0.1,0.420999,0,0,1,2
0.531,0.1,0.423999,0,0,1,2
0.531,0.1,0.426999,0,0,1,2
0.531,0.1,0.429999,0,0,1,2
0.531,0.1,0.432999,0,0,1,2
0.531,0.1,0.435999,0,0,1,2
0.531,0.1,0.438999,0,0,1,2
0.531,0.1,0.441999,0,0,1,2
0.531,0.1,0.444999,0,0,1,2
0.531,0.1,0.447999,0,0,1,2
0.531,0.1,0.450999,0,0,1,2
0.534,0.1,0.25,0,0,1,2
0.534,0.1,0.253,0,0,1,2
0.534,0.1,0.256,0,0,1,2
0.534,0.1,0.259,0,0,1,2
0.534,0.1,0.262,0,0,1,2
0.534,0.1,0.265,0,0,1,2
0.534,0.1,0.268,0,0,1,2
0.534,0.1,0.271,0,0,1,2
0.534,0.1,0.274,0,0,1,2
0.534,0.1,0.277,0,0,1,2
0.534,0.1,0.28,0,0,1,2
0.534,0.1,0.283,0,0,1,2
0.534,0.1,0.286,0,0,1,2
0.534,0.1,0.289,0,0,1,2
0.534,0.1,0.292,0,0,1,2
0.534,0.1,0.295,0,0,1,2
0.534,0.1,0.298,0,0,1,2
0.534,0.1,0.301,0,0,1,2
0.534,0.1,0.304,0,0,1,2
0.534,0.1,0.307,0,0,1,2
0.534,0.1,0.31,0,0,1,2
0.534,0.1,0.313,0,0,1,2
0.534,0.1,0.316,0,0,1,2
0.534,0.1,0.319,0,0,1,2
0.534,0.1,0.322,0,0,1,2
0.534,0.1,0.325,0,0,1,2
0.534,0.1,0.328,0,0,1,2
0.534,0.1,0.331,0,0,1,2
0.534,0.1,0.334,0,0,1,2
0.534,0.1,0.337,0,0,1,2
0.534,0.1,0.34,0,0,1,2
0.534,0.1,0.343,0,0,1,2
0.534,0.1,0.346,0,0,1,2
0.534,0.1,0.349,0,0,1,2
0.534,0.1,0.352,0,0,1,2
0.534,0.1,0.355,0,0,1,2
0.534,0.1,0.358,0,0,1,2
0.534,0.1,0.361,0,0,1,2
0.534,0.1,0.364,0,0,1,2
0.534,0.1,0.367,0,0,1,2
0.534,0.1,0.37,0,0,1,2
0.534,0.1,0.373,0,0,1,2
0.534,0.1,0.376,0,0,1,2
0.534,0.1,0.379,0,0,1,2
0.534,0.1,0.382,0,0,1,2
0.534,0.1,0.385,0,0,1,2
0.534,0.1,0.388,0,0,1,2
0.534,0.1,0.391,0,0,1,2
0.534,0.1,0.394,0,0,1,2
0.534,0.1,0.397,0,0,1,2
0.534,0.1,0.4,0,0,1,2
0.534,0.1,0.403,0,0,1,2
0.534,0.1,0.406,0,0,1,2
0.534,0.1,0.409,0,0,1,2
0.534,0.1,0.412,0,0,1,2
0.534,0.1,0.415,0,0,1,2
0.534,0.1,0.418,0,0,1,2
0.534,0.1,0.420999,0,0,1,2
0.534,0.1,0.423999,0,0,1,2
0.534,0.1,0.426999,0,0,1,2
0.534,0.1,0.429999,0,0,1,2
0.534,0.1,0.432999,0,0,1,2
0.534,0.1,0.435999,0,0,1,2
0.534,0.1,0.438999,0,0,1,2
0.534,0.1,0.441999,0,0,1,2
0.534,0.1,0.444999,0,0,1,2
0.534,0.1,0.447999,0,0,1,2
0.534,0.1,0.450999,0,0,1,2
0.537,0.1,0.25,0,0,1,2
0.537,0.1,0.253,0,0,1,2
0.537,0.1,0.256,0,0,1,2
0.537,0.1,0.259,0,0,1,2
0.537,0.1,0.262,0,0,1,2
0.537,0.1,0.265,0,0,1,2
0.537,0.1,0.268,0,0,1,2
0.537,0.1,0.271,0,0,1,2
0.537,0.1,0.274,0,0,1,2
0.537,0.1,0.277,0,0,1,2
0.537,0.1,0.28,0,0,1,2
0.537,0.1,0.283,0,0,1,2
0.537,0.1,0.286,0,0,1,2
0.537,0.1,0.289,0,0,1,2
0.537,0.1,0.292,0,0,1,2
0.537,0.1,0.295,0,0,1,2
0.537,0.1,0.298,0,0,1,2
0.537,0.1,0.301,0,0,1,2
0.537,0.1,0.304,0,0,1,2
0.537,0.1,0.307,0,0,1,2
0.537,0.1,0.31,0,0,1,2
0.537,0.1,0.313,0,0,1,2
0.537,0.1,0.316,0,0,1,2
0.537,0.1,0.319,0,0,1,2
0.537,0.1,0.322,0,0,1,2
0.537,0.1,0.325,0,0,1,2
0.537,0.1,0.328,0,0,1,2
0.537,0.1,0.331,0,0,1,2
0.537,0.1,0.334,0,0,1,2
0.537,0.1,0.337,0,0,1,2
0.537,0.1,0.34,0,0,1,2
0.537,0.1,0.343,0,0,1,2
0.537,0.1,0.346,0,0,1,2
0.537,0.1,0.349,0,0,1,2
0.537,0.1,0.352,0,0,1,2
0.537,0.1,0.355,0,0,1,2
0.537,0.1,0.358,0,0,1,2
0.537,0.1,0.361,0,0,1,2
0.537,0.1,0.364,0,0,1,2
0.537,0.1,0.367,0,0,1,2
0.537,0.1,0.37,0,0,1,2
0.537,0.1,0.373,0,0,1,2
0.537,0.1,0.376,0,0,1,2
0.537,0.1,0.379,0,0,1,2
0.537,0.1,0.382,0,0,1,2
0.537,0.1,0.385,0,0,1,2
0.537,0.1,0.388,0,0,1,2
0.537,0.1,0.391,0,0,1,2
0.537,0.1,0.394,0,0,1,2
0.537,0.1,0.397,0,0,1,2
0.537,0.1,0.4,0,0,1,2
0.537,0.1,0.403,0,0,1,2
0.537,0.1,0.406,0,0,1,2
0.537,0.1,0.409,0,0,1,2
0.537,0.1,0.412,0,0,1,2
0.537,0.1,0.415,0,0,1,2
0.537,0.1,0.418,0,0,1,2
0.537,0.1,0.420999,0,0,1,2
0.537,0.1,0.423999,0,0,1,2
0.537,0.1,0.426999,0,0,1,2
0.537,0.1,0.429999,0,0,1,2
0.537,0.1,0.432999,0,0,1,2
0.537,0.1,0.435999,0,0,1,2
0.537,0.1,0.438999,0,0,1,2
0.537,0.1,0.441999,0,0,1,2
0.537,0.1,0.444999,0,0,1,2
0.537,0.1,0.447999,0,0,1,2
0.537,0.1,0.450999,0,0,1,2
0.54,0.1,0.25,0,0,1,2
0.54,0.1,0.253,0,0,1,2
0.54,0.1,0.256,0,0,1,2
0.54,0.1,0.259,0,0,1,2
0.54,0.1,0.262,0,0,1,2
0.54,0.1,0.265,0,0,1,2
0.54,0.1,0.268,0,0,1,2
0.54,0.1,0.271,0,0,1,2
0.54,0.1,0.274,0,0,1,2
0.54,0.1,0.277,0,0,1,2
0.54,0.1,0.28,0,0,1,2
0.54,0.1,0.283,0,0,1,2
0.54,0.1,0.286,0,0,1,2
0.54,0.1,0.289,0,0,1,2
0.54,0.1,0.292,0,0,1,2
0.54,0.1,0.295,0,0,1,2
0.54,0.1,0.298,0,0,1,2
0.54,0.1,0.301,0,0,1,2
0.54,0.1,0.304,0,0,1,2
0.54,0.1,0.307,0,0,1,2
0.54,0.1,0.31,0,0,1,2
0.54,0.1,0.313,0,0,1,2
0.54,0.1,0.316,0,0,1,2
0.54,0.1,0.319,0,0,1,2
0.54,0.1,0.322,0,0,1,2
0.54,0.1,0.325,0,0,1,2
0.54,0.1,0.328,0,0,1,2
0.54,0.1,0.331,0,0,1,2
0.54,0.1,0.334,0,0,1,2
0.54,0.1,0.337,0,0,1,2
0.54,0.1,0.34,0,0,1,2
0.54,0.1,0.343,0,0,1,2
0.54,0.1,0.346,0,0,1,2
0.54,0.1,0.349,0,0,1,2
0.54,0.1,0.352,0,0,1,2
0.54,0.1,0.355,0,0,1,2
0.54,0.1,0.358,0,0,1,2
0.54,0.1,0.361,0,0,1,2
0.54,0.1,0.364,0,0,1,2
0.54,0.1,0.367,0,0,1,2
0.54,0.1,0.37,0,0,1,2
0.54,0.1,0.373,0,0,1,2
0.54,0.1,0.376,0,0,1,2
0.54,0.1,0.379,0,0,1,2
0.54,0.1,0.382,0,0,1,2
0.54,0.1,0.385,0,0,1,2
0.54,0.1,0.388,0,0,1,2
0.54,0.1,0.391,0,0,1,2
0.54,0.1,0.394,0,0,1,2
0.54,0.1,0.397,0,0,1,2
0.54,0.1,0.4,0,0,1,2
0.54,0.1,0.403,0,0,1,2
0.54,0.1,0.406,0,0,1,2
0.54,0.1,0.409,0,0,1,2
0.54,0.1,0.412,0,0,1,2
0.54,0.1,0.415,0,0,1,2
0.54,0.1,0.418,0,0,1,2
0.54,0.1,0.420999,0,0,1,2
0.54,0.1,0.423999,0,0,1,2
0.54,0.1,0.426999,0,0,1,2
0.54,0.1,0.429999,0,0,1,2
0.54,0.1,0.432999,0,0,1,2
0.54,0.1,0.435999,0,0,1,2
0.54,0.1,0.438999,0,0,1,2
0.54,0.1,0.441999,0,0,1,2
0.54,0.1,0.444999,0,0,1,2
0.54,0.1,0.447999,0,0,1,2
0.54,0.1,0.450999,0,0,1,2
0.543,0.1,0.25,0,0,1,2
0.543,0.1,0.253,0,0,1,2
0.543,0.1,0.256,0,0,1,2
0.543,0.1,0.259,0,0,1,2
0.543,0.1,0.262,0,0,1,2
0.543,0.1,0.265,0,0,1,2
0.543,0.1,0.268,0,0,1,2
0.543,0.1,0.271,0,0,1,2
0.543,0.1,0.274,0,0,1,2
0.543,0.1,0.277,0,0,1,2
0.543,0.1,0.28,0,0,1,2
0.543,0.1,0.283,0,0,1,2
0.543,0.1,0.286,0,0,1,2
0.543,0.1,0.289,0,0,1,2
0.543,0.1,0.292,0,0,1,2
0.543,0.1,0.295,0,0,1,2
0.543,0.1,0.298,0,0,1,2
0.543,0.1,0.301,0,0,1,2
0.543,0.1,0.304,0,0,1,2
0.543,0.1,0.307,0,0,1,2
0.543,0.1,0.31,0,0,1,2
0.543,0.1,0.313,0,0,1,2
0.543,0.1,0.316,0,0,1,2
0.543,0.1,0.319,0,0,1,2
0.543,0.1,0.322,0,0,1,2
0.543,0.1,0.325,0,0,1,2
0.543,0.1,0.328,0,0,1,2
0.543,0.1,0.331,0,0,1,2
0.543,0.1,0.334,0,0,1,2
0.543,0.1,0.337,0,0,1,2
0.543,0.1,0.34,0,0,1,2
0.543,0.1,0.343,0,0,1,2
0.543,0.1,0.346,0,0,1,2
0.543,0.1,0.349,0,0,1,2
0.543,0.1,0.352,0,0,1,2
0.543,0.1,0.355,0,0,1,2
0.543,0.1,0.358,0,0,1,2
0.543,0.1,0.361,0,0,1,2
0.543,0.1,0.364,0,0,1,2
0.543,0.1,0.367,0,0,1,2
0.543,0.1,0.37,0,0,1,2
0.543,0.1,0.373,0,0,1,2
0.543,0.1,0.376,0,0,1,2
0.543,0.1,0.379,0,0,1,2
0.543,0.1,0.382,0,0,1,2
0.543,0.1,0.385,0,0,1,2
0.543,0.1,0.388,0,0,1,2
0.543,0.1,0.391,0,0,1,2
0.543,0.1,0.394,0,0,1,2
0.543,0.1,0.397,0,0,1,2
0.543,0.1,0.4,0,0,1,2
0.543,0.1,0.403,0,0,1,2
0.543,0.1,0.406,0,0,1,2
0.543,0.1,0.409,0,0,1,2
0.543,0.1,0.412,0,0,1,2
0.543,0.1,0.415,0,0,1,2
0.543,0.1,0.418,0,0,1,2
0.543,0.1,0.420999,0,0,1,2
0.543,0.1,0.423999,0,0,1,2
0.543,0.1,0.426999,0,0,1,2
0.543,0.1,0.429999,0,0,1,2
0.543,0.1,0.432999,0,0,1,2
0.543,0.1,0.435999,0,0,1,2
0.543,0.1,0.438999,0,0,1,2
0.543,0.1,0.441999,0,0,1,2
0.543,0.1,0.444999,0,0,1,2
0.543,0.1,0.447999,0,0,1,2
0.543,0.1,0.450999,0,0,1,2
0.546,0.1,0.25,0,0,1,2
0.546,0.1,0.253,0,0,1,2
0.546,0.1,0.256,0,0,1,2
0.546,0.1,0.259,0,0,1,2
0.546,0.1,0.262,0,0,1,2
0.546,0.1,0.265,0,0,1,2
0.546,0.1,0.268,0,0,1,2
0.546,0.1,0.271,0,0,1,2
0.546,0.1,0.274,0,0,1,2
0.546,0.1,0.277,0,0,1,2
0.546,0.1,0.28,0,0,1,2
0.546,0.1,0.283,0,0,1,2
0.546,0.1,0.286,0,0,1,2
0.546,0.1,0.289,0,0,1,2
0.546,0.1,0.292,0,0,1,2
0.546,0.1,0.295,0,0,1,2
0.546,0.1,0.298,0,0,1,2
0.546,0.1,0.301,0,0,1,2
0.546,0.1,0.304,0,0,1,2
0.546,0.1,0.307,0,0,1,2
0.546,0.1,0.31,0,0,1,2
0.546,0.1,0.313,0,0,1,2
0.546,0.1,0.316,0,0,1,2
0.546,0.1,0.319,0,0,1,2
0.546,0.1,0.322,0,0,1,2
0.546,0.1,0.325,0,0,1,2
0.546,0.1,0.328,0,0,1,2
0.546,0.1,0.331,0,0,1,2
0.546,0.1,0.334,0,0,1,2
0.546,0.1,0.337,0,0,1,2
0.546,0.1,0.34,0,0,1,2
0.546,0.1,0.343,0,0,1,2
0.546,0.1,0.346,0,0,1,2
0.546,0.1,0.349,0,0,1,2
0.546,0.1,0.352,0,0,1,2
0.546,0.1,0.355,0,0,1,2
0.546,0.1,0.358,0,0,1,2
0.546,0.1,0.361,0,0,1,2
0.546,0.1,0.364,0,0,1,2
0.546,0.1,0.367,0,0,1,2
0.546,0.1,0.37,0,0,1,2
0.546,0.1,0.373,0,0,1,2
0.546,0.1,0.376,0,0,1,2
0.546,0.1,0.379,0,0,1,2
0.546,0.1,0.382,0,0,1,2
0.546,0.1,0.385,0,0,1,2
0.546,0.1,0.388,0,0,1,2
0.546,0.1,0.391,0,0,1,2
0.546,0.1,0.394,0,0,1,2
0.546,0.1,0.397,0,0,1,2
0.546,0.1,0.4,0,0,1,2
0.546,0.1,0.403,0,0,1,2
0.546,0.1,0.406,0,0,1,2
0.546,0.1,0.409,0,0,1,2
0.546,0.1,0.412,0,0,1,2
0.546,0.1,0.415,0,0,1,2
0.546,0.1,0.418,0,0,1,2
0.546,0.1,0.420999,0,0,1,2
0.546,0.1,0.423999,0,0,1,2
0.546,0.1,0.426999,0,0,1,2
0.546,0.1,0.429999,0,0,1,2
0.546,0.1,0.432999,0,0,1,2
0.546,0.1,0.435999,0,0,1,2
0.546,0.1,0.438999,0,0,1,2
0.546,0.1,0.441999,0,0,1,2
0.546,0.1,0.444999,0,0,1,2
0.546,0.1,0.447999,0,0,1,2
0.546,0.1,0.450999,0,0,1,2
0.549,0.1,0.25,0,0,1,2
0.549,0.1,0.253,0,0,1,2
0.549,0.1,0.256,0,0,1,2
0.549,0.1,0.259,0,0,1,2
0.549,0.1,0.262,0,0,1,2
0.549,0.1,0.265,0,0,1,2
0.549,0.1,0.268,0,0,1,2
0.549,0.1,0.271,0,0,1,2
0.549,0.1,0.274,0,0,1,2
0.549,0.1,0.277,0,0,1,2
0.549,0.1,0.28,0,0,1,2
0.549,0.1,0.283,0,0,1,2
0.549,0.1,0.286,0,0,1,2
0.549,0.1,0.289,0,0,1,2
0.549,0.1,0.292,0,0,1,2
0.549,0.1,0.295,0,0,1,2
0.549,0.1,0.298,0,0,1,2
0.549,0.1,0.301,0,0,1,2
0.549,0.1,0.304,0,0,1,2
0.549,0.1,0.307,0,0,1,2
0.549,0.1,0.31,0,0,1,2
0.549,0.1,0.313,0,0,1,2
0.549,0.1,0.316,0,0,1,2
0.549,0.1,0.319,0,0,1,2
0.549,0.1,0.322,0,0,1,2
0.549,0.1,0.325,0,0,1,2
0.549,0.1,0.328,0,0,1,2
0.549,0.1,0.331,0,0,1,2
0.549,0.1,0.334,0,0,1,2
0.549,0.1,0.337,0,0,1,2
0.549,0.1,0.34,0,0,1,2
0.549,0.1,0.343,0,0,1,2
0.549,0.1,0.346,0,0,1,2
0.549,0.1,0.349,0,0,1,2
0.549,0.1,0.352,0,0,1,2
0.549,0.1,0.355,0,0,1,2
0.549,0.1,0.358,0,0,1,2
0.549,0.1,0.361,0,0,1,2
0.549,0.1,0.364,0,0,1,2
0.549,0.1,0.367,0,0,1,2
0.549,0.1,0.37,0,0,1,2
0.549,0.1,0.373,0,0,1,2
0.549,0.1,0.376,0,0,1,2
0.549,0.1,0.379,0,0,1,2
0.549,0.1,0.382,0,0,1,2
0.549,0.1,0.385,0,0,1,2
0.549,0.1,0.388,0,0,1,2
0.549,0.1,0.391,0,0,1,2
0.549,0.1,0.394,0,0,1,2
0.549,0.1,0.397,0,0,1,2
0.549,0.1,0.4,0,0,1,2
0.549,0.1,0.403,0,0,1,2
0.549,0.1,0.406,0,0,1,2
0.549,0.1,0.409,0,0,1,2
0.549,0.1,0.412,0,0,1,2
0.549,0.1,0.415,0,0,1,2
0.549,0.1,0.418,0,0,1,2
0.549,0.1,0.420999,0,0,1,2
0.549,0.1,0.423999,0,0,1,2
0.549,0.1,0.426999,0,0,1,2
0.549,0.1,0.429999,0,0,1,2
0.549,0.1,0.432999,0,0,1,2
0.549,0.1,0.435999,0,0,1,2
0.549,0.1,0.438999,0,0,1,2
0.549,0.1,0.441999,0,0,1,2
0.549,0.1,0.444999,0,0,1,2
0.549,0.1,0.447999,0,0,1,2
0.549,0.1,0.450999,0,0,1,2
0.552,0.1,0.25,0,0,1,2
0.552,0.1,0.253,0,0,1,2
0.552,0.1,0.256,0,0,1,2
0.552,0.1,0.259,0,0,1,2
0.552,0.1,0.262,0,0,1,2
0.552,0.1,0.265,0,0,1,2
0.552,0.1,0.268,0,0,1,2
0.552,0.1,0.271,0,0,1,2
0.552,0.1,0.274,0,0,1,2
0.552,0.1,0.277,0,0,1,2
0.552,0.1,0.28,0,0,1,2
0.552,0.1,0.283,0,0,1,2
0.552,0.1,0.286,0,0,1,2
0.552,0.1,0.289,0,0,1,2
0.552,0.1,0.292,0,0,1,2
0.552,0.1,0.295,0,0,1,2
0.552,0.1,0.298,0,0,1,2
0.552,0.1,0.301,0,0,1,2
0.552,0.1,0.304,0,0,1,2
0.552,0.1,0.307,0,0,1,2
0.552,0.1,0.31,0,0,1,2
0.552,0.1,0.313,0,0,1,2
0.552,0.1,0.316,0,0,1,2
0.552,0.1,0.319,0,0,1,2
0.552,0.1,0.322,0,0,1,2
0.552,0.1,0.325,0,0,1,2
0.552,0.1,0.328,0,0,1,2
0.552,0.1,0.331,0,0,1,2
0.552,0.1,0.334,0,0,1,2
0.552,0.1,0.337,0,0,1,2
0.552,0.1,0.34,0,0,1,2
0.552,0.1,0.343,0,0,1,2
0.552,0.1,0.346,0,0,1,2
0.552,0.1,0.349,0,0,1,2
0.552,0.1,0.352,0,0,1,2
0.552,0.1,0.355,0,0,1,2
0.552,0.1,0.358,0,0,1,2
0.552,0.1,0.361,0,0,1,2
0.552,0.1,0.364,0,0,1,2
0.552,0.1,0.367,0,0,1,2
0.552,0.1,0.37,0,0,1,2
0.552,0.1,0.373,0,0,1,2
0.552,0.1,0.376,0,0,1,2
0.552,0.1,0.379,0,0,1,2
0.552,0.1,0.382,0,0,1,2
0.552,0.1,0.385,0,0,1,2
0.552,0.1,0.388,0,0,1,2
0.552,0.1,0.391,0,0,1,2
0.552,0.1,0.394,0,0,1,2
0.552,0.1,0.397,0,0,1,2
0.552,0.1,0.4,0,0,1,2
0.552,0.1,0.403,0,0,1,2
0.552,0.1,0.406,0,0,1,2
0.552,0.1,0.409,0,0,1,2
0.552,0.1,0.412,0,0,1,2
0.552,0.1,0.415,0,0,1,2
0.552,0.1,0.418,0,0,1,2
0.552,0.1,0.420999,0,0,1,2
0.552,0.1,0.423999,0,0,1,2
0.552,0.1,0.426999,0,0,1,2
0.552,0.1,0.429999,0,0,1,2
0.552,0.1,0.432999,0,0,1,2
0.552,0.1,0.435999,0,0,1,2
0.552,0.1,0.438999,0,0,1,2
0.552,0.1,0.441999,0,0,1,2
0.552,0.1,0.444999,0,0,1,2
0.552,0.1,0.447999,0,0,1,2
0.552,0.1,0.450999,0,0,1,2
0.555,0.1,0.25,0,0,1,2
0.555,0.1,0.253,0,0,1,2
0.555,0.1,0.256,0,0,1,2
0.555,0.1,0.259,0,0,1,2
0.555,0.1,0.262,0,0,1,2
0.555,0.1,0.265,0,0,1,2
0.555,0.1,0.268,0,0,1,2
0.555,0.1,0.271,0,0,1,2
0.555,0.1,0.274,0,0,1,2
0.555,0.1,0.277,0,0,1,2
0.555,0.1,0.28,0,0,1,2
0.555,0.1,0.283,0,0,1,2
0.555,0.1,0.286,0,0,1,2
0.555,0.1,0.289,0,0,1,2
0.555,0.1,0.292,0,0,1,2
0.555,0.1,0.295,0,0,1,2
0.555,0.1,0.298,0,0,1,2
0.555,0.1,0.301,0,0,1,2
0.555,0.1,0.304,0,0,1,2
0.555,0.1,0.307,0,0,1,2
0.555,0.1,0.31,0,0,1,2
0.555,0.1,0.313,0,0,1,2
0.555,0.1,0.316,0,0,1,2
0.555,0.1,0.319,0,0,1,2
0.555,0.1,0.322,0,0,1,2
0.555,0.1,0.325,0,0,1,2
0.555,0.1,0.328,0,0,1,2
0.555,0.1,0.331,0,0,1,2
0.555,0.1,0.334,0,0,1,2
0.555,0.1,0.337,0,0,1,2
0.555,0.1,0.34,0,0,1,2
0.555,0.1,0.343,0,0,1,2
0.555,0.1,0.346,0,0,1,2
0.555,0.1,0.349,0,0,1,2
0.555,0.1,0.352,0,0,1,2
0.555,0.1,0.355,0,0,1,2
0.555,0.1,0.358,0,0,1,2
0.555,0.1,0.361,0,0,1,2
0.555,0.1,0.364,0,0,1,2
0.555,0.1,0.367,0,0,1,2
0.555,0.1,0.37,0,0,1,2
0.555,0.1,0.373,0,0,1,2
0.555,0.1,0.376,0,0,1,2
0.555,0.1,0.379,0,0,1,2
0.555,0.1,0.382,0,0,1,2
0.555,0.1,0.385,0,0,1,2
0.555,0.1,0.388,0,0,1,2
0.555,0.1,0.391,0,0,1,2
0.555,0.1,0.394,0,0,1,2
0.555,0.1,0.397,0,0,1,2
0.555,0.1,0.4,0,0,1,2
0.555,0.1,0.403,0,0,1,2
0.555,0.1,0.406,0,0,1,2
0.555,0.1,0.409,0,0,1,2
0.555,0.1,0.412,0,0,1,2
0.555,0.1,0.415,0,0,1,2
0.555,0.1,0.418,0,0,1,2
0.555,0.1,0.420999,0,0,1,2
0.555,0.1,0.423999,0,0,1,2
0.555,0.1,0.426999,0,0,1,2
0.555,0.1,0.429999,0,0,1,2
0.555,0.1,0.432999,0,0,1,2
0.555,0.1,0.435999,0,0,1,2
0.555,0.1,0.438999,0,0,1,2
0.555,0.1,0.441999,0,0,1,2
0.555,0.1,0.444999,0,0,1,2
0.555,0.1,0.447999,0,0,1,2
0.555,0.1,0.450999,0,0,1,2
0.558,0.1,0.25,0,0,1,2
0.558,0.1,0.253,0,0,1,2
0.558,0.1,0.256,0,0,1,2
0.558,0.1,0.259,0,0,1,2
0.558,0.1,0.262,0,0,1,2
0.558,0.1,0.265,0,0,1,2
0.558,0.1,0.268,0,0,1,2
0.558,0.1,0.271,0,0,1,2
0.558,0.1,0.274,0,0,1,2
0.558,0.1,0.277,0,0,1,2
0.558,0.1,0.28,0,0,1,2
0.558,0.1,0.283,0,0,1,2
0.558,0.1,0.286,0,0,1,2
0.558,0.1,0.289,0,0,1,2
0.558,0.1,0.292,0,0,1,2
0.558,0.1,0.295,0,0,1,2
0.558,0.1,0.298,0,0,1,2
0.558,0.1,0.301,0,0,1,2
0.558,0.1,0.304,0,0,1,2
0.558,0.1,0.307,0,0,1,2
0.558,0.1,0.31,0,0,1,2
0.558,0.1,0.313,0,0,1,2
0.558,0.1,0.316,0,0,1,2
0.558,0.1,0.319,0,0,1,2
0.558,0.1,0.322,0,0,1,2
0.558,0.1,0.325,0,0,1,2
0.558,0.1,0.328,0,0,1,2
0.558,0.1,0.331,0,0,1,2
0.558,0.1,0.334,0,0,1,2
0.558,0.1,0.337,0,0,1,2
0.558,0.1,0.34,0,0,1,2
0.558,0.1,0.343,0,0,1,2
0.558,0.1,0.346,0,0,1,2
0.558,0.1,0.349,0,0,1,2
0.558,0.1,0.352,0,0,1,2
0.558,0.1,0.355,0,0,1,2
0.558,0.1,0.358,0,0,1,2
0.558,0.1,0.361,0,0,1,2
0.558,0.1,0.364,0,0,1,2
0.558,0.1,0.367,0,0,1,2
0.558,0.1,0.37,0,0,1,2
0.558,0.1,0.373,0,0,1,2
0.558,0.1,0.376,0,0,1,2
0.558,0.1,0.379,0,0,1,2
0.558,0.1,0.382,0,0,1,2
0.558,0.1,0.385,0,0,1,2
0.558,0.1,0.388,0,0,1,2
0.558,0.1,0.391,0,0,1,2
0.558,0.1,0.394,0,0,1,2
0.558,0.1,0.397,0,0,1,2
0.558,0.1,0.4,0,0,1,2
0.558,0.1,0.403,0,0,1,2
0.558,0.1,0.406,0,0,1,2
0.558,0.1,0.409,0,0,1,2
0.558,0.1,0.412,0,0,1,2
0.558,0.1,0.415,0,0,1,2
0.558,0.1,0.418,0,0,1,2
0.558,0.1,0.420999,0,0,1,2
0.558,0.1,0.423999,0,0,1,2
0.558,0.1,0.426999,0,0,1,2
0.558,0.1,0.429999,0,0,1,2
0.558,0.1,0.432999,0,0,1,2
0.558,0.1,0.435999,0,0,1,2
0.558,0.1,0.438999,0,0,1,2
0.558,0.1,0.441999,0,0,1,2
0.558,0.1,0.444999,0,0,1,2
0.558,0.1,0.447999,0,0,1,2
0.558,0.1,0.450999,0,0,1,2
0.561,0.1,0.25,0,0,1,2
0.561,0.1,0.253,0,0,1,2
0.561,0.1,0.256,0,0,1,2
0.561,0.1,0.259,0,0,1,2
0.561,0.1,0.262,0,0,1,2
0.561,0.1,0.265,0,0,1,2
0.561,0.1,0.268,0,0,1,2
0.561,0.1,0.271,0,0,1,2
0.561,0.1,0.274,0,0,1,2
0.561,0.1,0.277,0,0,1,2
0.561,0.1,0.28,0,0,1,2
0.561,0.1,0.283,0,0,1,2
0.561,0.1,0.286,0,0,1,2
0.561,0.1,0.289,0,0,1,2
0.561,0.1,0.292,0,0,1,2
0.561,0.1,0.295,0,0,1,2
0.561,0.1,0.298,0,0,1,2
0.561,0.1,0.301,0,0,1,2
0.561,0.1,0.304,0,0,1,2
0.561,0.1,0.307,0,0,1,2
0.561,0.1,0.31,0,0,1,2
0.561,0.1,0.313,0,0,1,2
0.561,0.1,0.316,0,0,1,2
0.561,0.1,0.319,0,0,1,2
0.561,0.1,0.322,0,0,1,2
0.561,0.1,0.325,0,0,1,2
0.561,0.1,0.328,0,0,1,2
0.561,0.1,0.331,0,0,1,2
0.561,0.1,0.334,0,0,1,2
0.561,0.1,0.337,0,0,1,2
0.561,0.1,0.34,0,0,1,2
0.561,0.1,0.343,0,0,1,2
0.561,0.1,0.346,0,0,1,2
0.561,0.1,0.349,0,0,1,2
0.561,0.1,0.352,0,0,1,2
0.561,0.1,0.355,0,0,1,2
0.561,0.1,0.358,0,0,1,2
0.561,0.1,0.361,0,0,1,2
0.561,0.1,0.364,0,0,1,2
0.561,0.1,0.367,0,0,1,2
0.561,0.1,0.37,0,0,1,2
0.561,0.1,0.373,0,0,1,2
0.561,0.1,0.376,0,0,1,2
0.561,0.1,0.379,0,0,1,2
0.561,0.1,0.382,0,0,1,2
0.561,0.1,0.385,0,0,1,2
0.561,0.1,0.388,0,0,1,2
0.561,0.1,0.391,0,0,1,2
0.561,0.1,0.394,0,0,1,2
0.561,0.1,0.397,0,0,1,2
0.561,0.1,0.4,0,0,1,2
0.561,0.1,0.403,0,0,1,2
0.561,0.1,0.406,0,0,1,2
0.561,0.1,0.409,0,0,1,2
0.561,0.1,0.412,0,0,1,2
0.561,0.1,0.415,0,0,1,2
0.561,0.1,0.418,0,0,1,2
0.561,0.1,0.420999,0,0,1,2
0.561,0.1,0.423999,0,0,1,2
0.561,0.1,0.426999,0,0,1,2
0.561,0.1,0.429999,0,0,1,2
0.561,0.1,0.432999,0,0,1,2
0.561,0.1,0.435999,0,0,1,2
0.561,0.1,0.438999,0,0,1,2
0.561,0.1,0.441999,0,0,1,2
0.561,0.1,0.444999,0,0,1,2
0.561,0.1,0.447999,0,0,1,2
0.561,0.1,0.450999,0,0,1,2
0.564,0.1,0.25,0,0,1,2
0.564,0.1,0.253,0,0,1,2
0.564,0.1,0.256,0,0,1,2
0.564,0.1,0.259,0,0,1,2
0.564,0.1,0.262,0,0,1,2
0.564,0.1,0.265,0,0,1,2
0.564,0.1,0.268,0,0,1,2
0.564,0.1,0.271,0,0,1,2
0.564,0.1,0.274,0,0,1,2
0.564,0.1,0.277,0,0,1,2
0.564,0.1,0.28,0,0,1,2
0.564,0.1,0.283,0,0,1,2
0.564,0.1,0.286,0,0,1,2
0.564,0.1,0.289,0,0,1,2
0.564,0.1,0.292,0,0,1,2
0.564,0.1,0.295,0,0,1,2
0.564,0.1,0.298,0,0,1,2
0.564,0.1,0.301,0,0,1,2
0.564,0.1,0.304,0,0,1,2
0.564,0.1,0.307,0,0,1,2
0.564,0.1,0.31,0,0,1,2
0.564,0.1,0.313,0,0,1,2
0.564,0.1,0.316,0,0,1,2
0.564,0.1,0.319,0,0,1,2
0.564,0.1,0.322,0,0,1,2
0.564,0.1,0.325,0,0,1,2
0.564,0.1,0.328,0,0,1,2
0.564,0.1,0.331,0,0,1,2
0.564,0.1,0.334,0,0,1,2
0.564,0.1,0.337,0,0,1,2
0.564,0.1,0.34,0,0,1,2
0.564,0.1,0.343,0,0,1,2
0.564,0.1,0.346,0,0,1,2
0.564,0.1,0.349,0,0,1,2
0.564,0.1,0.352,0,0,1,2
0.564,0.1,0.355,0,0,1,2
0.564,0.1,0.358,0,0,1,2
0.564,0.1,0.361,0,0,1,2
0.564,0.1,0.364,0,0,1,2
0.564,0.1,0.367,0,0,1,2
0.564,0.1,0.37,0,0,1,2
0.564,0.1,0.373,0,0,1,2
0.564,0.1,0.376,0,0,1,2
0.564,0.1,0.379,0,0,1,2
0.564,0.1,0.382,0,0,1,2
0.564,0.1,0.385,0,0,1,2
0.564,0.1,0.388,0,0,1,2
0.564,0.1,0.391,0,0,1,2
0.564,0.1,0.394,0,0,1,2
0.564,0.1,0.397,0,0,1,2
0.564,0.1,0.4,0,0,1,2
0.564,0.1,0.403,0,0,1,2
0.564,0.1,0.406,0,0,1,2
0.564,0.1,0.409,0,0,1,2
0.564,0.1,0.412,0,0,1,2
0.564,0.1,0.415,0,0,1,2
0.564,0.1,0.418,0,0,1,2
0.564,0.1,0.420999,0,0,1,2
0.564,0.1,0.423999,0,0,1,2
0.564,0.1,0.426999,0,0,1,2
0.564,0.1,0.429999,0,0,1,2
0.564,0.1,0.432999,0,0,1,2
0.564,0.1,0.435999,0,0,1,2
0.564,0.1,0.438999,0,0,1,2
0.564,0.1,0.441999,0,0,1,2
0.564,0.1,0.444999,0,0,1,2
0.564,0.1,0.447999,0,0,1,2
0.564,0.1,0.450999,0,0,1,2
0.567,0.1,0.25,0,0,1,2
0.567,0.1,0.253,0,0,1,2
0.567,0.1,0.256,0,0,1,2
0.567,0.1,0.259,0,0,1,2
0.567,0.1,0.262,0,0,1,2
0.567,0.1,0.265,0,0,1,2
0.567,0.1,0.268,0,0,1,2
0.567,0.1,0.271,0,0,1,2
0.567,0.1,0.274,0,0,1,2
0.567,0.1,0.277,0,0,1,2
0.567,0.1,0.28,0,0,1,2
0.567,0.1,0.283,0,0,1,2
0.567,0.1,0.286,0,0,1,2
0.567,0.1,0.289,0,0,1,2
0.567,0.1,0.292,0,0,1,2
0.567,0.1,0.295,0,0,1,2
0.567,0.1,0.298,0,0,1,2
0.567,0.1,0.301,0,0,1,2
0.567,0.1,0.304,0,0,1,2
0.567,0.1,0.307,0,0,1,2
0.567,0.1,0.31,0,0,1,2
0.567,0.1,0.313,0,0,1,2
0.567,0.1,0.316,0,0,1,2
0.567,0.1,0.319,0,0,1,2
0.567,0.1,0.322,0,0,1,2
0.567,0.1,0.325,0,0,1,2
0.567,0.1,0.328,0,0,1,2
0.567,0.1,0.331,0,0,1,2
0.567,0.1,0.334,0,0,1,2
0.567,0.1,0.337,0,0,1,2
0.567,0.1,0.34,0,0,1,2
0.567,0.1,0.343,0,0,1,2
0.567,0.1,0.346,0,0,1,2
0.567,0.1,0.349,0,0,1,2
0.567,0.1,0.352,0,0,1,2
0.567,0.1,0.355,0,0,1,2
0.567,0.1,0.358,0,0,1,2
0.567,0.1,0.361,0,0,1,2
0.567,0.1,0.364,0,0,1,2
0.567,0.1,0.367,0,0,1,2
0.567,0.1,0.37,0,0,1,2
0.567,0.1,0.373,0,0,1,2
0.567,0.1,0.376,0,0,1,2
0.567,0.1,0.379,0,0,1,2
0.567,0.1,0.382,0,0,1,2
0.567,0.1,0.385,0,0,1,2
0.567,0.1,0.388,0,0,1,2
0.567,0.1,0.391,0,0,1,2
0.567,0.1,0.394,0,0,1,2
0.567,0.1,0.397,0,0,1,2
0.567,0.1,0.4,0,0,1,2
0.567,0.1,0.403,0,0,1,2
0.567,0.1,0.406,0,0,1,2
0.567,0.1,0.409,0,0,1,2
0.567,0.1,0.412,0,0,1,2
0.567,0.1,0.415,0,0,1,2
0.567,0.1,0.418,0,0,1,2
0.567,0.1,0.420999,0,0,1,2
0.567,0.1,0.423999,0,0,1,2
0.567,0.1,0.426999,0,0,1,2
0.567,0.1,0.429999,0,0,1,2
0.567,0.1,0.432999,0,0,1,2
0.567,0.1,0.435999,0,0,1,2
0.567,0.1,0.438999,0,0,1,2
0.567,0.1,0.441999,0,0,1,2
0.567,0.1,0.444999,0,0,1,2
0.567,0.1,0.447999,0,0,1,2
0.567,0.1,0.450999,0,0,1,2
0.57,0.1,0.25,0,0,1,2
0.57,0.1,0.253,0,0,1,2
0.57,0.1,0.256,0,0,1,2
0.57,0.1,0.259,0,0,1,2
0.57,0.1,0.262,0,0,1,2
0.57,0.1,0.265,0,0,1,2
0.57,0.1,0.268,0,0,1,2
0.57,0.1,0.271,0,0,1,2
0.57,0.1,0.274,0,0,1,2
0.57,0.1,0.277,0,0,1,2
0.57,0.1,0.28,0,0,1,2
0.57,0.1,0.283,0,0,1,2
0.57,0.1,0.286,0,0,1,2
0.57,0.1,0.289,0,0,1,2
0.57,0.1,0.292,0,0,1,2
0.57,0.1,0.295,0,0,1,2
0.57,0.1,0.298,0,0,1,2
0.57,0.1,0.301,0,0,1,2
0.57,0.1,0.304,0,0,1,2
0.57,0.1,0.307,0,0,1,2
0.57,0.1,0.31,0,0,1,2
0.57,0.1,0.313,0,0,1,2
0.57,0.1,0.316,0,0,1,2
0.57,0.1,0.319,0,0,1,2
0.57,0.1,0.322,0,0,1,2
0.57,0.1,0.325,0,0,1,2
0.57,0.1,0.328,0,0,1,2
0.57,0.1,0.331,0,0,1,2
0.57,0.1,0.334,0,0,1,2
0.57,0.1,0.337,0,0,1,2
0.57,0.1,0.34,0,0,1,2
0.57,0.1,0.343,0,0,1,2
0.57,0.1,0.346,0,0,1,2
0.57,0.1,0.349,0,0,1,2
0.57,0.1,0.352,0,0,1,2
0.57,0.1,0.355,0,0,1,2
0.57,0.1,0.358,0,0,1,2
0.57,0.1,0.361,0,0,1,2
0.57,0.1,0.364,0,0,1,2
0.57,0.1,0.367,0,0,1,2
0.57,0.1,0.37,0,0,1,2
0.57,0.1,0.373,0,0,1,2
0.57,0.1,0.376,0,0,1,2
0.57,0.1,0.379,0,0,1,2
0.57,0.1,0.382,0,0,1,2
0.57,0.1,0.385,0,0,1,2
0.57,0.1,0.388,0,0,1,2
0.57,0.1,0.391,0,0,1,2
0.57,0.1,0.394,0,0,1,2
0.57,0.1,0.397,0,0,1,2
0.57,0.1,0.4,0,0,1,2
0.57,0.1,0.403,0,0,1,2
0.57,0.1,0.406,0,0,1,2
0.57,0.1,0.409,0,0,1,2
0.57,0.1,0.412,0,0,1,2
0.57,0.1,0.415,0,0,1,2
0.57,0.1,0.418,0,0,1,2
0.57,0.1,0.420999,0,0,1,2
0.57,0.1,0.423999,0,0,1,2
0.57,0.1,0.426999,0,0,1,2
0.57,0.1,0.429999,0,0,1,2
0.57,0.1,0.432999,0,0,1,2
0.57,0.1,0.435999,0,0,1,2
0.57,0.1,0.438999,0,0,1,2
0.57,0.1,0.441999,0,0,1,2
0.57,0.1,0.444999,0,0,1,2
0.57,0.1,0.447999,0,0,1,2
0.57,0.1,0.450999,0,0,1,2
0.39,0.1,0.25,0,0,1,2
0.39,0.1,0.253,0,0,1,2
0.39,0.1,0.256,0,0,1,2
0.39,0.1,0.259,0,0,1,2
0.39,0.1,0.262,0,0,1,2
0.39,0.1,0.265,0,0,1,2
0.39,0.1,0.268,0,0,1,2
0.39,0.1,0.271,0,0,1,2
0.39,0.1,0.274,0,0,1,2
0.39,0.1,0.277,0,0,1,2
0.39,0.1,0.28,0,0,1,2
0.39,0.1,0.283,0,0,1,2
0.39,0.1,0.286,0,0,1,2
0.39,0.1,0.289,0,0,1,2
0.39,0.1,0.292,0,0,1,2
0.39,0.1,0.295,0,0,1,2
0.39,0.1,0.298,0,0,1,2
0.39,0.1,0.301,0,0,1,2
0.39,0.1,0.304,0,0,1,2
0.39,0.1,0.307,0,0,1,2
0.39,0.1,0.31,0,0,1,2
0.39,0.1,0.313,0,0,1,2
0.39,0.1,0.316,0,0,1,2
0.39,0.1,0.319,0,0,1,2
0.39,0.1,0.322,0,0,1,2
0.39,0.1,0.325,0,0,1,2
0.39,0.1,0.328,0,0,1,2
0.39,0.1,0.331,0,0,1,2
0.39,0.1,0.334,0,0,1,2
0.39,0.1,0.337,0,0,1,2
0.39,0.1,0.34,0,0,1,2
0.39,0.1,0.343,0,0,1,2
0.39,0.1,0.346,0,0,1,2
0.39,0.1,0.349,0,0,1,2
0.39,0.1,0.352,0,0,1,2
0.39,0.1,0.355,0,0,1,2
0.39,0.1,0.358,0,0,1,2
0.39,0.1,0.361,0,0,1,2
0.39,0.1,0.364,0,0,1,2
0.39,0.1,0.367,0,0,1,2
0.39,0.1,0.37,0,0,1,2
0.39,0.1,0.373,0,0,1,2
0.39,0.1,0.376,0,0,1,2
0.39,0.1,0.379,0,0,1,2
0.39,0.1,0.382,0,0,1,2
0.39,0.1,0.385,0,0,1,2
0.39,0.1,0.388,0,0,1,2
0.39,0.1,0.391,0,0,1,2
0.39,0.1,0.394,0,0,1,2
0.39,0.1,0.397,0,0,1,2
0.39,0.1,0.4,0,0,1,2
0.39,0.1,0.403,0,0,1,2
0.39,0.1,0.406,0,0,1,2
0.39,0.1,0.409,0,0,1,2
0.39,0.1,0.412,0,0,1,2
0.39,0.1,0.415,0,0,1,2
0.39,0.1,0.418,0,0,1,2
0.39,0.1,0.420999,0,0,1,2
0.39,0.1,0.423999,0,0,1,2
0.39,0.1,0.426999,0,0,1,2
0.39,0.1,0.429999,0,0,1,2
0.39,0.1,0.432999,0,0,1,2
0.39,0.1,0.435999,0,0,1,2
0.39,0.1,0.438999,0,0,1,2
0.39,0.1,0.441999,0,0,1,2
0.39,0.1,0.444999,0,0,1,2
0.39,0.1,0.447999,0,0,1,2
0.39,0.1,0.450999,0,0,1,2
0.39,0.103,0.25,0,0,1,2
0.39,0.103,0.253,0,0,1,2
0.39,0.103,0.256,0,0,1,2
0.39,0.103,0.259,0,0,1,2
0.39,0.103,0.262,0,0,1,2
0.39,0.103,0.265,0,0,1,2
0.39,0.103,0.268,0,0,1,2
0.39,0.103,0.271,0,0,1,2
0.39,0.103,0.274,0,0,1,2
0.39,0.103,0.277,0,0,1,2
0.39,0.103,0.28,0,0,1,2
0.39,0.103,0.283,0,0,1,2
0.39,0.103,0.286,0,0,1,2
0.39,0.103,0.289,0,0,1,2
0.39,0.103,0.292,0,0,1,2
0.39,0.103,0.295,0,0,1,2
0.39,0.103,0.298,0,0,1,2
0.39,0.103,0.301,0,0,1,2
0.39,0.103,0.304,0,0,1,2
0.39,0.103,0.307,0,0,1,2
0.39,0.103,0.31,0,0,1,2
0.39,0.103,0.313,0,0,1,2
0.39,0.103,0.316,0,0,1,2
0.39,0.103,0.319,0,0,1,2
0.39,0.103,0.322,0,0,1,2
0.39,0.103,0.325,0,0,1,2
0.39,0.103,0.328,0,0,1,2
0.39,0.103,0.331,0,0,1,2
0.39,0.103,0.334,0,0,1,2
0.39,0.103,0.337,0,0,1,2
0.39,0.103,0.34,0,0,1,2
0.39,0.103,0.343,0,0,1,2
0.39,0.103,0.346,0,0,1,2
0.39,0.103,0.349,0,0,1,2
0.39,0.103,0.352,0,0,1,2
0.39,0.103,0.355,0,0,1,2
0.39,0.103,0.358,0,0,1,2
0.39,0.103,0.361,0,0,1,2
0.39,0.103,0.364,0,0,1,2
0.39,0.103,0.367,0,0,1,2
0.39,0.103,0.37,0,0,1,2
0.39,0.103,0.373,0,0,1,2
0.39,0.103,0.376,0,0,1,2
0.39,0.103,0.379,0,0,1,2
0.39,0.103,0.382,0,0,1,2
0.39,0.103,0.385,0,0,1,2
0.39,0.103,0.388,0,0,1,2
0.39,0.103,0.391,0,0,1,2
0.39,0.103,0.394,0,0,1,2
0.39,0.103,0.397,0,0,1,2
0.39,0.103,0.4,0,0,1,2
0.39,0.103,0.403,0,0,1,2
0.39,0.103,0.406,0,0,1,2
0.39,0.103,0.409,0,0,1,2
0.39,0.103,0.412,0,0,1,2
0.39,0.103,0.415,0,0,1,2
0.39,0.103,0.418,0,0,1,2
0.39,0.103,0.420999,0,0,1,2
0.39,0.103,0.423999,0,0,1,2
0.39,0.103,0.426999,0,0,1,2
0.39,0.103,0.429999,0,0,1,2
0.39,0.103,0.432999,0,0,1,2
0.39,0.103,0.435999,0,0,1,2
0.39,0.103,0.438999,0,0,1,2
0.39,0.103,0.441999,0,0,1,2
0.39,0.103,0.444999,0,0,1,2
0.39,0.103,0.447999,0,0,1,2
0.39,0.103,0.450999,0,0,1,2
0.39,0.106,0.25,0,0,1,2
0.39,0.106,0.253,0,0,1,2
0.39,0.106,0.256,0,0,1,2
0.39,0.106,0.259,0,0,1,2
0.39,0.106,0.262,0,0,1,2
0.39,0.106,0.265,0,0,1,2
0.39,0.106,0.268,0,0,1,2
0.39,0.106,0.271,0,0,1,2
0.39,0.106,0.274,0,0,1,2
0.39,0.106,0.277,0,0,1,2
0.39,0.106,0.28,0,0,1,2
0.39,0.106,0.283,0,0,1,2
0.39,0.106,0.286,0,0,1,2
0.39,0.106,0.289,0,0,1,2
0.39,0.106,0.292,0,0,1,2
0.39,0.106,0.295,0,0,1,2
0.39,0.106,0.298,0,0,1,2
0.39,0.106,0.301,0,0,1,2
0.39,0.106,0.304,0,0,1,2
0.39,0.106,0.307,0,0,1,2
0.39,0.106,0.31,0,0,1,2
0.39,0.106,0.313,0,0,1,2
0.39,0.106,0.316,0,0,1,2
0.39,0.106,0.319,0,0,1,2
0.39,0.106,0.322,0,0,1,2
0.39,0.106,0.325,0,0,1,2
0.39,0.106,0.328,0,0,1,2
0.39,0.106,0.331,0,0,1,2
0.39,0.106,0.334,0,0,1,2
0.39,0.106,0.337,0,0,1,2
0.39,0.106,0.34,0,0,1,2
0.39,0.106,0.343,0,0,1,2
0.39,0.106,0.346,0,0,1,2
0.39,0.106,0.349,0,0,1,2
0.39,0.106,0.352,0,0,1,2
0.39,0.106,0.355,0,0,1,2
0.39,0.106,0.358,0,0,1,2
0.39,0.106,0.361,0,0,1,2
0.39,0.106,0.364,0,0,1,2
0.39,0.106,0.367,0,0,1,2
0.39,0.106,0.37,0,0,1,2
0.39,0.106,0.373,0,0,1,2
0.39,0.106,0.376,0,0,1,2
0.39,0.106,0.379,0,0,1,2
0.39,0.106,0.382,0,0,1,2
0.39,0.106,0.385,0,0,1,2
0.39,0.106,0.388,0,0,1,2
0.39,0.106,0.391,0,0,1,2
0.39,0.106,0.394,0,0,1,2
0.39,0.106,0.397,0,0,1,2
0.39,0.106,0.4,0,0,1,2
0.39,0.106,0.403,0,0,1,2
0.39,0.106,0.406,0,0,1,2
0.39,0.106,0.409,0,0,1,2
0.39,0.106,0.412,0,0,1,2
0.39,0.106,0.415,0,0,1,2
0.39,0.106,0.418,0,0,1,2
0.39,0.106,0.420999,0,0,1,2
0.39,0.106,0.423999,0,0,1,2
0.39,0.106,0.426999,0,0,1,2
0.39,0.106,0.429999,0,0,1,2
0.39,0.106,0.432999,0,0,1,2
0.39,0.106,0.435999,0,0,1,2
0.39,0.106,0.438999,0,0,1,2
0.39,0.106,0.441999,0,0,1,2
0.39,0.106,0.444999,0,0,1,2
0.39,0.106,0.447999,0,0,1,2
0.39,0.106,0.450999,0,0,1,2
0.39,0.109,0.25,0,0,1,2
0.39,0.109,0.253,0,0,1,2
0.39,0.109,0.256,0,0,1,2
0.39,0.109,0.259,0,0,1,2
0.39,0.109,0.262,0,0,1,2
0.39,0.109,0.265,0,0,1,2
0.39,0.109,0.268,0,0,1,2
0.39,0.109,0.271,0,0,1,2
0.39,0.109,0.274,0,0,1,2
0.39,0.109,0.277,0,0,1,2
0.39,0.109,0.28,0,0,1,2
0.39,0.109,0.283,0,0,1,2
0.39,0.109,0.286,0,0,1,2
0.39,0.109,0.289,0,0,1,2
0.39,0.109,0.292,0,0,1,2
0.39,0.109,0.295,0,0,1,2
0.39,0.109,0.298,0,0,1,2
0.39,0.109,0.301,0,0,1,2
0.39,0.109,0.304,0,0,1,2
0.39,0.109,0.307,0,0,1,2
0.39,0.109,0.31,0,0,1,2
0.39,0.109,0.313,0,0,1,2
0.39,0.109,0.316,0,0,1,2
0.39,0.109,0.319,0,0,1,2
0.39,0.109,0.322,0,0,1,2
0.39,0.109,0.325,0,0,1,2
0.39,0.109,0.328,0,0,1,2
0.39,0.109,0.331,0,0,1,2
0.39,0.109,0.334,0,0,1,2
0.39,0.109,0.337,0,0,1,2
0.39,0.109,0.34,0,0,1,2
0.39,0.109,0.343,0,0,1,2
0.39,0.109,0.346,0,0,1,2
0.39,0.109,0.349,0,0,1,2
0.39,0.109,0.352,0,0,1,2
0.39,0.109,0.355,0,0,1,2
0.39,0.109,0.358,0,0,1,2
0.39,0.109,0.361,0,0,1,2
0.39,0.109,0.364,0,0,1,2
0.39,0.109,0.367,0,0,1,2
0.39,0.109,0.37,0,0,1,2
0.39,0.109,0.373,0,0,1,2
0.39,0.109,0.376,0,0,1,2
0.39,0.109,0.379,0,0,1,2
0.39,0.109,0.382,0,0,1,2
0.39,0.109,0.385,0,0,1,2
0.39,0.109,0.388,0,0,1,2
0.39,0.109,0.391,0,0,1,2
0.39,0.109,0.394,0,0,1,2
0.39,0.109,0.397,0,0,1,2
0.39,0.109,0.4,0,0,1,2
0.39,0.109,0.403,0,0,1,2
0.39,0.109,0.406,0,0,1,2
0.39,0.109,0.409,0,0,1,2
0.39,0.109,0.412,0,0,1,2
0.39,0.109,0.415,0,0,1,2
0.39,0.109,0.418,0,0,1,2
0.39,0.109,0.420999,0,0,1,2
0.39,0.109,0.423999,0,0,1,2
0.39,0.109,0.426999,0,0,1,2
0.39,0.109,0.429999,0,0,1,2
0.39,0.109,0.432999,0,0,1,2
0.39,0.109,0.435999,0,0,1,2
0.39,0.109,0.438999,0,0,1,2
0.39,0.109,0.441999,0,0,1,2
0.39,0.109,0.444999,0,0,1,2
0.39,0.109,0.447999,0,0,1,2
0.39,0.109,0.450999,0,0,1,2
0.39,0.112,0.25,0,0,1,2
0.39,0.112,0.253,0,0,1,2
0.39,0.112,0.256,0,0,1,2
0.39,0.112,0.259,0,0,1,2
0.39,0.112,0.262,0,0,1,2
0.39,0.112,0.265,0,0,1,2
0.39,0.112,0.268,0,0,1,2
0.39,0.112,0.271,0,0,1,2
0.39,0.112,0.274,0,0,1,2
0.39,0.112,0.277,0,0,1,2
0.39,0.112,0.28,0,0,1,2
0.39,0.112,0.283,0,0,1,2
0.39,0.112,0.286,0,0,1,2
0.39,0.112,0.289,0,0,1,2
0.39,0.112,0.292,0,0,1,2
0.39,0.112,0.295,0,0,1,2
0.39,0.112,0.298,0,0,1,2
0.39,0.112,0.301,0,0,1,2
0.39,0.112,0.304,0,0,1,2
0.39,0.112,0.307,0,0,1,2
0.39,0.112,0.31,0,0,1,2
0.39,0.112,0.313,0,0,1,2
0.39,0.112,0.316,0,0,1,2
0.39,0.112,0.319,0,0,1,2
0.39,0.112,0.322,0,0,1,2
0.39,0.112,0.325,0,0,1,2
0.39,0.112,0.328,0,0,1,2
0.39,0.112,0.331,0,0,1,2
0.39,0.112,0.334,0,0,1,2
0.39,0.112,0.337,0,0,1,2
0.39,0.112,0.34,0,0,1,2
0.39,0.112,0.343,0,0,1,2
0.39,0.112,0.346,0,0,1,2
0.39,0.112,0.349,0,0,1,2
0.39,0.112,0.352,0,0,1,2
0.39,0.112,0.355,0,0,1,2
0.39,0.112,0.358,0,0,1,2
0.39,0.112,0.361,0,0,1,2
0.39,0.112,0.364,0,0,1,2
0.39,0.112,0.367,0,0,1,2
0.39,0.112,0.37,0,0,1,2
0.39,0.112,0.373,0,0,1,2
0.39,0.112,0.376,0,0,1,2
0.39,0.112,0.379,0,0,1,2
0.39,0.112,0.382,0,0,1,2
0.39,0.112,0.385,0,0,1,2
0.39,0.112,0.388,0,0,1,2
0.39,0.112,0.391,0,0,1,2
0.39,0.112,0.394,0,0,1,2
0.39,0.112,0.397,0,0,1,2
0.39,0.112,0.4,0,0,1,2
0.39,0.112,0.403,0,0,1,2
0.39,0.112,0.406,0,0,1,2
0.39,0.112,0.409,0,0,1,2
0.39,0.112,0.412,0,0,1,2
0.39,0.112,0.415,0,0,1,2
0.39,0.112,0.418,0,0,1,2
0.39,0.112,0.420999,0,0,1,2
0.39,0.112,0.423999,0,0,1,2
0.39,0.112,0.426999,0,0,1,2
0.39,0.112,0.429999,0,0,1,2
0.39,0.112,0.432999,0,0,1,2
0.39,0.112,0.435999,0,0,1,2
0.39,0.112,0.438999,0,0,1,2
0.39,0.112,0.441999,0,0,1,2
0.39,0.112,0.444999,0,0,1,2
0.39,0.112,0.447999,0,0,1,2
0.39,0.112,0.450999,0,0,1,2
0.39,0.115,0.25,0,0,1,2
0.39,0.115,0.253,0,0,1,2
0.39,0.115,0.256,0,0,1,2
0.39,0.115,0.259,0,0,1,2
0.39,0.115,0.262,0,0,1,2
0.39,0.115,0.265,0,0,1,2
0.39,0.115,0.268,0,0,1,2
0.39,0.115,0.271,0,0,1,2
0.39,0.115,0.274,0,0,1,2
0.39,0.115,0.277,0,0,1,2
0.39,0.115,0.28,0,0,1,2
0.39,0.115,0.283,0,0,1,2
0.39,0.115,0.286,0,0,1,2
0.39,0.115,0.289,0,0,1,2
0.39,0.115,0.292,0,0,1,2
0.39,0.115,0.295,0,0,1,2
0.39,0.115,0.298,0,0,1,2
0.39,0.115,0.301,0,0,1,2
0.39,0.115,0.304,0,0,1,2
0.39,0.115,0.307,0,0,1,2
0.39,0.115,0.31,0,0,1,2
0.39,0.115,0.313,0,0,1,2
0.39,0.115,0.316,0,0,1,2
0.39,0.115,0.319,0,0,1,2
0.39,0.115,0.322,0,0,1,2
0.39,0.115,0.325,0,0,1,2
0.39,0.115,0.328,0,0,1,2
0.39,0.115,0.331,0,0,1,2
0.39,0.115,0.334,0,0,1,2
0.39,0.115,0.337,0,0,1,2
0.39,0.115,0.34,0,0,1,2
0.39,0.115,0.343,0,0,1,2
0.39,0.115,0.346,0,0,1,2
0.39,0.115,0.349,0,0,1,2
0.39,0.115,0.352,0,0,1,2
0.39,0.115,0.355,0,0,1,2
0.39,0.115,0.358,0,0,1,2
0.39,0.115,0.361,0,0,1,2
0.39,0.115,0.364,0,0,1,2
0.39,0.115,0.367,0,0,1,2
0.39,0.115,0.37,0,0,1,2
0.39,0.115,0.373,0,0,1,2
0.39,0.115,0.376,0,0,1,2
0.39,0.115,0.379,0,0,1,2
0.39,0.115,0.382,0,0,1,2
0.39,0.115,0.385,0,0,1,2
0.39,0.115,0.388,0,0,1,2
0.39,0.115,0.391,0,0,1,2
0.39,0.115,0.394,0,0,1,2
0.39,0.115,0.397,0,0,1,2
0.39,0.115,0.4,0,0,1,2
0.39,0.115,0.403,0,0,1,2
0.39,0.115,0.406,0,0,1,2
0.39,0.115,0.409,0,0,1,2
0.39,0.115,0.412,0,0,1,2
0.39,0.115,0.415,0,0,1,2
0.39,0.115,0.418,0,0,1,2
0.39,0.115,0.420999,0,0,1,2
0.39,0.115,0.423999,0,0,1,2
0.39,0.115,0.426999,0,0,1,2
0.39,0.115,0.429999,0,0,1,2
0.39,0.115,0.432999,0,0,1,2
0.39,0.115,0.435999,0,0,1,2
0.39,0.115,0.438999,0,0,1,2
0.39,0.115,0.441999,0,0,1,2
0.39,0.115,0.444999,0,0,1,2
0.39,0.115,0.447999,0,0,1,2
0.39,0.115,0.450999,0,0,1,2
0.39,0.118,0.25,0,0,1,2
0.39,0.118,0.253,0,0,1,2
0.39,0.118,0.256,0,0,1,2
0.39,0.118,0.259,0,0,1,2
0.39,0.118,0.262,0,0,1,2
0.39,0.118,0.265,0,0,1,2
0.39,0.118,0.268,0,0,1,2
0.39,0.118,0.271,0,0,1,2
0.39,0.118,0.274,0,0,1,2
0.39,0.118,0.277,0,0,1,2
0.39,0.118,0.28,0,0,1,2
0.39,0.118,0.283,0,0,1,2
0.39,0.118,0.286,0,0,1,2
0.39,0.118,0.289,0,0,1,2
0.39,0.118,0.292,0,0,1,2
0.39,0.118,0.295,0,0,1,2
0.39,0.118,0.298,0,0,1,2
0.39,0.118,0.301,0,0,1,2
0.39,0.118,0.304,0,0,1,2
0.39,0.118,0.307,0,0,1,2
0.39,0.118,0.31,0,0,1,2
0.39,0.118,0.313,0,0,1,2
0.39,0.118,0.316,0,0,1,2
0.39,0.118,0.319,0,0,1,2
0.39,0.118,0.322,0,0,1,2
0.39,0.118,0.325,0,0,1,2
0.39,0.118,0.328,0,0,1,2
0.39,0.118,0.331,0,0,1,2
0.39,0.118,0.334,0,0,1,2
0.39,0.118,0.337,0,0,1,2
0.39,0.118,0.34,0,0,1,2
0.39,0.118,0.343,0,0,1,2
0.39,0.118,0.346,0,0,1,2
0.39,0.118,0.349,0,0,1,2
0.39,0.118,0.352,0,0,1,2
0.39,0.118,0.355,0,0,1,2
0.39,0.118,0.358,0,0,1,2
0.39,0.118,0.361,0,0,1,2
0.39,0.118,0.364,0,0,1,2
0.39,0.118,0.367,0,0,1,2
0.39,0.118,0.37,0,0,1,2
0.39,0.118,0.373,0,0,1,2
0.39,0.118,0.376,0,0,1,2
0.39,0.118,0.379,0,0,1,2
0.39,0.118,0.382,0,0,1,2
0.39,0.118,0.385,0,0,1,2
0.39,0.118,0.388,0,0,1,2
0.39,0.118,0.391,0,0,1,2
0.39,0.118,0.394,0,0,1,2
0.39,0.118,0.397,0,0,1,2
0.39,0.118,0.4,0,0,1,2
0.39,0.118,0.403,0,0,1,2
0.39,0.118,0.406,0,0,1,2
0.39,0.118,0.409,0,0,1,2
0.39,0.118,0.412,0,0,1,2
0.39,0.118,0.415,0,0,1,2
0.39,0.118,0.418,0,0,1,2
0.39,0.118,0.420999,0,0,1,2
0.39,0.118,0.423999,0,0,1,2
0.39,0.118,0.426999,0,0,1,2
0.39,0.118,0.429999,0,0,1,2
0.39,0.118,0.432999,0,0,1,2
0.39,0.118,0.435999,0,0,1,2
0.39,0.118,0.438999,0,0,1,2
0.39,0.118,0.441999,0,0,1,2
0.39,0.118,0.444999,0,0,1,2
0.39,0.118,0.447999,0,0,1,2
0.39,0.118,0.450999,0,0,1,2
0.39,0.121,0.25,0,0,1,2
0.39,0.121,0.253,0,0,1,2
0.39,0.121,0.256,0,0,1,2
0.39,0.121,0.259,0,0,1,2
0.39,0.121,0.262,0,0,1,2
0.39,0.121,0.265,0,0,1,2
0.39,0.121,0.268,0,0,1,2
0.39,0.121,0.271,0,0,1,2
0.39,0.121,0.274,0,0,1,2
0.39,0.121,0.277,0,0,1,2
0.39,0.121,0.28,0,0,1,2
0.39,0.121,0.283,0,0,1,2
0.39,0.121,0.286,0,0,1,2
0.39,0.121,0.289,0,0,1,2
0.39,0.121,0.292,0,0,1,2
0.39,0.121,0.295,0,0,1,2
0.39,0.121,0.298,0,0,1,2
0.39,0.121,0.301,0,0,1,2
0.39,0.121,0.304,0,0,1,2
0.39,0.121,0.307,0,0,1,2
0.39,0.121,0.31,0,0,1,2
0.39,0.121,0.313,0,0,1,2
0.39,0.121,0.316,0,0,1,2
0.39,0.121,0.319,0,0,1,2
0.39,0.121,0.322,0,0,1,2
0.39,0.121,0.325,0,0,1,2
0.39,0.121,0.328,0,0,1,2
0.39,0.121,0.331,0,0,1,2
0.39,0.121,0.334,0,0,1,2
0.39,0.121,0.337,0,0,1,2
0.39,0.121,0.34,0,0,1,2
0.39,0.121,0.343,0,0,1,2
0.39,0.121,0.346,0,0,1,2
0.39,0.121,0.349,0,0,1,2
0.39,0.121,0.352,0,0,1,2
0.39,0.121,0.355,0,0,1,2
0.39,0.121,0.358,0,0,1,2
0.39,0.121,0.361,0,0,1,2
0.39,0.121,0.364,0,0,1,2
0.39,0.121,0.367,0,0,1,2
0.39,0.121,0.37,0,0,1,2
0.39,0.121,0.373,0,0,1,2
0.39,0.121,0.376,0,0,1,2
0.39,0.121,0.379,0,0,1,2
0.39,0.121,0.382,0,0,1,2
0.39,0.121,0.385,0,0,1,2
0.39,0.121,0.388,0,0,1,2
0.39,0.121,0.391,0,0,1,2
0.39,0.121,0.394,0,0,1,2
0.39,0.121,0.397,0,0,1,2
0.39,0.121,0.4,0,0,1,2
0.39,0.121,0.403,0,0,1,2
0.39,0.121,0.406,0,0,1,2
0.39,0.121,0.409,0,0,1,2
0.39,0.121,0.412,0,0,1,2
0.39,0.121,0.415,0,0,1,2
0.39,0.121,0.418,0,0,1,2
0.39,0.121,0.420999,0,0,1,2
0.39,0.121,0.423999,0,0,1,2
0.39,0.121,0.426999,0,0,1,2
0.39,0.121,0.429999,0,0,1,2
0.39,0.121,0.432999,0,0,1,2
0.39,0.121,0.435999,0,0,1,2
0.39,0.121,0.438999,0,0,1,2
0.39,0.121,0.441999,0,0,1,2
0.39,0.121,0.444999,0,0,1,2
0.39,0.121,0.447999,0,0,1,2
0.39,0.121,0.450999,0,0,1,2
0.39,0.124,0.25,0,0,1,2
0.39,0.124,0.253,0,0,1,2
0.39,0.124,0.256,0,0,1,2
0.39,0.124,0.259,0,0,1,2
0.39,0.124,0.262,0,0,1,2
0.39,0.124,0.265,0,0,1,2
0.39,0.124,0.268,0,0,1,2
0.39,0.124,0.271,0,0,1,2
0.39,0.124,0.274,0,0,1,2
0.39,0.124,0.277,0,0,1,2
0.39,0.124,0.28,0,0,1,2
0.39,0.124,0.283,0,0,1,2
0.39,0.124,0.286,0,0,1,2
0.39,0.124,0.289,0,0,1,2
0.39,0.124,0.292,0,0,1,2
0.39,0.124,0.295,0,0,1,2
0.39,0.124,0.298,0,0,1,2
0.39,0.124,0.301,0,0,1,2
0.39,0.124,0.304,0,0,1,2
0.39,0.124,0.307,0,0,1,2
0.39,0.124,0.31,0,0,1,2
0.39,0.124,0.313,0,0,1,2
0.39,0.124,0.316,0,0,1,2
0.39,0.124,0.319,0,0,1,2
0.39,0.124,0.322,0,0,1,2
0.39,0.124,0.325,0,0,1,2
0.39,0.124,0.328,0,0,1,2
0.39,0.124,0.331,0,0,1,2
0.39,0.124,0.334,0,0,1,2
0.39,0.124,0.337,0,0,1,2
0.39,0.124,0.34,0,0,1,2
0.39,0.124,0.343,0,0,1,2
0.39,0.124,0.346,0,0,1,2
0.39,0.124,0.349,0,0,1,2
0.39,0.124,0.352,0,0,1,2
0.39,0.124,0.355,0,0,1,2
0.39,0.124,0.358,0,0,1,2
0.39,0.124,0.361,0,0,1,2
0.39,0.124,0.364,0,0,1,2
0.39,0.124,0.367,0,0,1,2
0.39,0.124,0.37,0,0,1,2
0.39,0.124,0.373,0,0,1,2
0.39,0.124,0.376,0,0,1,2
0.39,0.124,0.379,0,0,1,2
0.39,0.124,0.382,0,0,1,2
0.39,0.124,0.385,0,0,1,2
0.39,0.124,0.388,0,0,1,2
0.39,0.124,0.391,0,0,1,2
0.39,0.124,0.394,0,0,1,2
0.39,0.124,0.397,0,0,1,2
0.39,0.124,0.4,0,0,1,2
0.39,0.124,0.403,0,0,1,2
0.39,0.124,0.406,0,0,1,2
0.39,0.124,0.409,0,0,1,2
0.39,0.124,0.412,0,0,1,2
0.39,0.124,0.415,0,0,1,2
0.39,0.124,0.418,0,0,1,2
0.39,0.124,0.420999,0,0,1,2
0.39,0.124,0.423999,0,0,1,2
0.39,0.124,0.426999,0,0,1,2
0.39,0.124,0.429999,0,0,1,2
0.39,0.124,0.432999,0,0,1,2
0.39,0.124,0.435999,0,0,1,2
0.39,0.124,0.438999,0,0,1,2
0.39,0.124,0.441999,0,0,1,2
0.39,0.124,0.444999,0,0,1,2
0.39,0.124,0.447999,0,0,1,2
0.39,0.124,0.450999,0,0,1,2
0.39,0.127,0.25,0,0,1,2
0.39,0.127,0.253,0,0,1,2
0.39,0.127,0.256,0,0,1,2
0.39,0.127,0.259,0,0,1,2
0.39,0.127,0.262,0,0,1,2
0.39,0.127,0.265,0,0,1,2
0.39,0.127,0.268,0,0,1,2
0.39,0.127,0.271,0,0,1,2
0.39,0.127,0.274,0,0,1,2
0.39,0.127,0.277,0,0,1,2
0.39,0.127,0.28,0,0,1,2
0.39,0.127,0.283,0,0,1,2
0.39,0.127,0.286,0,0,1,2
0.39,0.127,0.289,0,0,1,2
0.39,0.127,0.292,0,0,1,2
0.39,0.127,0.295,0,0,1,2
0.39,0.127,0.298,0,0,1,2
0.39,0.127,0.301,0,0,1,2
0.39,0.127,0.304,0,0,1,2
0.39,0.127,0.307,0,0,1,2
0.39,0.127,0.31,0,0,1,2
0.39,0.127,0.313,0,0,1,2
0.39,0.127,0.316,0,0,1,2
0.39,0.127,0.319,0,0,1,2
0.39,0.127,0.322,0,0,1,2
0.39,0.127,0.325,0,0,1,2
0.39,0.127,0.328,0,0,1,2
0.39,0.127,0.331,0,0,1,2
0.39,0.127,0.334,0,0,1,2
0.39,0.127,0.337,0,0,1,2
0.39,0.127,0.34,0,0,1,2
0.39,0.127,0.343,0,0,1,2
0.39,0.127,0.346,0,0,1,2
0.39,0.127,0.349,0,0,1,2
0.39,0.127,0.352,0,0,1,2
0.39,0.127,0.355,0,0,1,2
0.39,0.127,0.358,0,0,1,2
0.39,0.127,0.361,0,0,1,2
0.39,0.127,0.364,0,0,1,2
0.39,0.127,0.367,0,0,1,2
0.39,0.127,0.37,0,0,1,2
0.39,0.127,0.373,0,0,1,2
0.39,0.127,0.376,0,0,1,2
0.39,0.127,0.379,0,0,1,2
0.39,0.127,0.382,0,0,1,2
0.39,0.127,0.385,0,0,1,2
0.39,0.127,0.388,0,0,1,2
0.39,0.127,0.391,0,0,1,2
0.39,0.127,0.394,0,0,1,2
0.39,0.127,0.397,0,0,1,2
0.39,0.127,0.4,0,0,1,2
0.39,0.127,0.403,0,0,1,2
0.39,0.127,0.406,0,0,1,2
0.39,0.127,0.409,0,0,1,2
0.39,0.127,0.412,0,0,1,2
0.39,0.127,0.415,0,0,1,2
0.39,0.127,0.418,0,0,1,2
0.39,0.127,0.420999,0,0,1,2
0.39,0.127,0.423999,0,0,1,2
0.39,0.127,0.426999,0,0,1,2
0.39,0.127,0.429999,0,0,1,2
0.39,0.127,0.432999,0,0,1,2
0.39,0.127,0.435999,0,0,1,2
0.39,0.127,0.438999,0,0,1,2
0.39,0.127,0.441999,0,0,1,2
0.39,0.127,0.444999,0,0,1,2
0.39,0.127,0.447999,0,0,1,2
0.39,0.127,0.450999,0,0,1,2
0.39,0.13,0.25,0,0,1,2
0.39,0.13,0.253,0,0,1,2
0.39,0.13,0.256,0,0,1,2
0.39,0.13,0.259,0,0,1,2
0.39,0.13,0.262,0,0,1,2
0.39,0.13,0.265,0,0,1,2
0.39,0.13,0.268,0,0,1,2
0.39,0.13,0.271,0,0,1,2
0.39,0.13,0.274,0,0,1,2
0.39,0.13,0.277,0,0,1,2
0.39,0.13,0.28,0,0,1,2
0.39,0.13,0.283,0,0,1,2
0.39,0.13,0.286,0,0,1,2
0.39,0.13,0.289,0,0,1,2
0.39,0.13,0.292,0,0,1,2
0.39,0.13,0.295,0,0,1,2
0.39,0.13,0.298,0,0,1,2
0.39,0.13,0.301,0,0,1,2
0.39,0.13,0.304,0,0,1,2
0.39,0.13,0.307,0,0,1,2
0.39,0.13,0.31,0,0,1,2
0.39,0.13,0.313,0,0,1,2
0.39,0.13,0.316,0,0,1,2
0.39,0.13,0.319,0,0,1,2
0.39,0.13,0.322,0,0,1,2
0.39,0.13,0.325,0,0,1,2
0.39,0.13,0.328,0,0,1,2
0.39,0.13,0.331,0,0,1,2
0.39,0.13,0.334,0,0,1,2
0.39,0.13,0.337,0,0,1,2
0.39,0.13,0.34,0,0,1,2
0.39,0.13,0.343,0,0,1,2
0.39,0.13,0.346,0,0,1,2
0.39,0.13,0.349,0,0,1,2
0.39,0.13,0.352,0,0,1,2
0.39,0.13,0.355,0,0,1,2
0.39,0.13,0.358,0,0,1,2
0.39,0.13,0.361,0,0,1,2
0.39,0.13,0.364,0,0,1,2
0.39,0.13,0.367,0,0,1,2
0.39,0.13,0.37,0,0,1,2
0.39,0.13,0.373,0,0,1,2
0.39,0.13,0.376,0,0,1,2
0.39,0.13,0.379,0,0,1,2
0.39,0.13,0.382,0,0,1,2
0.39,0.13,0.385,0,0,1,2
0.39,0.13,0.388,0,0,1,2
0.39,0.13,0.391,0,0,1,2
0.39,0.13,0.394,0,0,1,2
0.39,0.13,0.397,0,0,1,2
0.39,0.13,0.4,0,0,1,2
0.39,0.13,0.403,0,0,1,2
0.39,0.13,0.406,0,0,1,2
0.39,0.13,0.409,0,0,1,2
0.39,0.13,0.412,0,0,1,2
0.39,0.13,0.415,0,0,1,2
0.39,0.13,0.418,0,0,1,2
0.39,0.13,0.420999,0,0,1,2
0.39,0.13,0.423999,0,0,1,2
0.39,0.13,0.426999,0,0,1,2
0.39,0.13,0.429999,0,0,1,2
0.39,0.13,0.432999,0,0,1,2
0.39,0.13,0.435999,0,0,1,2
0.39,0.13,0.438999,0,0,1,2
0.39,0.13,0.441999,0,0,1,2
0.39,0.13,0.444999,0,0,1,2
0.39,0.13,0.447999,0,0,1,2
0.39,0.13,0.450999,0,0,1,2
0.39,0.133,0.25,0,0,1,2
0.39,0.133,0.253,0,0,1,2
0.39,0.133,0.256,0,0,1,2
0.39,0.133,0.259,0,0,1,2
0.39,0.133,0.262,0,0,1,2
0.39,0.133,0.265,0,0,1,2
0.39,0.133,0.268,0,0,1,2
0.39,0.133,0.271,0,0,1,2
0.39,0.133,0.274,0,0,1,2
0.39,0.133,0.277,0,0,1,2
0.39,0.133,0.28,0,0,1,2
0.39,0.133,0.283,0,0,1,2
0.39,0.133,0.286,0,0,1,2
0.39,0.133,0.289,0,0,1,2
0.39,0.133,0.292,0,0,1,2
0.39,0.133,0.295,0,0,1,2
0.39,0.133,0.298,0,0,1,2
0.39,0.133,0.301,0,0,1,2
0.39,0.133,0.304,0,0,1,2
0.39,0.133,0.307,0,0,1,2
0.39,0.133,0.31,0,0,1,2
0.39,0.133,0.313,0,0,1,2
0.39,0.133,0.316,0,0,1,2
0.39,0.133,0.319,0,0,1,2
0.39,0.133,0.322,0,0,1,2
0.39,0.133,0.325,0,0,1,2
0.39,0.133,0.328,0,0,1,2
0.39,0.133,0.331,0,0,1,2
0.39,0.133,0.334,0,0,1,2
0.39,0.133,0.337,0,0,1,2
0.39,0.133,0.34,0,0,1,2
0.39,0.133,0.343,0,0,1,2
0.39,0.133,0.346,0,0,1,2
0.39,0.133,0.349,0,0,1,2
0.39,0.133,0.352,0,0,1,2
0.39,0.133,0.355,0,0,1,2
0.39,0.133,0.358,0,0,1,2
0.39,0.133,0.361,0,0,1,2
0.39,0.133,0.364,0,0,1,2
0.39,0.133,0.367,0,0,1,2
0.39,0.133,0.37,0,0,1,2
0.39,0.133,0.373,0,0,1,2
0.39,0.133,0.376,0,0,1,2
0.39,0.133,0.379,0,0,1,2
0.39,0.133,0.382,0,0,1,2
0.39,0.133,0.385,0,0,1,2
0.39,0.133,0.388,0,0,1,2
0.39,0.133,0.391,0,0,1,2
0.39,0.133,0.394,0,0,1,2
0.39,0.133,0.397,0,0,1,2
0.39,0.133,0.4,0,0,1,2
0.39,0.133,0.403,0,0,1,2
0.39,0.133,0.406,0,0,1,2
0.39,0.133,0.409,0,0,1,2
0.39,0.133,0.412,0,0,1,2
0.39,0.133,0.415,0,0,1,2
0.39,0.133,0.418,0,0,1,2
0.39,0.133,0.420999,0,0,1,2
0.39,0.133,0.423999,0,0,1,2
0.39,0.133,0.426999,0,0,1,2
0.39,0.133,0.429999,0,0,1,2
0.39,0.133,0.432999,0,0,1,2
0.39,0.133,0.435999,0,0,1,2
0.39,0.133,0.438999,0,0,1,2
0.39,0.133,0.441999,0,0,1,2
0.39,0.133,0.444999,0,0,1,2
0.39,0.133,0.447999,0,0,1,2
0.39,0.133,0.450999,0,0,1,2
0.39,0.136,0.25,0,0,1,2
0.39,0.136,0.253,0,0,1,2
0.39,0.136,0.256,0,0,1,2
0.39,0.136,0.259,0,0,1,2
0.39,0.136,0.262,0,0,1,2
0.39,0.136,0.265,0,0,1,2
0.39,0.136,0.268,0,0,1,2
0.39,0.136,0.271,0,0,1,2
0.39,0.136,0.274,0,0,1,2
0.39,0.136,0.277,0,0,1,2
0.39,0.136,0.28,0,0,1,2
0.39,0.136,0.283,0,0,1,2
0.39,0.136,0.286,0,0,1,2
0.39,0.136,0.289,0,0,1,2
0.39,0.136,0.292,0,0,1,2
0.39,0.136,0.295,0,0,1,2
0.39,0.136,0.298,0,0,1,2
0.39,0.136,0.301,0,0,1,2
0.39,0.136,0.304,0,0,1,2
0.39,0.136,0.307,0,0,1,2
0.39,0.136,0.31,0,0,1,2
0.39,0.136,0.313,0,0,1,2
0.39,0.136,0.316,0,0,1,2
0.39,0.136,0.319,0,0,1,2
0.39,0.136,0.322,0,0,1,2
0.39,0.136,0.325,0,0,1,2
0.39,0.136,0.328,0,0,1,2
0.39,0.136,0.331,0,0,1,2
0.39,0.136,0.334,0,0,1,2
0.39,0.136,0.337,0,0,1,2
0.39,0.136,0.34,0,0,1,2
0.39,0.136,0.343,0,0,1,2
0.39,0.136,0.346,0,0,1,2
0.39,0.136,0.349,0,0,1,2
0.39,0.136,0.352,0,0,1,2
0.39,0.136,0.355,0,0,1,2
0.39,0.136,0.358,0,0,1,2
0.39,0.136,0.361,0,0,1,2
0.39,0.136,0.364,0,0,1,2
0.39,0.136,0.367,0,0,1,2
0.39,0.136,0.37,0,0,1,2
0.39,0.136,0.373,0,0,1,2
0.39,0.136,0.376,0,0,1,2
0.39,0.136,0.379,0,0,1,2
0.39,0.136,0.382,0,0,1,2
0.39,0.136,0.385,0,0,1,2
0.39,0.136,0.388,0,0,1,2
0.39,0.136,0.391,0,0,1,2
0.39,0.136,0.394,0,0,1,2
0.39,0.136,0.397,0,0,1,2
0.39,0.136,0.4,0,0,1,2
0.39,0.136,0.403,0,0,1,2
0.39,0.136,0.406,0,0,1,2
0.39,0.136,0.409,0,0,1,2
0.39,0.136,0.412,0,0,1,2
0.39,0.136,0.415,0,0,1,2
0.39,0.136,0.418,0,0,1,2
0.39,0.136,0.420999,0,0,1,2
0.39,0.136,0.423999,0,0,1,2
0.39,0.136,0.426999,0,0,1,2
0.39,0.136,0.429999,0,0,1,2
0.39,0.136,0.432999,0,0,1,2
0.39,0.136,0.435999,0,0,1,2
0.39,0.136,0.438999,0,0,1,2
0.39,0.136,0.441999,0,0,1,2
0.39,0.136,0.444999,0,0,1,2
0.39,0.136,0.447999,0,0,1,2
0.39,0.136,0.450999,0,0,1,2
0.39,0.139,0.25,0,0,1,2
0.39,0.139,0.253,0,0,1,2
0.39,0.139,0.256,0,0,1,2
0.39,0.139,0.259,0,0,1,2
0.39,0.139,0.262,0,0,1,2
0.39,0.139,0.265,0,0,1,2
0.39,0.139,0.268,0,0,1,2
0.39,0.139,0.271,0,0,1,2
0.39,0.139,0.274,0,0,1,2
0.39,0.139,0.277,0,0,1,2
0.39,0.139,0.28,0,0,1,2
0.39,0.139,0.283,0,0,1,2
0.39,0.139,0.286,0,0,1,2
0.39,0.139,0.289,0,0,1,2
0.39,0.139,0.292,0,0,1,2
0.39,0.139,0.295,0,0,1,2
0.39,0.139,0.298,0,0,1,2
0.39,0.139,0.301,0,0,1,2
0.39,0.139,0.304,0,0,1,2
0.39,0.139,0.307,0,0,1,2
0.39,0.139,0.31,0,0,1,2
0.39,0.139,0.313,0,0,1,2
0.39,0.139,0.316,0,0,1,2
0.39,0.139,0.319,0,0,1,2
0.39,0.139,0.322,0,0,1,2
0.39,0.139,0.325,0,0,1,2
0.39,0.139,0.328,0,0,1,2
0.39,0.139,0.331,0,0,1,2
0.39,0.139,0.334,0,0,1,2
0.39,0.139,0.337,0,0,1,2
0.39,0.139,0.34,0,0,1,2
0.39,0.139,0.343,0,0,1,2
0.39,0.139,0.346,0,0,1,2
0.39,0.139,0.349,0,0,1,2
0.39,0.139,0.352,0,0,1,2
0.39,0.139,0.355,0,0,1,2
0.39,0.139,0.358,0,0,1,2
0.39,0.139,0.361,0,0,1,2
0.39,0.139,0.364,0,0,1,2
0.39,0.139,0.367,0,0,1,2
0.39,0.139,0.37,0,0,1,2
0.39,0.139,0.373,0,0,1,2
0.39,0.139,0.376,0,0,1,2
0.39,0.139,0.379,0,0,1,2
0.39,0.139,0.382,0,0,1,2
0.39,0.139,0.385,0,0,1,2
0.39,0.139,0.388,0,0,1,2
0.39,0.139,0.391,0,0,1,2
0.39,0.139,0.394,0,0,1,2
0.39,0.139,0.397,0,0,1,2
0.39,0.139,0.4,0,0,1,2
0.39,0.139,0.403,0,0,1,2
0.39,0.139,0.406,0,0,1,2
0.39,0.139,0.409,0,0,1,2
0.39,0.139,0.412,0,0,1,2
0.39,0.139,0.415,0,0,1,2
0.39,0.139,0.418,0,0,1,2
0.39,0.139,0.420999,0,0,1,2
0.39,0.139,0.423999,0,0,1,2
0.39,0.139,0.426999,0,0,1,2
0.39,0.139,0.429999,0,0,1,2
0.39,0.139,0.432999,0,0,1,2
0.39,0.139,0.435999,0,0,1,2
0.39,0.139,0.438999,0,0,1,2
0.39,0.139,0.441999,0,0,1,2
0.39,0.139,0.444999,0,0,1,2
0.39,0.139,0.447999,0,0,1,2
0.39,0.139,0.450999,0,0,1,2
0.39,0.142,0.25,0,0,1,2
0.39,0.142,0.253,0,0,1,2
0.39,0.142,0.256,0,0,1,2
0.39,0.142,0.259,0,0,1,2
0.39,0.142,0.262,0,0,1,2
0.39,0.142,0.265,0,0,1,2
0.39,0.142,0.268,0,0,1,2
0.39,0.142,0.271,0,0,1,2
0.39,0.142,0.274,0,0,1,2
0.39,0.142,0.277,0,0,1,2
0.39,0.142,0.28,0,0,1,2
0.39,0.142,0.283,0,0,1,2
0.39,0.142,0.286,0,0,1,2
0.39,0.142,0.289,0,0,1,2
0.39,0.142,0.292,0,0,1,2
0.39,0.142,0.295,0,0,1,2
0.39,0.142,0.298,0,0,1,2
0.39,0.142,0.301,0,0,1,2
0.39,0.142,0.304,0,0,1,2
0.39,0.142,0.307,0,0,1,2
0.39,0.142,0.31,0,0,1,2
0.39,0.142,0.313,0,0,1,2
0.39,0.142,0.316,0,0,1,2
0.39,0.142,0.319,0,0,1,2
0.39,0.142,0.322,0,0,1,2
0.39,0.142,0.325,0,0,1,2
0.39,0.142,0.328,0,0,1,2
0.39,0.142,0.331,0,0,1,2
0.39,0.142,0.334,0,0,1,2
0.39,0.142,0.337,0,0,1,2
0.39,0.142,0.34,0,0,1,2
0.39,0.142,0.343,0,0,1,2
0.39,0.142,0.346,0,0,1,2
0.39,0.142,0.349,0,0,1,2
0.39,0.142,0.352,0,0,1,2
0.39,0.142,0.355,0,0,1,2
0.39,0.142,0.358,0,0,1,2
0.39,0.142,0.361,0,0,1,2
0.39,0.142,0.364,0,0,1,2
0.39,0.142,0.367,0,0,1,2
0.39,0.142,0.37,0,0,1,2
0.39,0.142,0.373,0,0,1,2
0.39,0.142,0.376,0,0,1,2
0.39,0.142,0.379,0,0,1,2
0.39,0.142,0.382,0,0,1,2
0.39,0.142,0.385,0,0,1,2
0.39,0.142,0.388,0,0,1,2
0.39,0.142,0.391,0,0,1,2
0.39,0.142,0.394,0,0,1,2
0.39,0.142,0.397,0,0,1,2
0.39,0.142,0.4,0,0,1,2
0.39,0.142,0.403,0,0,1,2
0.39,0.142,0.406,0,0,1,2
0.39,0.142,0.409,0,0,1,2
0.39,0.142,0.412,0,0,1,2
0.39,0.142,0.415,0,0,1,2
0.39,0.142,0.418,0,0,1,2
0.39,0.142,0.420999,0,0,1,2
0.39,0.142,0.423999,0,0,1,2
0.39,0.142,0.426999,0,0,1,2
0.39,0.142,0.429999,0,0,1,2
0.39,0.142,0.432999,0,0,1,2
0.39,0.142,0.435999,0,0,1,2
0.39,0.142,0.438999,0,0,1,2
0.39,0.142,0.441999,0,0,1,2
0.39,0.142,0.444999,0,0,1,2
0.39,0.142,0.447999,0,0,1,2
0.39,0.142,0.450999,0,0,1,2
0.39,0.145,0.25,0,0,1,2
0.39,0.145,0.253,0,0,1,2
0.39,0.145,0.256,0,0,1,2
0.39,0.145,0.259,0,0,1,2
0.39,0.145,0.262,0,0,1,2
0.39,0.145,0.265,0,0,1,2
0.39,0.145,0.268,0,0,1,2
0.39,0.145,0.271,0,0,1,2
0.39,0.145,0.274,0,0,1,2
0.39,0.145,0.277,0,0,1,2
0.39,0.145,0.28,0,0,1,2
0.39,0.145,0.283,0,0,1,2
0.39,0.145,0.286,0,0,1,2
0.39,0.145,0.289,0,0,1,2
0.39,0.145,0.292,0,0,1,2
0.39,0.145,0.295,0,0,1,2
0.39,0.145,0.298,0,0,1,2
0.39,0.145,0.301,0,0,1,2
0.39,0.145,0.304,0,0,1,2
0.39,0.145,0.307,0,0,1,2
0.39,0.145,0.31,0,0,1,2
0.39,0.145,0.313,0,0,1,2
0.39,0.145,0.316,0,0,1,2
0.39,0.145,0.319,0,0,1,2
0.39,0.145,0.322,0,0,1,2
0.39,0.145,0.325,0,0,1,2
0.39,0.145,0.328,0,0,1,2
0.39,0.145,0.331,0,0,1,2
0.39,0.145,0.334,0,0,1,2
0.39,0.145,0.337,0,0,1,2
0.39,0.145,0.34,0,0,1,2
0.39,0.145,0.343,0,0,1,2
0.39,0.145,0.346,0,0,1,2
0.39,0.145,0.349,0,0,1,2
0.39,0.145,0.352,0,0,1,2
0.39,0.145,0.355,0,0,1,2
0.39,0.145,0.358,0,0,1,2
0.39,0.145,0.361,0,0,1,2
0.39,0.145,0.364,0,0,1,2
0.39,0.145,0.367,0,0,1,2
0.39,0.145,0.37,0,0,1,2
0.39,0.145,0.373,0,0,1,2
0.39,0.145,0.376,0,0,1,2
0.39,0.145,0.379,0,0,1,2
0.39,0.145,0.382,0,0,1,2
0.39,0.145,0.385,0,0,1,2
0.39,0.145,0.388,0,0,1,2
0.39,0.145,0.391,0,0,1,2
0.39,0.145,0.394,0,0,1,2
0.39,0.145,0.397,0,0,1,2
0.39,0.145,0.4,0,0,1,2
0.39,0.145,0.403,0,0,1,2
0.39,0.145,0.406,0,0,1,2
0.39,0.145,0.409,0,0,1,2
0.39,0.145,0.412,0,0,1,2
0.39,0.145,0.415,0,0,1,2
0.39,0.145,0.418,0,0,1,2
0.39,0.145,0.420999,0,0,1,2
0.39,0.145,0.423999,0,0,1,2
0.39,0.145,0.426999,0,0,1,2
0.39,0.145,0.429999,0,0,1,2
0.39,0.145,0.432999,0,0,1,2
0.39,0.145,0.435999,0,0,1,2
0.39,0.145,0.438999,0,0,1,2
0.39,0.145,0.441999,0,0,1,2
0.39,0.145,0.444999,0,0,1,2
0.39,0.145,0.447999,0,0,1,2
0.39,0.145,0.450999,0,0,1,2
0.39,0.148,0.25,0,0,1,2
0.39,0.148,0.253,0,0,1,2
0.39,0.148,0.256,0,0,1,2
0.39,0.148,0.259,0,0,1,2
0.39,0.148,0.262,0,0,1,2
0.39,0.148,0.265,0,0,1,2
0.39,0.148,0.268,0,0,1,2
0.39,0.148,0.271,0,0,1,2
0.39,0.148,0.274,0,0,1,2
0.39,0.148,0.277,0,0,1,2
0.39,0.148,0.28,0,0,1,2
0.39,0.148,0.283,0,0,1,2
0.39,0.148,0.286,0,0,1,2
0.39,0.148,0.289,0,0,1,2
0.39,0.148,0.292,0,0,1,2
0.39,0.148,0.295,0,0,1,2
0.39,0.148,0.298,0,0,1,2
0.39,0.148,0.301,0,0,1,2
0.39,0.148,0.304,0,0,1,2
0.39,0.148,0.307,0,0,1,2
0.39,0.148,0.31,0,0,1,2
0.39,0.148,0.313,0,0,1,2
0.39,0.148,0.316,0,0,1,2
0.39,0.148,0.319,0,0,1,2
0.39,0.148,0.322,0,0,1,2
0.39,0.148,0.325,0,0,1,2
0.39,0.148,0.328,0,0,1,2
0.39,0.148,0.331,0,0,1,2
0.39,0.148,0.334,0,0,1,2
0.39,0.148,0.337,0,0,1,2
0.39,0.148,0.34,0,0,1,2
0.39,0.148,0.343,0,0,1,2
0.39,0.148,0.346,0,0,1,2
0.39,0.148,0.349,0,0,1,2
0.39,0.148,0.352,0,0,1,2
0.39,0.148,0.355,0,0,1,2
0.39,0.148,0.358,0,0,1,2
0.39,0.148,0.361,0,0,1,2
0.39,0.148,0.364,0,0,1,2
0.39,0.148,0.367,0,0,1,2
0.39,0.148,0.37,0,0,1,2
0.39,0.148,0.373,0,0,1,2
0.39,0.148,0.376,0,0,1,2
0.39,0.148,0.379,0,0,1,2
0.39,0.148,0.382,0,0,1,2
0.39,0.148,0.385,0,0,1,2
0.39,0.148,0.388,0,0,1,2
0.39,0.148,0.391,0,0,1,2
0.39,0.148,0.394,0,0,1,2
0.39,0.148,0.397,0,0,1,2
0.39,0.148,0.4,0,0,1,2
0.39,0.148,0.403,0,0,1,2
0.39,0.148,0.406,0,0,1,2
0.39,0.148,0.409,0,0,1,2
0.39,0.148,0.412,0,0,1,2
0.39,0.148,0.415,0,0,1,2
0.39,0.148,0.418,0,0,1,2
0.39,0.148,0.420999,0,0,1,2
0.39,0.148,0.423999,0,0,1,2
0.39,0.148,0.426999,0,0,1,2
0.39,0.148,0.429999,0,0,1,2
0.39,0.148,0.432999,0,0,1,2
0.39,0.148,0.435999,0,0,1,2
0.39,0.148,0.438999,0,0,1,2
0.39,0.148,0.441999,0,0,1,2
0.39,0.148,0.444999,0,0,1,2
0.39,0.148,0.447999,0,0,1,2
0.39,0.148,0.450999,0,0,1,2
0.39,0.151,0.25,0,0,1,2
0.39,0.151,0.253,0,0,1,2
0.39,0.151,0.256,0,0,1,2
0.39,0.151,0.259,0,0,1,2
0.39,0.151,0.262,0,0,1,2
0.39,0.151,0.265,0,0,1,2
0.39,0.151,0.268,0,0,1,2
0.39,0.151,0.271,0,0,1,2
0.39,0.151,0.274,0,0,1,2
0.39,0.151,0.277,0,0,1,2
0.39,0.151,0.28,0,0,1,2
0.39,0.151,0.283,0,0,1,2
0.39,0.151,0.286,0,0,1,2
0.39,0.151,0.289,0,0,1,2
0.39,0.151,0.292,0,0,1,2
0.39,0.151,0.295,0,0,1,2
0.39,0.151,0.298,0,0,1,2
0.39,0.151,0.301,0,0,1,2
0.39,0.151,0.304,0,0,1,2
0.39,0.151,0.307,0,0,1,2
0.39,0.151,0.31,0,0,1,2
0.39,0.151,0.313,0,0,1,2
0.39,0.151,0.316,0,0,1,2
0.39,0.151,0.319,0,0,1,2
0.39,0.151,0.322,0,0,1,2
0.39,0.151,0.325,0,0,1,2
0.39,0.151,0.328,0,0,1,2
0.39,0.151,0.331,0,0,1,2
0.39,0.151,0.334,0,0,1,2
0.39,0.151,0.337,0,0,1,2
0.39,0.151,0.34,0,0,1,2
0.39,0.151,0.343,0,0,1,2
0.39,0.151,0.346,0,0,1,2
0.39,0.151,0.349,0,0,1,2
0.39,0.151,0.352,0,0,1,2
0.39,0.151,0.355,0,0,1,2
0.39,0.151,0.358,0,0,1,2
0.39,0.151,0.361,0,0,1,2
0.39,0.151,0.364,0,0,1,2
0.39,0.151,0.367,0,0,1,2
0.39,0.151,0.37,0,0,1,2
0.39,0.151,0.373,0,0,1,2
0.39,0.151,0.376,0,0,1,2
0.39,0.151,0.379,0,0,1,2
0.39,0.151,0.382,0,0,1,2
0.39,0.151,0.385,0,0,1,2
0.39,0.151,0.388,0,0,1,2
0.39,0.151,0.391,0,0,1,2
0.39,0.151,0.394,0,0,1,2
0.39,0.151,0.397,0,0,1,2
0.39,0.151,0.4,0,0,1,2
0.39,0.151,0.403,0,0,1,2
0.39,0.151,0.406,0,0,1,2
0.39,0.151,0.409,0,0,1,2
0.39,0.151,0.412,0,0,1,2
0.39,0.151,0.415,0,0,1,2
0.39,0.151,0.418,0,0,1,2
0.39,0.151,0.420999,0,0,1,2
0.39,0.151,0.423999,0,0,1,2
0.39,0.151,0.426999,0,0,1,2
0.39,0.151,0.429999,0,0,1,2
0.39,0.151,0.432999,0,0,1,2
0.39,0.151,0.435999,0,0,1,2
0.39,0.151,0.438999,0,0,1,2
0.39,0.151,0.441999,0,0,1,2
0.39,0.151,0.444999,0,0,1,2
0.39,0.151,0.447999,0,0,1,2
0.39,0.151,0.450999,0,0,1,2
0.39,0.154,0.25,0,0,1,2
0.39,0.154,0.253,0,0,1,2
0.39,0.154,0.256,0,0,1,2
0.39,0.154,0.259,0,0,1,2
0.39,0.154,0.262,0,0,1,2
0.39,0.154,0.265,0,0,1,2
0.39,0.154,0.268,0,0,1,2
0.39,0.154,0.271,0,0,1,2
0.39,0.154,0.274,0,0,1,2
0.39,0.154,0.277,0,0,1,2
0.39,0.154,0.28,0,0,1,2
0.39,0.154,0.283,0,0,1,2
0.39,0.154,0.286,0,0,1,2
0.39,0.154,0.289,0,0,1,2
0.39,0.154,0.292,0,0,1,2
0.39,0.154,0.295,0,0,1,2
0.39,0.154,0.298,0,0,1,2
0.39,0.154,0.301,0,0,1,2
0.39,0.154,0.304,0,0,1,2
0.39,0.154,0.307,0,0,1,2
0.39,0.154,0.31,0,0,1,2
0.39,0.154,0.313,0,0,1,2
0.39,0.154,0.316,0,0,1,2
0.39,0.154,0.319,0,0,1,2
0.39,0.154,0.322,0,0,1,2
0.39,0.154,0.325,0,0,1,2
0.39,0.154,0.328,0,0,1,2
0.39,0.154,0.331,0,0,1,2
0.39,0.154,0.334,0,0,1,2
0.39,0.154,0.337,0,0,1,2
0.39,0.154,0.34,0,0,1,2
0.39,0.154,0.343,0,0,1,2
0.39,0.154,0.346,0,0,1,2
0.39,0.154,0.349,0,0,1,2
0.39,0.154,0.352,0,0,1,2
0.39,0.154,0.355,0,0,1,2
0.39,0.154,0.358,0,0,1,2
0.39,0.154,0.361,0,0,1,2
0.39,0.154,0.364,0,0,1,2
0.39,0.154,0.367,0,0,1,2
0.39,0.154,0.37,0,0,1,2
0.39,0.154,0.373,0,0,1,2
0.39,0.154,0.376,0,0,1,2
0.39,0.154,0.379,0,0,1,2
0.39,0.154,0.382,0,0,1,2
0.39,0.154,0.385,0,0,1,2
0.39,0.154,0.388,0,0,1,2
0.39,0.154,0.391,0,0,1,2
0.39,0.154,0.394,0,0,1,2
0.39,0.154,0.397,0,0,1,2
0.39,0.154,0.4,0,0,1,2
0.39,0.154,0.403,0,0,1,2
0.39,0.154,0.406,0,0,1,2
0.39,0.154,0.409,0,0,1,2
0.39,0.154,0.412,0,0,1,2
0.39,0.154,0.415,0,0,1,2
0.39,0.154,0.418,0,0,1,2
0.39,0.154,0.420999,0,0,1,2
0.39,0.154,0.423999,0,0,1,2
0.39,0.154,0.426999,0,0,1,2
0.39,0.154,0.429999,0,0,1,2
0.39,0.154,0.432999,0,0,1,2
0.39,0.154,0.435999,0,0,1,2
0.39,0.154,0.438999,0,0,1,2
0.39,0.154,0.441999,0,0,1,2
0.39,0.154,0.444999,0,0,1,2
0.39,0.154,0.447999,0,0,1,2
0.39,0.154,0.450999,0,0,1,2
0.39,0.157,0.25,0,0,1,2
0.39,0.157,0.253,0,0,1,2
0.39,0.157,0.256,0,0,1,2
0.39,0.157,0.259,0,0,1,2
0.39,0.157,0.262,0,0,1,2
0.39,0.157,0.265,0,0,1,2
0.39,0.157,0.268,0,0,1,2
0.39,0.157,0.271,0,0,1,2
0.39,0.157,0.274,0,0,1,2
0.39,0.157,0.277,0,0,1,2
0.39,0.157,0.28,0,0,1,2
0.39,0.157,0.283,0,0,1,2
0.39,0.157,0.286,0,0,1,2
0.39,0.157,0.289,0,0,1,2
0.39,0.157,0.292,0,0,1,2
0.39,0.157,0.295,0,0,1,2
0.39,0.157,0.298,0,0,1,2
0.39,0.157,0.301,0,0,1,2
0.39,0.157,0.304,0,0,1,2
0.39,0.157,0.307,0,0,1,2
0.39,0.157,0.31,0,0,1,2
0.39,0.157,0.313,0,0,1,2
0.39,0.157,0.316,0,0,1,2
0.39,0.157,0.319,0,0,1,2
0.39,0.157,0.322,0,0,1,2
0.39,0.157,0.325,0,0,1,2
0.39,0.157,0.328,0,0,1,2
0.39,0.157,0.331,0,0,1,2
0.39,0.157,0.334,0,0,1,2
0.39,0.157,0.337,0,0,1,2
0.39,0.157,0.34,0,0,1,2
0.39,0.157,0.343,0,0,1,2
0.39,0.157,0.346,0,0,1,2
0.39,0.157,0.349,0,0,1,2
0.39,0.157,0.352,0,0,1,2
0.39,0.157,0.355,0,0,1,2
0.39,0.157,0.358,0,0,1,2
0.39,0.157,0.361,0,0,1,2
0.39,0.157,0.364,0,0,1,2
0.39,0.157,0.367,0,0,1,2
0.39,0.157,0.37,0,0,1,2
0.39,0.157,0.373,0,0,1,2
0.39,0.157,0.376,0,0,1,2
0.39,0.157,0.379,0,0,1,2
0.39,0.157,0.382,0,0,1,2
0.39,0.157,0.385,0,0,1,2
0.39,0.157,0.388,0,0,1,2
0.39,0.157,0.391,0,0,1,2
0.39,0.157,0.394,0,0,1,2
0.39,0.157,0.397,0,0,1,2
0.39,0.157,0.4,0,0,1,2
0.39,0.157,0.403,0,0,1,2
0.39,0.157,0.406,0,0,1,2
0.39,0.157,0.409,0,0,1,2
0.39,0.157,0.412,0,0,1,2
0.39,0.157,0.415,0,0,1,2
0.39,0.157,0.418,0,0,1,2
0.39,0.157,0.420999,0,0,1,2
0.39,0.157,0.423999,0,0,1,2
0.39,0.157,0.426999,0,0,1,2
0.39,0.157,0.429999,0,0,1,2
0.39,0.157,0.432999,0,0,1,2
0.39,0.157,0.435999,0,0,1,2
0.39,0.157,0.438999,0,0,1,2
0.39,0.157,0.441999,0,0,1,2
0.39,0.157,0.444999,0,0,1,2
0.39,0.157,0.447999,0,0,1,2
0.39,0.157,0.450999,0,0,1,2
0.39,0.16,0.25,0,0,1,2
0.39,0.16,0.253,0,0,1,2
0.39,0.16,0.256,0,0,1,2
0.39,0.16,0.259,0,0,1,2
0.39,0.16,0.262,0,0,1,2
0.39,0.16,0.265,0,0,1,2
0.39,0.16,0.268,0,0,1,2
0.39,0.16,0.271,0,0,1,2
0.39,0.16,0.274,0,0,1,2
0.39,0.16,0.277,0,0,1,2
0.39,0.16,0.28,0,0,1,2
0.39,0.16,0.283,0,0,1,2
0.39,0.16,0.286,0,0,1,2
0.39,0.16,0.289,0,0,1,2
0.39,0.16,0.292,0,0,1,2
0.39,0.16,0.295,0,0,1,2
0.39,0.16,0.298,0,0,1,2
0.39,0.16,0.301,0,0,1,2
0.39,0.16,0.304,0,0,1,2
0.39,0.16,0.307,0,0,1,2
0.39,0.16,0.31,0,0,1,2
0.39,0.16,0.313,0,0,1,2
0.39,0.16,0.316,0,0,1,2
0.39,0.16,0.319,0,0,1,2
0.39,0.16,0.322,0,0,1,2
0.39,0.16,0.325,0,0,1,2
0.39,0.16,0.328,0,0,1,2
0.39,0.16,0.331,0,0,1,2
0.39,0.16,0.334,0,0,1,2
0.39,0.16,0.337,0,0,1,2
0.39,0.16,0.34,0,0,1,2
0.39,0.16,0.343,0,0,1,2
0.39,0.16,0.346,0,0,1,2
0.39,0.16,0.349,0,0,1,2
0.39,0.16,0.352,0,0,1,2
0.39,0.16,0.355,0,0,1,2
0.39,0.16,0.358,0,0,1,2
0.39,0.16,0.361,0,0,1,2
0.39,0.16,0.364,0,0,1,2
0.39,0.16,0.367,0,0,1,2
0.39,0.16,0.37,0,0,1,2
0.39,0.16,0.373,0,0,1,2
0.39,0.16,0.376,0,0,1,2
0.39,0.16,0.379,0,0,1,2
0.39,0.16,0.382,0,0,1,2
0.39,0.16,0.385,0,0,1,2
0.39,0.16,0.388,0,0,1,2
0.39,0.16,0.391,0,0,1,2
0.39,0.16,0.394,0,0,1,2
0.39,0.16,0.397,0,0,1,2
0.39,0.16,0.4,0,0,1,2
0.39,0.16,0.403,0,0,1,2
0.39,0.16,0.406,0,0,1,2
0.39,0.16,0.409,0,0,1,2
0.39,0.16,0.412,0,0,1,2
0.39,0.16,0.415,0,0,1,2
0.39,0.16,0.418,0,0,1,2
0.39,0.16,0.420999,0,0,1,2
0.39,0.16,0.423999,0,0,1,2
0.39,0.16,0.426999,0,0,1,2
0.39,0.16,0.429999,0,0,1,2
0.39,0.16,0.432999,0,0,1,2
0.39,0.16,0.435999,0,0,1,2
0.39,0.16,0.438999,0,0,1,2
0.39,0.16,0.441999,0,0,1,2
0.39,0.16,0.444999,0,0,1,2
0.39,0.16,0.447999,0,0,1,2
0.39,0.16,0.450999,0,0,1,2
0.39,0.163,0.25,0,0,1,2
0.39,0.163,0.253,0,0,1,2
0.39,0.163,0.256,0,0,1,2
0.39,0.163,0.259,0,0,1,2
0.39,0.163,0.262,0,0,1,2
0.39,0.163,0.265,0,0,1,2
0.39,0.163,0.268,0,0,1,2
0.39,0.163,0.271,0,0,1,2
0.39,0.163,0.274,0,0,1,2
0.39,0.163,0.277,0,0,1,2
0.39,0.163,0.28,0,0,1,2
0.39,0.163,0.283,0,0,1,2
0.39,0.163,0.286,0,0,1,2
0.39,0.163,0.289,0,0,1,2
0.39,0.163,0.292,0,0,1,2
0.39,0.163,0.295,0,0,1,2
0.39,0.163,0.298,0,0,1,2
0.39,0.163,0.301,0,0,1,2
0.39,0.163,0.304,0,0,1,2
0.39,0.163,0.307,0,0,1,2
0.39,0.163,0.31,0,0,1,2
0.39,0.163,0.313,0,0,1,2
0.39,0.163,0.316,0,0,1,2
0.39,0.163,0.319,0,0,1,2
0.39,0.163,0.322,0,0,1,2
0.39,0.163,0.325,0,0,1,2
0.39,0.163,0.328,0,0,1,2
0.39,0.163,0.331,0,0,1,2
0.39,0.163,0.334,0,0,1,2
0.39,0.163,0.337,0,0,1,2
0.39,0.163,0.34,0,0,1,2
0.39,0.163,0.343,0,0,1,2
0.39,0.163,0.346,0,0,1,2
0.39,0.163,0.349,0,0,1,2
0.39,0.163,0.352,0,0,1,2
0.39,0.163,0.355,0,0,1,2
0.39,0.163,0.358,0,0,1,2
0.39,0.163,0.361,0,0,1,2
0.39,0.163,0.364,0,0,1,2
0.39,0.163,0.367,0,0,1,2
0.39,0.163,0.37,0,0,1,2
0.39,0.163,0.373,0,0,1,2
0.39,0.163,0.376,0,0,1,2
0.39,0.163,0.379,0,0,1,2
0.39,0.163,0.382,0,0,1,2
0.39,0.163,0.385,0,0,1,2
0.39,0.163,0.388,0,0,1,2
0.39,0.163,0.391,0,0,1,2
0.39,0.163,0.394,0,0,1,2
0.39,0.163,0.397,0,0,1,2
0.39,0.163,0.4,0,0,1,2
0.39,0.163,0.403,0,0,1,2
0.39,0.163,0.406,0,0,1,2
0.39,0.163,0.409,0,0,1,2
0.39,0.163,0.412,0,0,1,2
0.39,0.163,0.415,0,0,1,2
0.39,0.163,0.418,0,0,1,2
0.39,0.163,0.420999,0,0,1,2
0.39,0.163,0.423999,0,0,1,2
0.39,0.163,0.426999,0,0,1,2
0.39,0.163,0.429999,0,0,1,2
0.39,0.163,0.432999,0,0,1,2
0.39,0.163,0.435999,0,0,1,2
0.39,0.163,0.438999,0,0,1,2
0.39,0.163,0.441999,0,0,1,2
0.39,0.163,0.444999,0,0,1,2
0.39,0.163,0.447999,0,0,1,2
0.39,0.163,0.450999,0,0,1,2
0.39,0.166,0.25,0,0,1,2
0.39,0.166,0.253,0,0,1,2
0.39,0.166,0.256,0,0,1,2
0.39,0.166,0.259,0,0,1,2
0.39,0.166,0.262,0,0,1,2
0.39,0.166,0.265,0,0,1,2
0.39,0.166,0.268,0,0,1,2
0.39,0.166,0.271,0,0,1,2
0.39,0.166,0.274,0,0,1,2
0.39,0.166,0.277,0,0,1,2
0.39,0.166,0.28,0,0,1,2
0.39,0.166,0.283,0,0,1,2
0.39,0.166,0.286,0,0,1,2
0.39,0.166,0.289,0,0,1,2
0.39,0.166,0.292,0,0,1,2
0.39,0.166,0.295,0,0,1,2
0.39,0.166,0.298,0,0,1,2
0.39,0.166,0.301,0,0,1,2
0.39,0.166,0.304,0,0,1,2
0.39,0.166,0.307,0,0,1,2
0.39,0.166,0.31,0,0,1,2
0.39,0.166,0.313,0,0,1,2
0.39,0.166,0.316,0,0,1,2
0.39,0.166,0.319,0,0,1,2
0.39,0.166,0.322,0,0,1,2
0.39,0.166,0.325,0,0,1,2
0.39,0.166,0.328,0,0,1,2
0.39,0.166,0.331,0,0,1,2
0.39,0.166,0.334,0,0,1,2
0.39,0.166,0.337,0,0,1,2
0.39,0.166,0.34,0,0,1,2
0.39,0.166,0.343,0,0,1,2
0.39,0.166,0.346,0,0,1,2
0.39,0.166,0.349,0,0,1,2
0.39,0.166,0.352,0,0,1,2
0.39,0.166,0.355,0,0,1,2
0.39,0.166,0.358,0,0,1,2
0.39,0.166,0.361,0,0,1,2
0.39,0.166,0.364,0,0,1,2
0.39,0.166,0.367,0,0,1,2
0.39,0.166,0.37,0,0,1,2
0.39,0.166,0.373,0,0,1,2
0.39,0.166,0.376,0,0,1,2
0.39,0.166,0.379,0,0,1,2
0.39,0.166,0.382,0,0,1,2
0.39,0.166,0.385,0,0,1,2
0.39,0.166,0.388,0,0,1,2
0.39,0.166,0.391,0,0,1,2
0.39,0.166,0.394,0,0,1,2
0.39,0.166,0.397,0,0,1,2
0.39,0.166,0.4,0,0,1,2
0.39,0.166,0.403,0,0,1,2
0.39,0.166,0.406,0,0,1,2
0.39,0.166,0.409,0,0,1,2
0.39,0.166,0.412,0,0,1,2
0.39,0.166,0.415,0,0,1,2
0.39,0.166,0.418,0,0,1,2
0.39,0.166,0.420999,0,0,1,2
0.39,0.166,0.423999,0,0,1,2
0.39,0.166,0.426999,0,0,1,2
0.39,0.166,0.429999,0,0,1,2
0.39,0.166,0.432999,0,0,1,2
0.39,0.166,0.435999,0,0,1,2
0.39,0.166,0.438999,0,0,1,2
0.39,0.166,0.441999,0,0,1,2
0.39,0.166,0.444999,0,0,1,2
0.39,0.166,0.447999,0,0,1,2
0.39,0.166,0.450999,0,0,1,2
0.39,0.169,0.25,0,0,1,2
0.39,0.169,0.253,0,0,1,2
0.39,0.169,0.256,0,0,1,2
0.39,0.169,0.259,0,0,1,2
0.39,0.169,0.262,0,0,1,2
0.39,0.169,0.265,0,0,1,2
0.39,0.169,0.268,0,0,1,2
0.39,0.169,0.271,0,0,1,2
0.39,0.169,0.274,0,0,1,2
0.39,0.169,0.277,0,0,1,2
0.39,0.169,0.28,0,0,1,2
0.39,0.169,0.283,0,0,1,2
0.39,0.169,0.286,0,0,1,2
0.39,0.169,0.289,0,0,1,2
0.39,0.169,0.292,0,0,1,2
0.39,0.169,0.295,0,0,1,2
0.39,0.169,0.298,0,0,1,2
0.39,0.169,0.301,0,0,1,2
0.39,0.169,0.304,0,0,1,2
0.39,0.169,0.307,0,0,1,2
0.39,0.169,0.31,0,0,1,2
0.39,0.169,0.313,0,0,1,2
0.39,0.169,0.316,0,0,1,2
0.39,0.169,0.319,0,0,1,2
0.39,0.169,0.322,0,0,1,2
0.39,0.169,0.325,0,0,1,2
0.39,0.169,0.328,0,0,1,2
0.39,0.169,0.331,0,0,1,2
0.39,0.169,0.334,0,0,1,2
0.39,0.169,0.337,0,0,1,2
0.39,0.169,0.34,0,0,1,2
0.39,0.169,0.343,0,0,1,2
0.39,0.169,0.346,0,0,1,2
0.39,0.169,0.349,0,0,1,2
0.39,0.169,0.352,0,0,1,2
0.39,0.169,0.355,0,0,1,2
0.39,0.169,0.358,0,0,1,2
0.39,0.169,0.361,0,0,1,2
0.39,0.169,0.364,0,0,1,2
0.39,0.169,0.367,0,0,1,2
0.39,0.169,0.37,0,0,1,2
0.39,0.169,0.373,0,0,1,2
0.39,0.169,0.376,0,0,1,2
0.39,0.169,0.379,0,0,1,2
0.39,0.169,0.382,0,0,1,2
0.39,0.169,0.385,0,0,1,2
0.39,0.169,0.388,0,0,1,2
0.39,0.169,0.391,0,0,1,2
0.39,0.169,0.394,0,0,1,2
0.39,0.169,0.397,0,0,1,2
0.39,0.169,0.4,0,0,1,2
0.39,0.169,0.403,0,0,1,2
0.39,0.169,0.406,0,0,1,2
0.39,0.169,0.409,0,0,1,2
0.39,0.169,0.412,0,0,1,2
0.39,0.169,0.415,0,0,1,2
0.39,0.169,0.418,0,0,1,2
0.39,0.169,0.420999,0,0,1,2
0.39,0.169,0.423999,0,0,1,2
0.39,0.169,0.426999,0,0,1,2
0.39,0.169,0.429999,0,0,1,2
0.39,0.169,0.432999,0,0,1,2
0.39,0.169,0.435999,0,0,1,2
0.39,0.169,0.438999,0,0,1,2
0.39,0.169,0.441999,0,0,1,2
0.39,0.169,0.444999,0,0,1,2
0.39,0.169,0.447999,0,0,1,2
0.39,0.169,0.450999,0,0,1,2
0.39,0.172,0.25,0,0,1,2
0.39,0.172,0.253,0,0,1,2
0.39,0.172,0.256,0,0,1,2
0.39,0.172,0.259,0,0,1,2
0.39,0.172,0.262,0,0,1,2
0.39,0.172,0.265,0,0,1,2
0.39,0.172,0.268,0,0,1,2
0.39,0.172,0.271,0,0,1,2
0.39,0.172,0.274,0,0,1,2
0.39,0.172,0.277,0,0,1,2
0.39,0.172,0.28,0,0,1,2
0.39,0.172,0.283,0,0,1,2
0.39,0.172,0.286,0,0,1,2
0.39,0.172,0.289,0,0,1,2
0.39,0.172,0.292,0,0,1,2
0.39,0.172,0.295,0,0,1,2
0.39,0.172,0.298,0,0,1,2
0.39,0.172,0.301,0,0,1,2
0.39,0.172,0.304,0,0,1,2
0.39,0.172,0.307,0,0,1,2
0.39,0.172,0.31,0,0,1,2
0.39,0.172,0.313,0,0,1,2
0.39,0.172,0.316,0,0,1,2
0.39,0.172,0.319,0,0,1,2
0.39,0.172,0.322,0,0,1,2
0.39,0.172,0.325,0,0,1,2
0.39,0.172,0.328,0,0,1,2
0.39,0.172,0.331,0,0,1,2
0.39,0.172,0.334,0,0,1,2
0.39,0.172,0.337,0,0,1,2
0.39,0.172,0.34,0,0,1,2
0.39,0.172,0.343,0,0,1,2
0.39,0.172,0.346,0,0,1,2
0.39,0.172,0.349,0,0,1,2
0.39,0.172,0.352,0,0,1,2
0.39,0.172,0.355,0,0,1,2
0.39,0.172,0.358,0,0,1,2
0.39,0.172,0.361,0,0,1,2
0.39,0.172,0.364,0,0,1,2
0.39,0.172,0.367,0,0,1,2
0.39,0.172,0.37,0,0,1,2
0.39,0.172,0.373,0,0,1,2
0.39,0.172,0.376,0,0,1,2
0.39,0.172,0.379,0,0,1,2
0.39,0.172,0.382,0,0,1,2
0.39,0.172,0.385,0,0,1,2
0.39,0.172,0.388,0,0,1,2
0.39,0.172,0.391,0,0,1,2
0.39,0.172,0.394,0,0,1,2
0.39,0.172,0.397,0,0,1,2
0.39,0.172,0.4,0,0,1,2
0.39,0.172,0.403,0,0,1,2
0.39,0.172,0.406,0,0,1,2
0.39,0.172,0.409,0,0,1,2
0.39,0.172,0.412,0,0,1,2
0.39,0.172,0.415,0,0,1,2
0.39,0.172,0.418,0,0,1,2
0.39,0.172,0.420999,0,0,1,2
0.39,0.172,0.423999,0,0,1,2
0.39,0.172,0.426999,0,0,1,2
0.39,0.172,0.429999,0,0,1,2
0.39,0.172,0.432999,0,0,1,2
0.39,0.172,0.435999,0,0,1,2
0.39,0.172,0.438999,0,0,1,2
0.39,0.172,0.441999,0,0,1,2
0.39,0.172,0.444999,0,0,1,2
0.39,0.172,0.447999,0,0,1,2
0.39,0.172,0.450999,0,0,1,2
0.39,0.175,0.25,0,0,1,2
0.39,0.175,0.253,0,0,1,2
0.39,0.175,0.256,0,0,1,2
0.39,0.175,0.259,0,0,1,2
0.39,0.175,0.262,0,0,1,2
0.39,0.175,0.265,0,0,1,2
0.39,0.175,0.268,0,0,1,2
0.39,0.175,0.271,0,0,1,2
0.39,0.175,0.274,0,0,1,2
0.39,0.175,0.277,0,0,1,2
0.39,0.175,0.28,0,0,1,2
0.39,0.175,0.283,0,0,1,2
0.39,0.175,0.286,0,0,1,2
0.39,0.175,0.289,0,0,1,2
0.39,0.175,0.292,0,0,1,2
0.39,0.175,0.295,0,0,1,2
0.39,0.175,0.298,0,0,1,2
0.39,0.175,0.301,0,0,1,2
0.39,0.175,0.304,0,0,1,2
0.39,0.175,0.307,0,0,1,2
0.39,0.175,0.31,0,0,1,2
0.39,0.175,0.313,0,0,1,2
0.39,0.175,0.316,0,0,1,2
0.39,0.175,0.319,0,0,1,2
0.39,0.175,0.322,0,0,1,2
0.39,0.175,0.325,0,0,1,2
0.39,0.175,0.328,0,0,1,2
0.39,0.175,0.331,0,0,1,2
0.39,0.175,0.334,0,0,1,2
0.39,0.175,0.337,0,0,1,2
0.39,0.175,0.34,0,0,1,2
0.39,0.175,0.343,0,0,1,2
0.39,0.175,0.346,0,0,1,2
0.39,0.175,0.349,0,0,1,2
0.39,0.175,0.352,0,0,1,2
0.39,0.175,0.355,0,0,1,2
0.39,0.175,0.358,0,0,1,2
0.39,0.175,0.361,0,0,1,2
0.39,0.175,0.364,0,0,1,2
0.39,0.175,0.367,0,0,1,2
0.39,0.175,0.37,0,0,1,2
0.39,0.175,0.373,0,0,1,2
0.39,0.175,0.376,0,0,1,2
0.39,0.175,0.379,0,0,1,2
0.39,0.175,0.382,0,0,1,2
0.39,0.175,0.385,0,0,1,2
0.39,0.175,0.388,0,0,1,2
0.39,0.175,0.391,0,0,1,2
0.39,0.175,0.394,0,0,1,2
0.39,0.175,0.397,0,0,1,2
0.39,0.175,0.4,0,0,1,2
0.39,0.175,0.403,0,0,1,2
0.39,0.175,0.406,0,0,1,2
0.39,0.175,0.409,0,0,1,2
0.39,0.175,0.412,0,0,1,2
0.39,0.175,0.415,0,0,1,2
0.39,0.175,0.418,0,0,1,2
0.39,0.175,0.420999,0,0,1,2
0.39,0.175,0.423999,0,0,1,2
0.39,0.175,0.426999,0,0,1,2
0.39,0.175,0.429999,0,0,1,2
0.39,0.175,0.432999,0,0,1,2
0.39,0.175,0.435999,0,0,1,2
0.39,0.175,0.438999,0,0,1,2
0.39,0.175,0.441999,0,0,1,2
0.39,0.175,0.444999,0,0,1,2
0.39,0.175,0.447999,0,0,1,2
0.39,0.175,0.450999,0,0,1,2
0.39,0.178,0.25,0,0,1,2
0.39,0.178,0.253,0,0,1,2
0.39,0.178,0.256,0,0,1,2
0.39,0.178,0.259,0,0,1,2
0.39,0.178,0.262,0,0,1,2
0.39,0.178,0.265,0,0,1,2
0.39,0.178,0.268,0,0,1,2
0.39,0.178,0.271,0,0,1,2
0.39,0.178,0.274,0,0,1,2
0.39,0.178,0.277,0,0,1,2
0.39,0.178,0.28,0,0,1,2
0.39,0.178,0.283,0,0,1,2
0.39,0.178,0.286,0,0,1,2
0.39,0.178,0.289,0,0,1,2
0.39,0.178,0.292,0,0,1,2
0.39,0.178,0.295,0,0,1,2
0.39,0.178,0.298,0,0,1,2
0.39,0.178,0.301,0,0,1,2
0.39,0.178,0.304,0,0,1,2
0.39,0.178,0.307,0,0,1,2
0.39,0.178,0.31,0,0,1,2
0.39,0.178,0.313,0,0,1,2
0.39,0.178,0.316,0,0,1,2
0.39,0.178,0.319,0,0,1,2
0.39,0.178,0.322,0,0,1,2
0.39,0.178,0.325,0,0,1,2
0.39,0.178,0.328,0,0,1,2
0.39,0.178,0.331,0,0,1,2
0.39,0.178,0.334,0,0,1,2
0.39,0.178,0.337,0,0,1,2
0.39,0.178,0.34,0,0,1,2
0.39,0.178,0.343,0,0,1,2
0.39,0.178,0.346,0,0,1,2
0.39,0.178,0.349,0,0,1,2
0.39,0.178,0.352,0,0,1,2
0.39,0.178,0.355,0,0,1,2
0.39,0.178,0.358,0,0,1,2
0.39,0.178,0.361,0,0,1,2
0.39,0.178,0.364,0,0,1,2
0.39,0.178,0.367,0,0,1,2
0.39,0.178,0.37,0,0,1,2
0.39,0.178,0.373,0,0,1,2
0.39,0.178,0.376,0,0,1,2
0.39,0.178,0.379,0,0,1,2
0.39,0.178,0.382,0,0,1,2
0.39,0.178,0.385,0,0,1,2
0.39,0.178,0.388,0,0,1,2
0.39,0.178,0.391,0,0,1,2
0.39,0.178,0.394,0,0,1,2
0.39,0.178,0.397,0,0,1,2
0.39,0.178,0.4,0,0,1,2
0.39,0.178,0.403,0,0,1,2
0.39,0.178,0.406,0,0,1,2
0.39,0.178,0.409,0,0,1,2
0.39,0.178,0.412,0,0,1,2
0.39,0.178,0.415,0,0,1,2
0.39,0.178,0.418,0,0,1,2
0.39,0.178,0.420999,0,0,1,2
0.39,0.178,0.423999,0,0,1,2
0.39,0.178,0.426999,0,0,1,2
0.39,0.178,0.429999,0,0,1,2
0.39,0.178,0.432999,0,0,1,2
0.39,0.178,0.435999,0,0,1,2
0.39,0.178,0.438999,0,0,1,2
0.39,0.178,0.441999,0,0,1,2
0.39,0.178,0.444999,0,0,1,2
0.39,0.178,0.447999,0,0,1,2
0.39,0.178,0.450999,0,0,1,2
0.39,0.181,0.25,0,0,1,2
0.39,0.181,0.253,0,0,1,2
0.39,0.181,0.256,0,0,1,2
0.39,0.181,0.259,0,0,1,2
0.39,0.181,0.262,0,0,1,2
0.39,0.181,0.265,0,0,1,2
0.39,0.181,0.268,0,0,1,2
0.39,0.181,0.271,0,0,1,2
0.39,0.181,0.274,0,0,1,2
0.39,0.181,0.277,0,0,1,2
0.39,0.181,0.28,0,0,1,2
0.39,0.181,0.283,0,0,1,2
0.39,0.181,0.286,0,0,1,2
0.39,0.181,0.289,0,0,1,2
0.39,0.181,0.292,0,0,1,2
0.39,0.181,0.295,0,0,1,2
0.39,0.181,0.298,0,0,1,2
0.39,0.181,0.301,0,0,1,2
0.39,0.181,0.304,0,0,1,2
0.39,0.181,0.307,0,0,1,2
0.39,0.181,0.31,0,0,1,2
0.39,0.181,0.313,0,0,1,2
0.39,0.181,0.316,0,0,1,2
0.39,0.181,0.319,0,0,1,2
0.39,0.181,0.322,0,0,1,2
0.39,0.181,0.325,0,0,1,2
0.39,0.181,0.328,0,0,1,2
0.39,0.181,0.331,0,0,1,2
0.39,0.181,0.334,0,0,1,2
0.39,0.181,0.337,0,0,1,2
0.39,0.181,0.34,0,0,1,2
0.39,0.181,0.343,0,0,1,2
0.39,0.181,0.346,0,0,1,2
0.39,0.181,0.349,0,0,1,2
0.39,0.181,0.352,0,0,1,2
0.39,0.181,0.355,0,0,1,2
0.39,0.181,0.358,0,0,1,2
0.39,0.181,0.361,0,0,1,2
0.39,0.181,0.364,0,0,1,2
0.39,0.181,0.367,0,0,1,2
0.39,0.181,0.37,0,0,1,2
0.39,0.181,0.373,0,0,1,2
0.39,0.181,0.376,0,0,1,2
0.39,0.181,0.379,0,0,1,2
0.39,0.181,0.382,0,0,1,2
0.39,0.181,0.385,0,0,1,2
0.39,0.181,0.388,0,0,1,2
0.39,0.181,0.391,0,0,1,2
0.39,0.181,0.394,0,0,1,2
0.39,0.181,0.397,0,0,1,2
0.39,0.181,0.4,0,0,1,2
0.39,0.181,0.403,0,0,1,2
0.39,0.181,0.406,0,0,1,2
0.39,0.181,0.409,0,0,1,2
0.39,0.181,0.412,0,0,1,2
0.39,0.181,0.415,0,0,1,2
0.39,0.181,0.418,0,0,1,2
0.39,0.181,0.420999,0,0,1,2
0.39,0.181,0.423999,0,0,1,2
0.39,0.181,0.426999,0,0,1,2
0.39,0.181,0.429999,0,0,1,2
0.39,0.181,0.432999,0,0,1,2
0.39,0.181,0.435999,0,0,1,2
0.39,0.181,0.438999,0,0,1,2
0.39,0.181,0.441999,0,0,1,2
0.39,0.181,0.444999,0,0,1,2
0.39,0.181,0.447999,0,0,1,2
0.39,0.181,0.450999,0,0,1,2
0.39,0.184,0.25,0,0,1,2
0.39,0.184,0.253,0,0,1,2
0.39,0.184,0.256,0,0,1,2
0.39,0.184,0.259,0,0,1,2
0.39,0.184,0.262,0,0,1,2
0.39,0.184,0.265,0,0,1,2
0.39,0.184,0.268,0,0,1,2
0.39,0.184,0.271,0,0,1,2
0.39,0.184,0.274,0,0,1,2
0.39,0.184,0.277,0,0,1,2
0.39,0.184,0.28,0,0,1,2
0.39,0.184,0.283,0,0,1,2
0.39,0.184,0.286,0,0,1,2
0.39,0.184,0.289,0,0,1,2
0.39,0.184,0.292,0,0,1,2
0.39,0.184,0.295,0,0,1,2
0.39,0.184,0.298,0,0,1,2
0.39,0.184,0.301,0,0,1,2
0.39,0.184,0.304,0,0,1,2
0.39,0.184,0.307,0,0,1,2
0.39,0.184,0.31,0,0,1,2
0.39,0.184,0.313,0,0,1,2
0.39,0.184,0.316,0,0,1,2
0.39,0.184,0.319,0,0,1,2
0.39,0.184,0.322,0,0,1,2
0.39,0.184,0.325,0,0,1,2
0.39,0.184,0.328,0,0,1,2
0.39,0.184,0.331,0,0,1,2
0.39,0.184,0.334,0,0,1,2
0.39,0.184,0.337,0,0,1,2
0.39,0.184,0.34,0,0,1,2
0.39,0.184,0.343,0,0,1,2
0.39,0.184,0.346,0,0,1,2
0.39,0.184,0.349,0,0,1,2
0.39,0.184,0.352,0,0,1,2
0.39,0.184,0.355,0,0,1,2
0.39,0.184,0.358,0,0,1,2
0.39,0.184,0.361,0,0,1,2
0.39,0.184,0.364,0,0,1,2
0.39,0.184,0.367,0,0,1,2
0.39,0.184,0.37,0,0,1,2
0.39,0.184,0.373,0,0,1,2
0.39,0.184,0.376,0,0,1,2
0.39,0.184,0.379,0,0,1,2
0.39,0.184,0.382,0,0,1,2
0.39,0.184,0.385,0,0,1,2
0.39,0.184,0.388,0,0,1,2
0.39,0.184,0.391,0,0,1,2
0.39,0.184,0.394,0,0,1,2
0.39,0.184,0.397,0,0,1,2
0.39,0.184,0.4,0,0,1,2
0.39,0.184,0.403,0,0,1,2
0.39,0.184,0.406,0,0,1,2
0.39,0.184,0.409,0,0,1,2
0.39,0.184,0.412,0,0,1,2
0.39,0.184,0.415,0,0,1,2
0.39,0.184,0.418,0,0,1,2
0.39,0.184,0.420999,0,0,1,2
0.39,0.184,0.423999,0,0,1,2
0.39,0.184,0.426999,0,0,1,2
0.39,0.184,0.429999,0,0,1,2
0.39,0.184,0.432999,0,0,1,2
0.39,0.184,0.435999,0,0,1,2
0.39,0.184,0.438999,0,0,1,2
0.39,0.184,0.441999,0,0,1,2
0.39,0.184,0.444999,0,0,1,2
0.39,0.184,0.447999,0,0,1,2
0.39,0.184,0.450999,0,0,1,2
0.39,0.187,0.25,0,0,1,2
0.39,0.187,0.253,0,0,1,2
0.39,0.187,0.256,0,0,1,2
0.39,0.187,0.259,0,0,1,2
0.39,0.187,0.262,0,0,1,2
0.39,0.187,0.265,0,0,1,2
0.39,0.187,0.268,0,0,1,2
0.39,0.187,0.271,0,0,1,2
0.39,0.187,0.274,0,0,1,2
0.39,0.187,0.277,0,0,1,2
0.39,0.187,0.28,0,0,1,2
0.39,0.187,0.283,0,0,1,2
0.39,0.187,0.286,0,0,1,2
0.39,0.187,0.289,0,0,1,2
0.39,0.187,0.292,0,0,1,2
0.39,0.187,0.295,0,0,1,2
0.39,0.187,0.298,0,0,1,2
0.39,0.187,0.301,0,0,1,2
0.39,0.187,0.304,0,0,1,2
0.39,0.187,0.307,0,0,1,2
0.39,0.187,0.31,0,0,1,2
0.39,0.187,0.313,0,0,1,2
0.39,0.187,0.316,0,0,1,2
0.39,0.187,0.319,0,0,1,2
0.39,0.187,0.322,0,0,1,2
0.39,0.187,0.325,0,0,1,2
0.39,0.187,0.328,0,0,1,2
0.39,0.187,0.331,0,0,1,2
0.39,0.187,0.334,0,0,1,2
0.39,0.187,0.337,0,0,1,2
0.39,0.187,0.34,0,0,1,2
0.39,0.187,0.343,0,0,1,2
0.39,0.187,0.346,0,0,1,2
0.39,0.187,0.349,0,0,1,2
0.39,0.187,0.352,0,0,1,2
0.39,0.187,0.355,0,0,1,2
0.39,0.187,0.358,0,0,1,2
0.39,0.187,0.361,0,0,1,2
0.39,0.187,0.364,0,0,1,2
0.39,0.187,0.367,0,0,1,2
0.39,0.187,0.37,0,0,1,2
0.39,0.187,0.373,0,0,1,2
0.39,0.187,0.376,0,0,1,2
0.39,0.187,0.379,0,0,1,2
0.39,0.187,0.382,0,0,1,2
0.39,0.187,0.385,0,0,1,2
0.39,0.187,0.388,0,0,1,2
0.39,0.187,0.391,0,0,1,2
0.39,0.187,0.394,0,0,1,2
0.39,0.187,0.397,0,0,1,2
0.39,0.187,0.4,0,0,1,2
0.39,0.187,0.403,0,0,1,2
0.39,0.187,0.406,0,0,1,2
0.39,0.187,0.409,0,0,1,2
0.39,0.187,0.412,0,0,1,2
0.39,0.187,0.415,0,0,1,2
0.39,0.187,0.418,0,0,1,2
0.39,0.187,0.420999,0,0,1,2
0.39,0.187,0.423999,0,0,1,2
0.39,0.187,0.426999,0,0,1,2
0.39,0.187,0.429999,0,0,1,2
0.39,0.187,0.432999,0,0,1,2
0.39,0.187,0.435999,0,0,1,2
0.39,0.187,0.438999,0,0,1,2
0.39,0.187,0.441999,0,0,1,2
0.39,0.187,0.444999,0,0,1,2
0.39,0.187,0.447999,0,0,1,2
0.39,0.187,0.450999,0,0,1,2
0.39,0.19,0.25,0,0,1,2
0.39,0.19,0.253,0,0,1,2
0.39,0.19,0.256,0,0,1,2
0.39,0.19,0.259,0,0,1,2
0.39,0.19,0.262,0,0,1,2
0.39,0.19,0.265,0,0,1,2
0.39,0.19,0.268,0,0,1,2
0.39,0.19,0.271,0,0,1,2
0.39,0.19,0.274,0,0,1,2
0.39,0.19,0.277,0,0,1,2
0.39,0.19,0.28,0,0,1,2
0.39,0.19,0.283,0,0,1,2
0.39,0.19,0.286,0,0,1,2
0.39,0.19,0.289,0,0,1,2
0.39,0.19,0.292,0,0,1,2
0.39,0.19,0.295,0,0,1,2
0.39,0.19,0.298,0,0,1,2
0.39,0.19,0.301,0,0,1,2
0.39,0.19,0.304,0,0,1,2
0.39,0.19,0.307,0,0,1,2
0.39,0.19,0.31,0,0,1,2
0.39,0.19,0.313,0,0,1,2
0.39,0.19,0.316,0,0,1,2
0.39,0.19,0.319,0,0,1,2
0.39,0.19,0.322,0,0,1,2
0.39,0.19,0.325,0,0,1,2
0.39,0.19,0.328,0,0,1,2
0.39,0.19,0.331,0,0,1,2
0.39,0.19,0.334,0,0,1,2
0.39,0.19,0.337,0,0,1,2
0.39,0.19,0.34,0,0,1,2
0.39,0.19,0.343,0,0,1,2
0.39,0.19,0.346,0,0,1,2
0.39,0.19,0.349,0,0,1,2
0.39,0.19,0.352,0,0,1,2
0.39,0.19,0.355,0,0,1,2
0.39,0.19,0.358,0,0,1,2
0.39,0.19,0.361,0,0,1,2
0.39,0.19,0.364,0,0,1,2
0.39,0.19,0.367,0,0,1,2
0.39,0.19,0.37,0,0,1,2
0.39,0.19,0.373,0,0,1,2
0.39,0.19,0.376,0,0,1,2
0.39,0.19,0.379,0,0,1,2
0.39,0.19,0.382,0,0,1,2
0.39,0.19,0.385,0,0,1,2
0.39,0.19,0.388,0,0,1,2
0.39,0.19,0.391,0,0,1,2
0.39,0.19,0.394,0,0,1,2
0.39,0.19,0.397,0,0,1,2
0.39,0.19,0.4,0,0,1,2
0.39,0.19,0.403,0,0,1,2
0.39,0.19,0.406,0,0,1,2
0.39,0.19,0.409,0,0,1,2
0.39,0.19,0.412,0,0,1,2
0.39,0.19,0.415,0,0,1,2
0.39,0.19,0.418,0,0,1,2
0.39,0.19,0.420999,0,0,1,2
0.39,0.19,0.423999,0,0,1,2
0.39,0.19,0.426999,0,0,1,2
0.39,0.19,0.429999,0,0,1,2
0.39,0.19,0.432999,0,0,1,2
0.39,0.19,0.435999,0,0,1,2
0.39,0.19,0.438999,0,0,1,2
0.39,0.19,0.441999,0,0,1,2
0.39,0.19,0.444999,0,0,1,2
0.39,0.19,0.447999,0,0,1,2
0.39,0.19,0.450999,0,0,1,2
0.39,0.193,0.25,0,0,1,2
0.39,0.193,0.253,0,0,1,2
0.39,0.193,0.256,0,0,1,2
0.39,0.193,0.259,0,0,1,2
0.39,0.193,0.262,0,0,1,2
0.39,0.193,0.265,0,0,1,2
0.39,0.193,0.268,0,0,1,2
0.39,0.193,0.271,0,0,1,2
0.39,0.193,0.274,0,0,1,2
0.39,0.193,0.277,0,0,1,2
0.39,0.193,0.28,0,0,1,2
0.39,0.193,0.283,0,0,1,2
0.39,0.193,0.286,0,0,1,2
0.39,0.193,0.289,0,0,1,2
0.39,0.193,0.292,0,0,1,2
0.39,0.193,0.295,0,0,1,2
0.39,0.193,0.298,0,0,1,2
0.39,0.193,0.301,0,0,1,2
0.39,0.193,0.304,0,0,1,2
0.39,0.193,0.307,0,0,1,2
0.39,0.193,0.31,0,0,1,2
0.39,0.193,0.313,0,0,1,2
0.39,0.193,0.316,0,0,1,2
0.39,0.193,0.319,0,0,1,2
0.39,0.193,0.322,0,0,1,2
0.39,0.193,0.325,0,0,1,2
0.39,0.193,0.328,0,0,1,2
0.39,0.193,0.331,0,0,1,2
0.39,0.193,0.334,0,0,1,2
0.39,0.193,0.337,0,0,1,2
0.39,0.193,0.34,0,0,1,2
0.39,0.193,0.343,0,0,1,2
0.39,0.193,0.346,0,0,1,2
0.39,0.193,0.349,0,0,1,2
0.39,0.193,0.352,0,0,1,2
0.39,0.193,0.355,0,0,1,2
0.39,0.193,0.358,0,0,1,2
0.39,0.193,0.361,0,0,1,2
0.39,0.193,0.364,0,0,1,2
0.39,0.193,0.367,0,0,1,2
0.39,0.193,0.37,0,0,1,2
0.39,0.193,0.373,0,0,1,2
0.39,0.193,0.376,0,0,1,2
0.39,0.193,0.379,0,0,1,2
0.39,0.193,0.382,0,0,1,2
0.39,0.193,0.385,0,0,1,2
0.39,0.193,0.388,0,0,1,2
0.39,0.193,0.391,0,0,1,2
0.39,0.193,0.394,0,0,1,2
0.39,0.193,0.397,0,0,1,2
0.39,0.193,0.4,0,0,1,2
0.39,0.193,0.403,0,0,1,2
0.39,0.193,0.406,0,0,1,2
0.39,0.193,0.409,0,0,1,2
0.39,0.193,0.412,0,0,1,2
0.39,0.193,0.415,0,0,1,2
0.39,0.193,0.418,0,0,1,2
0.39,0.193,0.420999,0,0,1,2
0.39,0.193,0.423999,0,0,1,2
0.39,0.193,0.426999,0,0,1,2
0.39,0.193,0.429999,0,0,1,2
0.39,0.193,0.432999,0,0,1,2
0.39,0.193,0.435999,0,0,1,2
0.39,0.193,0.438999,0,0,1,2
0.39,0.193,0.441999,0,0,1,2
0.39,0.193,0.444999,0,0,1,2
0.39,0.193,0.447999,0,0,1,2
0.39,0.193,0.450999,0,0,1,2
0.39,0.196,0.25,0,0,1,2
0.39,0.196,0.253,0,0,1,2
0.39,0.196,0.256,0,0,1,2
0.39,0.196,0.259,0,0,1,2
0.39,0.196,0.262,0,0,1,2
0.39,0.196,0.265,0,0,1,2
0.39,0.196,0.268,0,0,1,2
0.39,0.196,0.271,0,0,1,2
0.39,0.196,0.274,0,0,1,2
0.39,0.196,0.277,0,0,1,2
0.39,0.196,0.28,0,0,1,2
0.39,0.196,0.283,0,0,1,2
0.39,0.196,0.286,0,0,1,2
0.39,0.196,0.289,0,0,1,2
0.39,0.196,0.292,0,0,1,2
0.39,0.196,0.295,0,0,1,2
0.39,0.196,0.298,0,0,1,2
0.39,0.196,0.301,0,0,1,2
0.39,0.196,0.304,0,0,1,2
0.39,0.196,0.307,0,0,1,2
0.39,0.196,0.31,0,0,1,2
0.39,0.196,0.313,0,0,1,2
0.39,0.196,0.316,0,0,1,2
0.39,0.196,0.319,0,0,1,2
0.39,0.196,0.322,0,0,1,2
0.39,0.196,0.325,0,0,1,2
0.39,0.196,0.328,0,0,1,2
0.39,0.196,0.331,0,0,1,2
0.39,0.196,0.334,0,0,1,2
0.39,0.196,0.337,0,0,1,2
0.39,0.196,0.34,0,0,1,2
0.39,0.196,0.343,0,0,1,2
0.39,0.196,0.346,0,0,1,2
0.39,0.196,0.349,0,0,1,2
0.39,0.196,0.352,0,0,1,2
0.39,0.196,0.355,0,0,1,2
0.39,0.196,0.358,0,0,1,2
0.39,0.196,0.361,0,0,1,2
0.39,0.196,0.364,0,0,1,2
0.39,0.196,0.367,0,0,1,2
0.39,0.196,0.37,0,0,1,2
0.39,0.196,0.373,0,0,1,2
0.39,0.196,0.376,0,0,1,2
0.39,0.196,0.379,0,0,1,2
0.39,0.196,0.382,0,0,1,2
0.39,0.196,0.385,0,0,1,2
0.39,0.196,0.388,0,0,1,2
0.39,0.196,0.391,0,0,1,2
0.39,0.196,0.394,0,0,1,2
0.39,0.196,0.397,0,0,1,2
0.39,0.196,0.4,0,0,1,2
0.39,0.196,0.403,0,0,1,2
0.39,0.196,0.406,0,0,1,2
0.39,0.196,0.409,0,0,1,2
0.39,0.196,0.412,0,0,1,2
0.39,0.196,0.415,0,0,1,2
0.39,0.196,0.418,0,0,1,2
0.39,0.196,0.420999,0,0,1,2
0.39,0.196,0.423999,0,0,1,2
0.39,0.196,0.426999,0,0,1,2
0.39,0.196,0.429999,0,0,1,2
0.39,0.196,0.432999,0,0,1,2
0.39,0.196,0.435999,0,0,1,2
0.39,0.196,0.438999,0,0,1,2
0.39,0.196,0.441999,0,0,1,2
0.39,0.196,0.444999,0,0,1,2
0.39,0.196,0.447999,0,0,1,2
0.39,0.196,0.450999,0,0,1,2
0.39,0.199,0.25,0,0,1,2
0.39,0.199,0.253,0,0,1,2
0.39,0.199,0.256,0,0,1,2
0.39,0.199,0.259,0,0,1,2
0.39,0.199,0.262,0,0,1,2
0.39,0.199,0.265,0,0,1,2
0.39,0.199,0.268,0,0,1,2
0.39,0.199,0.271,0,0,1,2
0.39,0.199,0.274,0,0,1,2
0.39,0.199,0.277,0,0,1,2
0.39,0.199,0.28,0,0,1,2
0.39,0.199,0.283,0,0,1,2
0.39,0.199,0.286,0,0,1,2
0.39,0.199,0.289,0,0,1,2
0.39,0.199,0.292,0,0,1,2
0.39,0.199,0.295,0,0,1,2
0.39,0.199,0.298,0,0,1,2
0.39,0.199,0.301,0,0,1,2
0.39,0.199,0.304,0,0,1,2
0.39,0.199,0.307,0,0,1,2
0.39,0.199,0.31,0,0,1,2
0.39,0.199,0.313,0,0,1,2
0.39,0.199,0.316,0,0,1,2
0.39,0.199,0.319,0,0,1,2
0.39,0.199,0.322,0,0,1,2
0.39,0.199,0.325,0,0,1,2
0.39,0.199,0.328,0,0,1,2
0.39,0.199,0.331,0,0,1,2
0.39,0.199,0.334,0,0,1,2
0.39,0.199,0.337,0,0,1,2
0.39,0.199,0.34,0,0,1,2
0.39,0.199,0.343,0,0,1,2
0.39,0.199,0.346,0,0,1,2
0.39,0.199,0.349,0,0,1,2
0.39,0.199,0.352,0,0,1,2
0.39,0.199,0.355,0,0,1,2
0.39,0.199,0.358,0,0,1,2
0.39,0.199,0.361,0,0,1,2
0.39,0.199,0.364,0,0,1,2
0.39,0.199,0.367,0,0,1,2
0.39,0.199,0.37,0,0,1,2
0.39,0.199,0.373,0,0,1,2
0.39,0.199,0.376,0,0,1,2
0.39,0.199,0.379,0,0,1,2
0.39,0.199,0.382,0,0,1,2
0.39,0.199,0.385,0,0,1,2
0.39,0.199,0.388,0,0,1,2
0.39,0.199,0.391,0,0,1,2
0.39,0.199,0.394,0,0,1,2
0.39,0.199,0.397,0,0,1,2
0.39,0.199,0.4,0,0,1,2
0.39,0.199,0.403,0,0,1,2
0.39,0.199,0.406,0,0,1,2
0.39,0.199,0.409,0,0,1,2
0.39,0.199,0.412,0,0,1,2
0.39,0.199,0.415,0,0,1,2
0.39,0.199,0.418,0,0,1,2
0.39,0.199,0.420999,0,0,1,2
0.39,0.199,0.423999,0,0,1,2
0.39,0.199,0.426999,0,0,1,2
0.39,0.199,0.429999,0,0,1,2
0.39,0.199,0.432999,0,0,1,2
0.39,0.199,0.435999,0,0,1,2
0.39,0.199,0.438999,0,0,1,2
0.39,0.199,0.441999,0,0,1,2
0.39,0.199,0.444999,0,0,1,2
0.39,0.199,0.447999,0,0,1,2
0.39,0.199,0.450999,0,0,1,2
0.39,0.202,0.25,0,0,1,2
0.39,0.202,0.253,0,0,1,2
0.39,0.202,0.256,0,0,1,2
0.39,0.202,0.259,0,0,1,2
0.39,0.202,0.262,0,0,1,2
0.39,0.202,0.265,0,0,1,2
0.39,0.202,0.268,0,0,1,2
0.39,0.202,0.271,0,0,1,2
0.39,0.202,0.274,0,0,1,2
0.39,0.202,0.277,0,0,1,2
0.39,0.202,0.28,0,0,1,2
0.39,0.202,0.283,0,0,1,2
0.39,0.202,0.286,0,0,1,2
0.39,0.202,0.289,0,0,1,2
0.39,0.202,0.292,0,0,1,2
0.39,0.202,0.295,0,0,1,2
0.39,0.202,0.298,0,0,1,2
0.39,0.202,0.301,0,0,1,2
0.39,0.202,0.304,0,0,1,2
0.39,0.202,0.307,0,0,1,2
0.39,0.202,0.31,0,0,1,2
0.39,0.202,0.313,0,0,1,2
0.39,0.202,0.316,0,0,1,2
0.39,0.202,0.319,0,0,1,2
0.39,0.202,0.322,0,0,1,2
0.39,0.202,0.325,0,0,1,2
0.39,0.202,0.328,0,0,1,2
0.39,0.202,0.331,0,0,1,2
0.39,0.202,0.334,0,0,1,2
0.39,0.202,0.337,0,0,1,2
0.39,0.202,0.34,0,0,1,2
0.39,0.202,0.343,0,0,1,2
0.39,0.202,0.346,0,0,1,2
0.39,0.202,0.349,0,0,1,2
0.39,0.202,0.352,0,0,1,2
0.39,0.202,0.355,0,0,1,2
0.39,0.202,0.358,0,0,1,2
0.39,0.202,0.361,0,0,1,2
0.39,0.202,0.364,0,0,1,2
0.39,0.202,0.367,0,0,1,2
0.39,0.202,0.37,0,0,1,2
0.39,0.202,0.373,0,0,1,2
0.39,0.202,0.376,0,0,1,2
0.39,0.202,0.379,0,0,1,2
0.39,0.202,0.382,0,0,1,2
0.39,0.202,0.385,0,0,1,2
0.39,0.202,0.388,0,0,1,2
0.39,0.202,0.391,0,0,1,2
0.39,0.202,0.394,0,0,1,2
0.39,0.202,0.397,0,0,1,2
0.39,0.202,0.4,0,0,1,2
0.39,0.202,0.403,0,0,1,2
0.39,0.202,0.406,0,0,1,2
0.39,0.202,0.409,0,0,1,2
0.39,0.202,0.412,0,0,1,2
0.39,0.202,0.415,0,0,1,2
0.39,0.202,0.418,0,0,1,2
0.39,0.202,0.420999,0,0,1,2
0.39,0.202,0.423999,0,0,1,2
0.39,0.202,0.426999,0,0,1,2
0.39,0.202,0.429999,0,0,1,2
0.39,0.202,0.432999,0,0,1,2
0.39,0.202,0.435999,0,0,1,2
0.39,0.202,0.438999,0,0,1,2
0.39,0.202,0.441999,0,0,1,2
0.39,0.202,0.444999,0,0,1,2
0.39,0.202,0.447999,0,0,1,2
0.39,0.202,0.450999,0,0,1,2
0.39,0.205,0.25,0,0,1,2
0.39,0.205,0.253,0,0,1,2
0.39,0.205,0.256,0,0,1,2
0.39,0.205,0.259,0,0,1,2
0.39,0.205,0.262,0,0,1,2
0.39,0.205,0.265,0,0,1,2
0.39,0.205,0.268,0,0,1,2
0.39,0.205,0.271,0,0,1,2
0.39,0.205,0.274,0,0,1,2
0.39,0.205,0.277,0,0,1,2
0.39,0.205,0.28,0,0,1,2
0.39,0.205,0.283,0,0,1,2
0.39,0.205,0.286,0,0,1,2
0.39,0.205,0.289,0,0,1,2
0.39,0.205,0.292,0,0,1,2
0.39,0.205,0.295,0,0,1,2
0.39,0.205,0.298,0,0,1,2
0.39,0.205,0.301,0,0,1,2
0.39,0.205,0.304,0,0,1,2
0.39,0.205,0.307,0,0,1,2
0.39,0.205,0.31,0,0,1,2
0.39,0.205,0.313,0,0,1,2
0.39,0.205,0.316,0,0,1,2
0.39,0.205,0.319,0,0,1,2
0.39,0.205,0.322,0,0,1,2
0.39,0.205,0.325,0,0,1,2
0.39,0.205,0.328,0,0,1,2
0.39,0.205,0.331,0,0,1,2
0.39,0.205,0.334,0,0,1,2
0.39,0.205,0.337,0,0,1,2
0.39,0.205,0.34,0,0,1,2
0.39,0.205,0.343,0,0,1,2
0.39,0.205,0.346,0,0,1,2
0.39,0.205,0.349,0,0,1,2
0.39,0.205,0.352,0,0,1,2
0.39,0.205,0.355,0,0,1,2
0.39,0.205,0.358,0,0,1,2
0.39,0.205,0.361,0,0,1,2
0.39,0.205,0.364,0,0,1,2
0.39,0.205,0.367,0,0,1,2
0.39,0.205,0.37,0,0,1,2
0.39,0.205,0.373,0,0,1,2
0.39,0.205,0.376,0,0,1,2
0.39,0.205,0.379,0,0,1,2
0.39,0.205,0.382,0,0,1,2
0.39,0.205,0.385,0,0,1,2
0.39,0.205,0.388,0,0,1,2
0.39,0.205,0.391,0,0,1,2
0.39,0.205,0.394,0,0,1,2
0.39,0.205,0.397,0,0,1,2
0.39,0.205,0.4,0,0,1,2
0.39,0.205,0.403,0,0,1,2
0.39,0.205,0.406,0,0,1,2
0.39,0.205,0.409,0,0,1,2
0.39,0.205,0.412,0,0,1,2
0.39,0.205,0.415,0,0,1,2
0.39,0.205,0.418,0,0,1,2
0.39,0.205,0.420999,0,0,1,2
0.39,0.205,0.423999,0,0,1,2
0.39,0.205,0.426999,0,0,1,2
0.39,0.205,0.429999,0,0,1,2
0.39,0.205,0.432999,0,0,1,2
0.39,0.205,0.435999,0,0,1,2
0.39,0.205,0.438999,0,0,1,2
0.39,0.205,0.441999,0,0,1,2
0.39,0.205,0.444999,0,0,1,2
0.39,0.205,0.447999,0,0,1,2
0.39,0.205,0.450999,0,0,1,2
0.39,0.208,0.25,0,0,1,2
0.39,0.208,0.253,0,0,1,2
0.39,0.208,0.256,0,0,1,2
0.39,0.208,0.259,0,0,1,2
0.39,0.208,0.262,0,0,1,2
0.39,0.208,0.265,0,0,1,2
0.39,0.208,0.268,0,0,1,2
0.39,0.208,0.271,0,0,1,2
0.39,0.208,0.274,0,0,1,2
0.39,0.208,0.277,0,0,1,2
0.39,0.208,0.28,0,0,1,2
0.39,0.208,0.283,0,0,1,2
0.39,0.208,0.286,0,0,1,2
0.39,0.208,0.289,0,0,1,2
0.39,0.208,0.292,0,0,1,2
0.39,0.208,0.295,0,0,1,2
0.39,0.208,0.298,0,0,1,2
0.39,0.208,0.301,0,0,1,2
0.39,0.208,0.304,0,0,1,2
0.39,0.208,0.307,0,0,1,2
0.39,0.208,0.31,0,0,1,2
0.39,0.208,0.313,0,0,1,2
0.39,0.208,0.316,0,0,1,2
0.39,0.208,0.319,0,0,1,2
0.39,0.208,0.322,0,0,1,2
0.39,0.208,0.325,0,0,1,2
0.39,0.208,0.328,0,0,1,2
0.39,0.208,0.331,0,0,1,2
0.39,0.208,0.334,0,0,1,2
0.39,0.208,0.337,0,0,1,2
0.39,0.208,0.34,0,0,1,2
0.39,0.208,0.343,0,0,1,2
0.39,0.208,0.346,0,0,1,2
0.39,0.208,0.349,0,0,1,2
0.39,0.208,0.352,0,0,1,2
0.39,0.208,0.355,0,0,1,2
0.39,0.208,0.358,0,0,1,2
0.39,0.208,0.361,0,0,1,2
0.39,0.208,0.364,0,0,1,2
0.39,0.208,0.367,0,0,1,2
0.39,0.208,0.37,0,0,1,2
0.39,0.208,0.373,0,0,1,2
0.39,0.208,0.376,0,0,1,2
0.39,0.208,0.379,0,0,1,2
0.39,0.208,0.382,0,0,1,2
0.39,0.208,0.385,0,0,1,2
0.39,0.208,0.388,0,0,1,2
0.39,0.208,0.391,0,0,1,2
0.39,0.208,0.394,0,0,1,2
0.39,0.208,0.397,0,0,1,2
0.39,0.208,0.4,0,0,1,2
0.39,0.208,0.403,0,0,1,2
0.39,0.208,0.406,0,0,1,2
0.39,0.208,0.409,0,0,1,2
0.39,0.208,0.412,0,0,1,2
0.39,0.208,0.415,0,0,1,2
0.39,0.208,0.418,0,0,1,2
0.39,0.208,0.420999,0,0,1,2
0.39,0.208,0.423999,0,0,1,2
0.39,0.208,0.426999,0,0,1,2
0.39,0.208,0.429999,0,0,1,2
0.39,0.208,0.432999,0,0,1,2
0.39,0.208,0.435999,0,0,1,2
0.39,0.208,0.438999,0,0,1,2
0.39,0.208,0.441999,0,0,1,2
0.39,0.208,0.444999,0,0,1,2
0.39,0.208,0.447999,0,0,1,2
0.39,0.208,0.450999,0,0,1,2
0.39,0.211,0.25,0,0,1,2
0.39,0.211,0.253,0,0,1,2
0.39,0.211,0.256,0,0,1,2
0.39,0.211,0.259,0,0,1,2
0.39,0.211,0.262,0,0,1,2
0.39,0.211,0.265,0,0,1,2
0.39,0.211,0.268,0,0,1,2
0.39,0.211,0.271,0,0,1,2
0.39,0.211,0.274,0,0,1,2
0.39,0.211,0.277,0,0,1,2
0.39,0.211,0.28,0,0,1,2
0.39,0.211,0.283,0,0,1,2
0.39,0.211,0.286,0,0,1,2
0.39,0.211,0.289,0,0,1,2
0.39,0.211,0.292,0,0,1,2
0.39,0.211,0.295,0,0,1,2
0.39,0.211,0.298,0,0,1,2
0.39,0.211,0.301,0,0,1,2
0.39,0.211,0.304,0,0,1,2
0.39,0.211,0.307,0,0,1,2
0.39,0.211,0.31,0,0,1,2
0.39,0.211,0.313,0,0,1,2
0.39,0.211,0.316,0,0,1,2
0.39,0.211,0.319,0,0,1,2
0.39,0.211,0.322,0,0,1,2
0.39,0.211,0.325,0,0,1,2
0.39,0.211,0.328,0,0,1,2
0.39,0.211,0.331,0,0,1,2
0.39,0.211,0.334,0,0,1,2
0.39,0.211,0.337,0,0,1,2
0.39,0.211,0.34,0,0,1,2
0.39,0.211,0.343,0,0,1,2
0.39,0.211,0.346,0,0,1,2
0.39,0.211,0.349,0,0,1,2
0.39,0.211,0.352,0,0,1,2
0.39,0.211,0.355,0,0,1,2
0.39,0.211,0.358,0,0,1,2
0.39,0.211,0.361,0,0,1,2
0.39,0.211,0.364,0,0,1,2
0.39,0.211,0.367,0,0,1,2
0.39,0.211,0.37,0,0,1,2
0.39,0.211,0.373,0,0,1,2
0.39,0.211,0.376,0,0,1,2
0.39,0.211,0.379,0,0,1,2
0.39,0.211,0.382,0,0,1,2
0.39,0.211,0.385,0,0,1,2
0.39,0.211,0.388,0,0,1,2
0.39,0.211,0.391,0,0,1,2
0.39,0.211,0.394,0,0,1,2
0.39,0.211,0.397,0,0,1,2
0.39,0.211,0.4,0,0,1,2
0.39,0.211,0.403,0,0,1,2
0.39,0.211,0.406,0,0,1,2
0.39,0.211,0.409,0,0,1,2
0.39,0.211,0.412,0,0,1,2
0.39,0.211,0.415,0,0,1,2
0.39,0.211,0.418,0,0,1,2
0.39,0.211,0.420999,0,0,1,2
0.39,0.211,0.423999,0,0,1,2
0.39,0.211,0.426999,0,0,1,2
0.39,0.211,0.429999,0,0,1,2
0.39,0.211,0.432999,0,0,1,2
0.39,0.211,0.435999,0,0,1,2
0.39,0.211,0.438999,0,0,1,2
0.39,0.211,0.441999,0,0,1,2
0.39,0.211,0.444999,0,0,1,2
0.39,0.211,0.447999,0,0,1,2
0.39,0.211,0.450999,0,0,1,2
0.39,0.214,0.25,0,0,1,2
0.39,0.214,0.253,0,0,1,2
0.39,0.214,0.256,0,0,1,2
0.39,0.214,0.259,0,0,1,2
0.39,0.214,0.262,0,0,1,2
0.39,0.214,0.265,0,0,1,2
0.39,0.214,0.268,0,0,1,2
0.39,0.214,0.271,0,0,1,2
0.39,0.214,0.274,0,0,1,2
0.39,0.214,0.277,0,0,1,2
0.39,0.214,0.28,0,0,1,2
0.39,0.214,0.283,0,0,1,2
0.39,0.214,0.286,0,0,1,2
0.39,0.214,0.289,0,0,1,2
0.39,0.214,0.292,0,0,1,2
0.39,0.214,0.295,0,0,1,2
0.39,0.214,0.298,0,0,1,2
0.39,0.214,0.301,0,0,1,2
0.39,0.214,0.304,0,0,1,2
0.39,0.214,0.307,0,0,1,2
0.39,0.214,0.31,0,0,1,2
0.39,0.214,0.313,0,0,1,2
0.39,0.214,0.316,0,0,1,2
0.39,0.214,0.319,0,0,1,2
0.39,0.214,0.322,0,0,1,2
0.39,0.214,0.325,0,0,1,2
0.39,0.214,0.328,0,0,1,2
0.39,0.214,0.331,0,0,1,2
0.39,0.214,0.334,0,0,1,2
0.39,0.214,0.337,0,0,1,2
0.39,0.214,0.34,0,0,1,2
0.39,0.214,0.343,0,0,1,2
0.39,0.214,0.346,0,0,1,2
0.39,0.214,0.349,0,0,1,2
0.39,0.214,0.352,0,0,1,2
0.39,0.214,0.355,0,0,1,2
0.39,0.214,0.358,0,0,1,2
0.39,0.214,0.361,0,0,1,2
0.39,0.214,0.364,0,0,1,2
0.39,0.214,0.367,0,0,1,2
0.39,0.214,0.37,0,0,1,2
0.39,0.214,0.373,0,0,1,2
0.39,0.214,0.376,0,0,1,2
0.39,0.214,0.379,0,0,1,2
0.39,0.214,0.382,0,0,1,2
0.39,0.214,0.385,0,0,1,2
0.39,0.214,0.388,0,0,1,2
0.39,0.214,0.391,0,0,1,2
0.39,0.214,0.394,0,0,1,2
0.39,0.214,0.397,0,0,1,2
0.39,0.214,0.4,0,0,1,2
0.39,0.214,0.403,0,0,1,2
0.39,0.214,0.406,0,0,1,2
0.39,0.214,0.409,0,0,1,2
0.39,0.214,0.412,0,0,1,2
0.39,0.214,0.415,0,0,1,2
0.39,0.214,0.418,0,0,1,2
0.39,0.214,0.420999,0,0,1,2
0.39,0.214,0.423999,0,0,1,2
0.39,0.214,0.426999,0,0,1,2
0.39,0.214,0.429999,0,0,1,2
0.39,0.214,0.432999,0,0,1,2
0.39,0.214,0.435999,0,0,1,2
0.39,0.214,0.438999,0,0,1,2
0.39,0.214,0.441999,0,0,1,2
0.39,0.214,0.444999,0,0,1,2
0.39,0.214,0.447999,0,0,1,2
0.39,0.214,0.450999,0,0,1,2
0.39,0.217,0.25,0,0,1,2
0.39,0.217,0.253,0,0,1,2
0.39,0.217,0.256,0,0,1,2
0.39,0.217,0.259,0,0,1,2
0.39,0.217,0.262,0,0,1,2
0.39,0.217,0.265,0,0,1,2
0.39,0.217,0.268,0,0,1,2
0.39,0.217,0.271,0,0,1,2
0.39,0.217,0.274,0,0,1,2
0.39,0.217,0.277,0,0,1,2
0.39,0.217,0.28,0,0,1,2
0.39,0.217,0.283,0,0,1,2
0.39,0.217,0.286,0,0,1,2
0.39,0.217,0.289,0,0,1,2
0.39,0.217,0.292,0,0,1,2
0.39,0.217,0.295,0,0,1,2
0.39,0.217,0.298,0,0,1,2
0.39,0.217,0.301,0,0,1,2
0.39,0.217,0.304,0,0,1,2
0.39,0.217,0.307,0,0,1,2
0.39,0.217,0.31,0,0,1,2
0.39,0.217,0.313,0,0,1,2
0.39,0.217,0.316,0,0,1,2
0.39,0.217,0.319,0,0,1,2
0.39,0.217,0.322,0,0,1,2
0.39,0.217,0.325,0,0,1,2
0.39,0.217,0.328,0,0,1,2
0.39,0.217,0.331,0,0,1,2
0.39,0.217,0.334,0,0,1,2
0.39,0.217,0.337,0,0,1,2
0.39,0.217,0.34,0,0,1,2
0.39,0.217,0.343,0,0,1,2
0.39,0.217,0.346,0,0,1,2
0.39,0.217,0.349,0,0,1,2
0.39,0.217,0.352,0,0,1,2
0.39,0.217,0.355,0,0,1,2
0.39,0.217,0.358,0,0,1,2
0.39,0.217,0.361,0,0,1,2
0.39,0.217,0.364,0,0,1,2
0.39,0.217,0.367,0,0,1,2
0.39,0.217,0.37,0,0,1,2
0.39,0.217,0.373,0,0,1,2
0.39,0.217,0.376,0,0,1,2
0.39,0.217,0.379,0,0,1,2
0.39,0.217,0.382,0,0,1,2
0.39,0.217,0.385,0,0,1,2
0.39,0.217,0.388,0,0,1,2
0.39,0.217,0.391,0,0,1,2
0.39,0.217,0.394,0,0,1,2
0.39,0.217,0.397,0,0,1,2
0.39,0.217,0.4,0,0,1,2
0.39,0.217,0.403,0,0,1,2
0.39,0.217,0.406,0,0,1,2
0.39,0.217,0.409,0,0,1,2
0.39,0.217,0.412,0,0,1,2
0.39,0.217,0.415,0,0,1,2
0.39,0.217,0.418,0,0,1,2
0.39,0.217,0.420999,0,0,1,2
0.39,0.217,0.423999,0,0,1,2
0.39,0.217,0.426999,0,0,1,2
0.39,0.217,0.429999,0,0,1,2
0.39,0.217,0.432999,0,0,1,2
0.39,0.217,0.435999,0,0,1,2
0.39,0.217,0.438999,0,0,1,2
0.39,0.217,0.441999,0,0,1,2
0.39,0.217,0.444999,0,0,1,2
0.39,0.217,0.447999,0,0,1,2
0.39,0.217,0.450999,0,0,1,2
0.39,0.22,0.25,0,0,1,2
0.39,0.22,0.253,0,0,1,2
0.39,0.22,0.256,0,0,1,2
0.39,0.22,0.259,0,0,1,2
0.39,0.22,0.262,0,0,1,2
0.39,0.22,0.265,0,0,1,2
0.39,0.22,0.268,0,0,1,2
0.39,0.22,0.271,0,0,1,2
0.39,0.22,0.274,0,0,1,2
0.39,0.22,0.277,0,0,1,2
0.39,0.22,0.28,0,0,1,2
0.39,0.22,0.283,0,0,1,2
0.39,0.22,0.286,0,0,1,2
0.39,0.22,0.289,0,0,1,2
0.39,0.22,0.292,0,0,1,2
0.39,0.22,0.295,0,0,1,2
0.39,0.22,0.298,0,0,1,2
0.39,0.22,0.301,0,0,1,2
0.39,0.22,0.304,0,0,1,2
0.39,0.22,0.307,0,0,1,2
0.39,0.22,0.31,0,0,1,2
0.39,0.22,0.313,0,0,1,2
0.39,0.22,0.316,0,0,1,2
0.39,0.22,0.319,0,0,1,2
0.39,0.22,0.322,0,0,1,2
0.39,0.22,0.325,0,0,1,2
0.39,0.22,0.328,0,0,1,2
0.39,0.22,0.331,0,0,1,2
0.39,0.22,0.334,0,0,1,2
0.39,0.22,0.337,0,0,1,2
0.39,0.22,0.34,0,0,1,2
0.39,0.22,0.343,0,0,1,2
0.39,0.22,0.346,0,0,1,2
0.39,0.22,0.349,0,0,1,2
0.39,0.22,0.352,0,0,1,2
0.39,0.22,0.355,0,0,1,2
0.39,0.22,0.358,0,0,1,2
0.39,0.22,0.361,0,0,1,2
0.39,0.22,0.364,0,0,1,2
0.39,0.22,0.367,0,0,1,2
0.39,0.22,0.37,0,0,1,2
0.39,0.22,0.373,0,0,1,2
0.39,0.22,0.376,0,0,1,2
0.39,0.22,0.379,0,0,1,2
0.39,0.22,0.382,0,0,1,2
0.39,0.22,0.385,0,0,1,2
0.39,0.22,0.388,0,0,1,2
0.39,0.22,0.391,0,0,1,2
0.39,0.22,0.394,0,0,1,2
0.39,0.22,0.397,0,0,1,2
0.39,0.22,0.4,0,0,1,2
0.39,0.22,0.403,0,0,1,2
0.39,0.22,0.406,0,0,1,2
0.39,0.22,0.409,0,0,1,2
0.39,0.22,0.412,0,0,1,2
0.39,0.22,0.415,0,0,1,2
0.39,0.22,0.418,0,0,1,2
0.39,0.22,0.420999,0,0,1,2
0.39,0.22,0.423999,0,0,1,2
0.39,0.22,0.426999,0,0,1,2
0.39,0.22,0.429999,0,0,1,2
0.39,0.22,0.432999,0,0,1,2
0.39,0.22,0.435999,0,0,1,2
0.39,0.22,0.438999,0,0,1,2
0.39,0.22,0.441999,0,0,1,2
0.39,0.22,0.444999,0,0,1,2
0.39,0.22,0.447999,0,0,1,2
0.39,0.22,0.450999,0,0,1,2
0.39,0.223,0.25,0,0,1,2
0.39,0.223,0.253,0,0,1,2
0.39,0.223,0.256,0,0,1,2
0.39,0.223,0.259,0,0,1,2
0.39,0.223,0.262,0,0,1,2
0.39,0.223,0.265,0,0,1,2
0.39,0.223,0.268,0,0,1,2
0.39,0.223,0.271,0,0,1,2
0.39,0.223,0.274,0,0,1,2
0.39,0.223,0.277,0,0,1,2
0.39,0.223,0.28,0,0,1,2
0.39,0.223,0.283,0,0,1,2
0.39,0.223,0.286,0,0,1,2
0.39,0.223,0.289,0,0,1,2
0.39,0.223,0.292,0,0,1,2
0.39,0.223,0.295,0,0,1,2
0.39,0.223,0.298,0,0,1,2
0.39,0.223,0.301,0,0,1,2
0.39,0.223,0.304,0,0,1,2
0.39,0.223,0.307,0,0,1,2
0.39,0.223,0.31,0,0,1,2
0.39,0.223,0.313,0,0,1,2
0.39,0.223,0.316,0,0,1,2
0.39,0.223,0.319,0,0,1,2
0.39,0.223,0.322,0,0,1,2
0.39,0.223,0.325,0,0,1,2
0.39,0.223,0.328,0,0,1,2
0.39,0.223,0.331,0,0,1,2
0.39,0.223,0.334,0,0,1,2
0.39,0.223,0.337,0,0,1,2
0.39,0.223,0.34,0,0,1,2
0.39,0.223,0.343,0,0,1,2
0.39,0.223,0.346,0,0,1,2
0.39,0.223,0.349,0,0,1,2
0.39,0.223,0.352,0,0,1,2
0.39,0.223,0.355,0,0,1,2
0.39,0.223,0.358,0,0,1,2
0.39,0.223,0.361,0,0,1,2
0.39,0.223,0.364,0,0,1,2
0.39,0.223,0.367,0,0,1,2
0.39,0.223,0.37,0,0,1,2
0.39,0.223,0.373,0,0,1,2
0.39,0.223,0.376,0,0,1,2
0.39,0.223,0.379,0,0,1,2
0.39,0.223,0.382,0,0,1,2
0.39,0.223,0.385,0,0,1,2
0.39,0.223,0.388,0,0,1,2
0.39,0.223,0.391,0,0,1,2
0.39,0.223,0.394,0,0,1,2
0.39,0.223,0.397,0,0,1,2
0.39,0.223,0.4,0,0,1,2
0.39,0.223,0.403,0,0,1,2
0.39,0.223,0.406,0,0,1,2
0.39,0.223,0.409,0,0,1,2
0.39,0.223,0.412,0,0,1,2
0.39,0.223,0.415,0,0,1,2
0.39,0.223,0.418,0,0,1,2
0.39,0.223,0.420999,0,0,1,2
0.39,0.223,0.423999,0,0,1,2
0.39,0.223,0.426999,0,0,1,2
0.39,0.223,0.429999,0,0,1,2
0.39,0.223,0.432999,0,0,1,2
0.39,0.223,0.435999,0,0,1,2
0.39,0.223,0.438999,0,0,1,2
0.39,0.223,0.441999,0,0,1,2
0.39,0.223,0.444999,0,0,1,2
0.39,0.223,0.447999,0,0,1,2
0.39,0.223,0.450999,0,0,1,2
0.39,0.226,0.25,0,0,1,2
0.39,0.226,0.253,0,0,1,2
0.39,0.226,0.256,0,0,1,2
0.39,0.226,0.259,0,0,1,2
0.39,0.226,0.262,0,0,1,2
0.39,0.226,0.265,0,0,1,2
0.39,0.226,0.268,0,0,1,2
0.39,0.226,0.271,0,0,1,2
0.39,0.226,0.274,0,0,1,2
0.39,0.226,0.277,0,0,1,2
0.39,0.226,0.28,0,0,1,2
0.39,0.226,0.283,0,0,1,2
0.39,0.226,0.286,0,0,1,2
0.39,0.226,0.289,0,0,1,2
0.39,0.226,0.292,0,0,1,2
0.39,0.226,0.295,0,0,1,2
0.39,0.226,0.298,0,0,1,2
0.39,0.226,0.301,0,0,1,2
0.39,0.226,0.304,0,0,1,2
0.39,0.226,0.307,0,0,1,2
0.39,0.226,0.31,0,0,1,2
0.39,0.226,0.313,0,0,1,2
0.39,0.226,0.316,0,0,1,2
0.39,0.226,0.319,0,0,1,2
0.39,0.226,0.322,0,0,1,2
0.39,0.226,0.325,0,0,1,2
0.39,0.226,0.328,0,0,1,2
0.39,0.226,0.331,0,0,1,2
0.39,0.226,0.334,0,0,1,2
0.39,0.226,0.337,0,0,1,2
0.39,0.226,0.34,0,0,1,2
0.39,0.226,0.343,0,0,1,2
0.39,0.226,0.346,0,0,1,2
0.39,0.226,0.349,0,0,1,2
0.39,0.226,0.352,0,0,1,2
0.39,0.226,0.355,0,0,1,2
0.39,0.226,0.358,0,0,1,2
0.39,0.226,0.361,0,0,1,2
0.39,0.226,0.364,0,0,1,2
0.39,0.226,0.367,0,0,1,2
0.39,0.226,0.37,0,0,1,2
0.39,0.226,0.373,0,0,1,2
0.39,0.226,0.376,0,0,1,2
0.39,0.226,0.379,0,0,1,2
0.39,0.226,0.382,0,0,1,2
0.39,0.226,0.385,0,0,1,2
0.39,0.226,0.388,0,0,1,2
0.39,0.226,0.391,0,0,1,2
0.39,0.226,0.394,0,0,1,2
0.39,0.226,0.397,0,0,1,2
0.39,0.226,0.4,0,0,1,2
0.39,0.226,0.403,0,0,1,2
0.39,0.226,0.406,0,0,1,2
0.39,0.226,0.409,0,0,1,2
0.39,0.226,0.412,0,0,1,2
0.39,0.226,0.415,0,0,1,2
0.39,0.226,0.418,0,0,1,2
0.39,0.226,0.420999,0,0,1,2
0.39,0.226,0.423999,0,0,1,2
0.39,0.226,0.426999,0,0,1,2
0.39,0.226,0.429999,0,0,1,2
0.39,0.226,0.432999,0,0,1,2
0.39,0.226,0.435999,0,0,1,2
0.39,0.226,0.438999,0,0,1,2
0.39,0.226,0.441999,0,0,1,2
0.39,0.226,0.444999,0,0,1,2
0.39,0.226,0.447999,0,0,1,2
0.39,0.226,0.450999,0,0,1,2
0.39,0.229,0.25,0,0,1,2
0.39,0.229,0.253,0,0,1,2
0.39,0.229,0.256,0,0,1,2
0.39,0.229,0.259,0,0,1,2
0.39,0.229,0.262,0,0,1,2
0.39,0.229,0.265,0,0,1,2
0.39,0.229,0.268,0,0,1,2
0.39,0.229,0.271,0,0,1,2
0.39,0.229,0.274,0,0,1,2
0.39,0.229,0.277,0,0,1,2
0.39,0.229,0.28,0,0,1,2
0.39,0.229,0.283,0,0,1,2
0.39,0.229,0.286,0,0,1,2
0.39,0.229,0.289,0,0,1,2
0.39,0.229,0.292,0,0,1,2
0.39,0.229,0.295,0,0,1,2
0.39,0.229,0.298,0,0,1,2
0.39,0.229,0.301,0,0,1,2
0.39,0.229,0.304,0,0,1,2
0.39,0.229,0.307,0,0,1,2
0.39,0.229,0.31,0,0,1,2
0.39,0.229,0.313,0,0,1,2
0.39,0.229,0.316,0,0,1,2
0.39,0.229,0.319,0,0,1,2
0.39,0.229,0.322,0,0,1,2
0.39,0.229,0.325,0,0,1,2
0.39,0.229,0.328,0,0,1,2
0.39,0.229,0.331,0,0,1,2
0.39,0.229,0.334,0,0,1,2
0.39,0.229,0.337,0,0,1,2
0.39,0.229,0.34,0,0,1,2
0.39,0.229,0.343,0,0,1,2
0.39,0.229,0.346,0,0,1,2
0.39,0.229,0.349,0,0,1,2
0.39,0.229,0.352,0,0,1,2
0.39,0.229,0.355,0,0,1,2
0.39,0.229,0.358,0,0,1,2
0.39,0.229,0.361,0,0,1,2
0.39,0.229,0.364,0,0,1,2
0.39,0.229,0.367,0,0,1,2
0.39,0.229,0.37,0,0,1,2
0.39,0.229,0.373,0,0,1,2
0.39,0.229,0.376,0,0,1,2
0.39,0.229,0.379,0,0,1,2
0.39,0.229,0.382,0,0,1,2
0.39,0.229,0.385,0,0,1,2
0.39,0.229,0.388,0,0,1,2
0.39,0.229,0.391,0,0,1,2
0.39,0.229,0.394,0,0,1,2
0.39,0.229,0.397,0,0,1,2
0.39,0.229,0.4,0,0,1,2
0.39,0.229,0.403,0,0,1,2
0.39,0.229,0.406,0,0,1,2
0.39,0.229,0.409,0,0,1,2
0.39,0.229,0.412,0,0,1,2
0.39,0.229,0.415,0,0,1,2
0.39,0.229,0.418,0,0,1,2
0.39,0.229,0.420999,0,0,1,2
0.39,0.229,0.423999,0,0,1,2
0.39,0.229,0.426999,0,0,1,2
0.39,0.229,0.429999,0,0,1,2
0.39,0.229,0.432999,0,0,1,2
0.39,0.229,0.435999,0,0,1,2
0.39,0.229,0.438999,0,0,1,2
0.39,0.229,0.441999,0,0,1,2
0.39,0.229,0.444999,0,0,1,2
0.39,0.229,0.447999,0,0,1,2
0.39,0.229,0.450999,0,0,1,2
0.39,0.232,0.25,0,0,1,2
0.39,0.232,0.253,0,0,1,2
0.39,0.232,0.256,0,0,1,2
0.39,0.232,0.259,0,0,1,2
0.39,0.232,0.262,0,0,1,2
0.39,0.232,0.265,0,0,1,2
0.39,0.232,0.268,0,0,1,2
0.39,0.232,0.271,0,0,1,2
0.39,0.232,0.274,0,0,1,2
0.39,0.232,0.277,0,0,1,2
0.39,0.232,0.28,0,0,1,2
0.39,0.232,0.283,0,0,1,2
0.39,0.232,0.286,0,0,1,2
0.39,0.232,0.289,0,0,1,2
0.39,0.232,0.292,0,0,1,2
0.39,0.232,0.295,0,0,1,2
0.39,0.232,0.298,0,0,1,2
0.39,0.232,0.301,0,0,1,2
0.39,0.232,0.304,0,0,1,2
0.39,0.232,0.307,0,0,1,2
0.39,0.232,0.31,0,0,1,2
0.39,0.232,0.313,0,0,1,2
0.39,0.232,0.316,0,0,1,2
0.39,0.232,0.319,0,0,1,2
0.39,0.232,0.322,0,0,1,2
0.39,0.232,0.325,0,0,1,2
0.39,0.232,0.328,0,0,1,2
0.39,0.232,0.331,0,0,1,2
0.39,0.232,0.334,0,0,1,2
0.39,0.232,0.337,0,0,1,2
0.39,0.232,0.34,0,0,1,2
0.39,0.232,0.343,0,0,1,2
0.39,0.232,0.346,0,0,1,2
0.39,0.232,0.349,0,0,1,2
0.39,0.232,0.352,0,0,1,2
0.39,0.232,0.355,0,0,1,2
0.39,0.232,0.358,0,0,1,2
0.39,0.232,0.361,0,0,1,2
0.39,0.232,0.364,0,0,1,2
0.39,0.232,0.367,0,0,1,2
0.39,0.232,0.37,0,0,1,2
0.39,0.232,0.373,0,0,1,2
0.39,0.232,0.376,0,0,1,2
0.39,0.232,0.379,0,0,1,2
0.39,0.232,0.382,0,0,1,2
0.39,0.232,0.385,0,0,1,2
0.39,0.232,0.388,0,0,1,2
0.39,0.232,0.391,0,0,1,2
0.39,0.232,0.394,0,0,1,2
0.39,0.232,0.397,0,0,1,2
0.39,0.232,0.4,0,0,1,2
0.39,0.232,0.403,0,0,1,2
0.39,0.232,0.406,0,0,1,2
0.39,0.232,0.409,0,0,1,2
0.39,0.232,0.412,0,0,1,2
0.39,0.232,0.415,0,0,1,2
0.39,0.232,0.418,0,0,1,2
0.39,0.232,0.420999,0,0,1,2
0.39,0.232,0.423999,0,0,1,2
0.39,0.232,0.426999,0,0,1,2
0.39,0.232,0.429999,0,0,1,2
0.39,0.232,0.432999,0,0,1,2
0.39,0.232,0.435999,0,0,1,2
0.39,0.232,0.438999,0,0,1,2
0.39,0.232,0.441999,0,0,1,2
0.39,0.232,0.444999,0,0,1,2
0.39,0.232,0.447999,0,0,1,2
0.39,0.232,0.450999,0,0,1,2
0.39,0.235,0.25,0,0,1,2
0.39,0.235,0.253,0,0,1,2
0.39,0.235,0.256,0,0,1,2
0.39,0.235,0.259,0,0,1,2
0.39,0.235,0.262,0,0,1,2
0.39,0.235,0.265,0,0,1,2
0.39,0.235,0.268,0,0,1,2
0.39,0.235,0.271,0,0,1,2
0.39,0.235,0.274,0,0,1,2
0.39,0.235,0.277,0,0,1,2
0.39,0.235,0.28,0,0,1,2
0.39,0.235,0.283,0,0,1,2
0.39,0.235,0.286,0,0,1,2
0.39,0.235,0.289,0,0,1,2
0.39,0.235,0.292,0,0,1,2
0.39,0.235,0.295,0,0,1,2
0.39,0.235,0.298,0,0,1,2
0.39,0.235,0.301,0,0,1,2
0.39,0.235,0.304,0,0,1,2
0.39,0.235,0.307,0,0,1,2
0.39,0.235,0.31,0,0,1,2
0.39,0.235,0.313,0,0,1,2
0.39,0.235,0.316,0,0,1,2
0.39,0.235,0.319,0,0,1,2
0.39,0.235,0.322,0,0,1,2
0.39,0.235,0.325,0,0,1,2
0.39,0.235,0.328,0,0,1,2
0.39,0.235,0.331,0,0,1,2
0.39,0.235,0.334,0,0,1,2
0.39,0.235,0.337,0,0,1,2
0.39,0.235,0.34,0,0,1,2
0.39,0.235,0.343,0,0,1,2
0.39,0.235,0.346,0,0,1,2
0.39,0.235,0.349,0,0,1,2
0.39,0.235,0.352,0,0,1,2
0.39,0.235,0.355,0,0,1,2
0.39,0.235,0.358,0,0,1,2
0.39,0.235,0.361,0,0,1,2
0.39,0.235,0.364,0,0,1,2
0.39,0.235,0.367,0,0,1,2
0.39,0.235,0.37,0,0,1,2
0.39,0.235,0.373,0,0,1,2
0.39,0.235,0.376,0,0,1,2
0.39,0.235,0.379,0,0,1,2
0.39,0.235,0.382,0,0,1,2
0.39,0.235,0.385,0,0,1,2
0.39,0.235,0.388,0,0,1,2
0.39,0.235,0.391,0,0,1,2
0.39,0.235,0.394,0,0,1,2
0.39,0.235,0.397,0,0,1,2
0.39,0.235,0.4,0,0,1,2
0.39,0.235,0.403,0,0,1,2
0.39,0.235,0.406,0,0,1,2
0.39,0.235,0.409,0,0,1,2
0.39,0.235,0.412,0,0,1,2
0.39,0.235,0.415,0,0,1,2
0.39,0.235,0.418,0,0,1,2
0.39,0.235,0.420999,0,0,1,2
0.39,0.235,0.423999,0,0,1,2
0.39,0.235,0.426999,0,0,1,2
0.39,0.235,0.429999,0,0,1,2
0.39,0.235,0.432999,0,0,1,2
0.39,0.235,0.435999,0,0,1,2
0.39,0.235,0.438999,0,0,1,2
0.39,0.235,0.441999,0,0,1,2
0.39,0.235,0.444999,0,0,1,2
0.39,0.235,0.447999,0,0,1,2
0.39,0.235,0.450999,0,0,1,2
0.39,0.238,0.25,0,0,1,2
0.39,0.238,0.253,0,0,1,2
0.39,0.238,0.256,0,0,1,2
0.39,0.238,0.259,0,0,1,2
0.39,0.238,0.262,0,0,1,2
0.39,0.238,0.265,0,0,1,2
0.39,0.238,0.268,0,0,1,2
0.39,0.238,0.271,0,0,1,2
0.39,0.238,0.274,0,0,1,2
0.39,0.238,0.277,0,0,1,2
0.39,0.238,0.28,0,0,1,2
0.39,0.238,0.283,0,0,1,2
0.39,0.238,0.286,0,0,1,2
0.39,0.238,0.289,0,0,1,2
0.39,0.238,0.292,0,0,1,2
0.39,0.238,0.295,0,0,1,2
0.39,0.238,0.298,0,0,1,2
0.39,0.238,0.301,0,0,1,2
0.39,0.238,0.304,0,0,1,2
0.39,0.238,0.307,0,0,1,2
0.39,0.238,0.31,0,0,1,2
0.39,0.238,0.313,0,0,1,2
0.39,0.238,0.316,0,0,1,2
0.39,0.238,0.319,0,0,1,2
0.39,0.238,0.322,0,0,1,2
0.39,0.238,0.325,0,0,1,2
0.39,0.238,0.328,0,0,1,2
0.39,0.238,0.331,0,0,1,2
0.39,0.238,0.334,0,0,1,2
0.39,0.238,0.337,0,0,1,2
0.39,0.238,0.34,0,0,1,2
0.39,0.238,0.343,0,0,1,2
0.39,0.238,0.346,0,0,1,2
0.39,0.238,0.349,0,0,1,2
0.39,0.238,0.352,0,0,1,2
0.39,0.238,0.355,0,0,1,2
0.39,0.238,0.358,0,0,1,2
0.39,0.238,0.361,0,0,1,2
0.39,0.238,0.364,0,0,1,2
0.39,0.238,0.367,0,0,1,2
0.39,0.238,0.37,0,0,1,2
0.39,0.238,0.373,0,0,1,2
0.39,0.238,0.376,0,0,1,2
0.39,0.238,0.379,0,0,1,2
0.39,0.238,0.382,0,0,1,2
0.39,0.238,0.385,0,0,1,2
0.39,0.238,0.388,0,0,1,2
0.39,0.238,0.391,0,0,1,2
0.39,0.238,0.394,0,0,1,2
0.39,0.238,0.397,0,0,1,2
0.39,0.238,0.4,0,0,1,2
0.39,0.238,0.403,0,0,1,2
0.39,0.238,0.406,0,0,1,2
0.39,0.238,0.409,0,0,1,2
0.39,0.238,0.412,0,0,1,2
0.39,0.238,0.415,0,0,1,2
0.39,0.238,0.418,0,0,1,2
0.39,0.238,0.420999,0,0,1,2
0.39,0.238,0.423999,0,0,1,2
0.39,0.238,0.426999,0,0,1,2
0.39,0.238,0.429999,0,0,1,2
0.39,0.238,0.432999,0,0,1,2
0.39,0.238,0.435999,0,0,1,2
0.39,0.238,0.438999,0,0,1,2
0.39,0.238,0.441999,0,0,1,2
0.39,0.238,0.444999,0,0,1,2
0.39,0.238,0.447999,0,0,1,2
0.39,0.238,0.450999,0,0,1,2
0.39,0.241,0.25,0,0,1,2
0.39,0.241,0.253,0,0,1,2
0.39,0.241,0.256,0,0,1,2
0.39,0.241,0.259,0,0,1,2
0.39,0.241,0.262,0,0,1,2
0.39,0.241,0.265,0,0,1,2
0.39,0.241,0.268,0,0,1,2
0.39,0.241,0.271,0,0,1,2
0.39,0.241,0.274,0,0,1,2
0.39,0.241,0.277,0,0,1,2
0.39,0.241,0.28,0,0,1,2
0.39,0.241,0.283,0,0,1,2
0.39,0.241,0.286,0,0,1,2
0.39,0.241,0.289,0,0,1,2
0.39,0.241,0.292,0,0,1,2
0.39,0.241,0.295,0,0,1,2
0.39,0.241,0.298,0,0,1,2
0.39,0.241,0.301,0,0,1,2
0.39,0.241,0.304,0,0,1,2
0.39,0.241,0.307,0,0,1,2
0.39,0.241,0.31,0,0,1,2
0.39,0.241,0.313,0,0,1,2
0.39,0.241,0.316,0,0,1,2
0.39,0.241,0.319,0,0,1,2
0.39,0.241,0.322,0,0,1,2
0.39,0.241,0.325,0,0,1,2
0.39,0.241,0.328,0,0,1,2
0.39,0.241,0.331,0,0,1,2
0.39,0.241,0.334,0,0,1,2
0.39,0.241,0.337,0,0,1,2
0.39,0.241,0.34,0,0,1,2
0.39,0.241,0.343,0,0,1,2
0.39,0.241,0.346,0,0,1,2
0.39,0.241,0.349,0,0,1,2
0.39,0.241,0.352,0,0,1,2
0.39,0.241,0.355,0,0,1,2
0.39,0.241,0.358,0,0,1,2
0.39,0.241,0.361,0,0,1,2
0.39,0.241,0.364,0,0,1,2
0.39,0.241,0.367,0,0,1,2
0.39,0.241,0.37,0,0,1,2
0.39,0.241,0.373,0,0,1,2
0.39,0.241,0.376,0,0,1,2
0.39,0.241,0.379,0,0,1,2
0.39,0.241,0.382,0,0,1,2
0.39,0.241,0.385,0,0,1,2
0.39,0.241,0.388,0,0,1,2
0.39,0.241,0.391,0,0,1,2
0.39,0.241,0.394,0,0,1,2
0.39,0.241,0.397,0,0,1,2
0.39,0.241,0.4,0,0,1,2
0.39,0.241,0.403,0,0,1,2
0.39,0.241,0.406,0,0,1,2
0.39,0.241,0.409,0,0,1,2
0.39,0.241,0.412,0,0,1,2
0.39,0.241,0.415,0,0,1,2
0.39,0.241,0.418,0,0,1,2
0.39,0.241,0.420999,0,0,1,2
0.39,0.241,0.423999,0,0,1,2
0.39,0.241,0.426999,0,0,1,2
0.39,0.241,0.429999,0,0,1,2
0.39,0.241,0.432999,0,0,1,2
0.39,0.241,0.435999,0,0,1,2
0.39,0.241,0.438999,0,0,1,2
0.39,0.241,0.441999,0,0,1,2
0.39,0.241,0.444999,0,0,1,2
0.39,0.241,0.447999,0,0,1,2
0.39,0.241,0.450999,0,0,1,2
0.39,0.244,0.25,0,0,1,2
0.39,0.244,0.253,0,0,1,2
0.39,0.244,0.256,0,0,1,2
0.39,0.244,0.259,0,0,1,2
0.39,0.244,0.262,0,0,1,2
0.39,0.244,0.265,0,0,1,2
0.39,0.244,0.268,0,0,1,2
0.39,0.244,0.271,0,0,1,2
0.39,0.244,0.274,0,0,1,2
0.39,0.244,0.277,0,0,1,2
0.39,0.244,0.28,0,0,1,2
0.39,0.244,0.283,0,0,1,2
0.39,0.244,0.286,0,0,1,2
0.39,0.244,0.289,0,0,1,2
0.39,0.244,0.292,0,0,1,2
0.39,0.244,0.295,0,0,1,2
0.39,0.244,0.298,0,0,1,2
0.39,0.244,0.301,0,0,1,2
0.39,0.244,0.304,0,0,1,2
0.39,0.244,0.307,0,0,1,2
0.39,0.244,0.31,0,0,1,2
0.39,0.244,0.313,0,0,1,2
0.39,0.244,0.316,0,0,1,2
0.39,0.244,0.319,0,0,1,2
0.39,0.244,0.322,0,0,1,2
0.39,0.244,0.325,0,0,1,2
0.39,0.244,0.328,0,0,1,2
0.39,0.244,0.331,0,0,1,2
0.39,0.244,0.334,0,0,1,2
0.39,0.244,0.337,0,0,1,2
0.39,0.244,0.34,0,0,1,2
0.39,0.244,0.343,0,0,1,2
0.39,0.244,0.346,0,0,1,2
0.39,0.244,0.349,0,0,1,2
0.39,0.244,0.352,0,0,1,2
0.39,0.244,0.355,0,0,1,2
0.39,0.244,0.358,0,0,1,2
0.39,0.244,0.361,0,0,1,2
0.39,0.244,0.364,0,0,1,2
0.39,0.244,0.367,0,0,1,2
0.39,0.244,0.37,0,0,1,2
0.39,0.244,0.373,0,0,1,2
0.39,0.244,0.376,0,0,1,2
0.39,0.244,0.379,0,0,1,2
0.39,0.244,0.382,0,0,1,2
0.39,0.244,0.385,0,0,1,2
0.39,0.244,0.388,0,0,1,2
0.39,0.244,0.391,0,0,1,2
0.39,0.244,0.394,0,0,1,2
0.39,0.244,0.397,0,0,1,2
0.39,0.244,0.4,0,0,1,2
0.39,0.244,0.403,0,0,1,2
0.39,0.244,0.406,0,0,1,2
0.39,0.244,0.409,0,0,1,2
0.39,0.244,0.412,0,0,1,2
0.39,0.244,0.415,0,0,1,2
0.39,0.244,0.418,0,0,1,2
0.39,0.244,0.420999,0,0,1,2
0.39,0.244,0.423999,0,0,1,2
0.39,0.244,0.426999,0,0,1,2
0.39,0.244,0.429999,0,0,1,2
0.39,0.244,0.432999,0,0,1,2
0.39,0.244,0.435999,0,0,1,2
0.39,0.244,0.438999,0,0,1,2
0.39,0.244,0.441999,0,0,1,2
0.39,0.244,0.444999,0,0,1,2
0.39,0.244,0.447999,0,0,1,2
0.39,0.244,0.450999,0,0,1,2
0.39,0.247,0.25,0,0,1,2
0.39,0.247,0.253,0,0,1,2
0.39,0.247,0.256,0,0,1,2
0.39,0.247,0.259,0,0,1,2
0.39,0.247,0.262,0,0,1,2
0.39,0.247,0.265,0,0,1,2
0.39,0.247,0.268,0,0,1,2
0.39,0.247,0.271,0,0,1,2
0.39,0.247,0.274,0,0,1,2
0.39,0.247,0.277,0,0,1,2
0.39,0.247,0.28,0,0,1,2
0.39,0.247,0.283,0,0,1,2
0.39,0.247,0.286,0,0,1,2
0.39,0.247,0.289,0,0,1,2
0.39,0.247,0.292,0,0,1,2
0.39,0.247,0.295,0,0,1,2
0.39,0.247,0.298,0,0,1,2
0.39,0.247,0.301,0,0,1,2
0.39,0.247,0.304,0,0,1,2
0.39,0.247,0.307,0,0,1,2
0.39,0.247,0.31,0,0,1,2
0.39,0.247,0.313,0,0,1,2
0.39,0.247,0.316,0,0,1,2
0.39,0.247,0.319,0,0,1,2
0.39,0.247,0.322,0,0,1,2
0.39,0.247,0.325,0,0,1,2
0.39,0.247,0.328,0,0,1,2
0.39,0.247,0.331,0,0,1,2
0.39,0.247,0.334,0,0,1,2
0.39,0.247,0.337,0,0,1,2
0.39,0.247,0.34,0,0,1,2
0.39,0.247,0.343,0,0,1,2
0.39,0.247,0.346,0,0,1,2
0.39,0.247,0.349,0,0,1,2
0.39,0.247,0.352,0,0,1,2
0.39,0.247,0.355,0,0,1,2
0.39,0.247,0.358,0,0,1,2
0.39,0.247,0.361,0,0,1,2
0.39,0.247,0.364,0,0,1,2
0.39,0.247,0.367,0,0,1,2
0.39,0.247,0.37,0,0,1,2
0.39,0.247,0.373,0,0,1,2
0.39,0.247,0.376,0,0,1,2
0.39,0.247,0.379,0,0,1,2
0.39,0.247,0.382,0,0,1,2
0.39,0.247,0.385,0,0,1,2
0.39,0.247,0.388,0,0,1,2
0.39,0.247,0.391,0,0,1,2
0.39,0.247,0.394,0,0,1,2
0.39,0.247,0.397,0,0,1,2
0.39,0.247,0.4,0,0,1,2
0.39,0.247,0.403,0,0,1,2
0.39,0.247,0.406,0,0,1,2
0.39,0.247,0.409,0,0,1,2
0.39,0.247,0.412,0,0,1,2
0.39,0.247,0.415,0,0,1,2
0.39,0.247,0.418,0,0,1,2
0.39,0.247,0.420999,0,0,1,2
0.39,0.247,0.423999,0,0,1,2
0.39,0.247,0.426999,0,0,1,2
0.39,0.247,0.429999,0,0,1,2
0.39,0.247,0.432999,0,0,1,2
0.39,0.247,0.435999,0,0,1,2
0.39,0.247,0.438999,0,0,1,2
0.39,0.247,0.441999,0,0,1,2
0.39,0.247,0.444999,0,0,1,2
0.39,0.247,0.447999,0,0,1,2
0.39,0.247,0.450999,0,0,1,2
0.39,0.25,0.25,0,0,1,2
0.39,0.25,0.253,0,0,1,2
0.39,0.25,0.256,0,0,1,2
0.39,0.25,0.259,0,0,1,2
0.39,0.25,0.262,0,0,1,2
0.39,0.25,0.265,0,0,1,2
0.39,0.25,0.268,0,0,1,2
0.39,0.25,0.271,0,0,1,2
0.39,0.25,0.274,0,0,1,2
0.39,0.25,0.277,0,0,1,2
0.39,0.25,0.28,0,0,1,2
0.39,0.25,0.283,0,0,1,2
0.39,0.25,0.286,0,0,1,2
0.39,0.25,0.289,0,0,1,2
0.39,0.25,0.292,0,0,1,2
0.39,0.25,0.295,0,0,1,2
0.39,0.25,0.298,0,0,1,2
0.39,0.25,0.301,0,0,1,2
0.39,0.25,0.304,0,0,1,2
0.39,0.25,0.307,0,0,1,2
0.39,0.25,0.31,0,0,1,2
0.39,0.25,0.313,0,0,1,2
0.39,0.25,0.316,0,0,1,2
0.39,0.25,0.319,0,0,1,2
0.39,0.25,0.322,0,0,1,2
0.39,0.25,0.325,0,0,1,2
0.39,0.25,0.328,0,0,1,2
0.39,0.25,0.331,0,0,1,2
0.39,0.25,0.334,0,0,1,2
0.39,0.25,0.337,0,0,1,2
0.39,0.25,0.34,0,0,1,2
0.39,0.25,0.343,0,0,1,2
0.39,0.25,0.346,0,0,1,2
0.39,0.25,0.349,0,0,1,2
0.39,0.25,0.352,0,0,1,2
0.39,0.25,0.355,0,0,1,2
0.39,0.25,0.358,0,0,1,2
0.39,0.25,0.361,0,0,1,2
0.39,0.25,0.364,0,0,1,2
0.39,0.25,0.367,0,0,1,2
0.39,0.25,0.37,0,0,1,2
0.39,0.25,0.373,0,0,1,2
0.39,0.25,0.376,0,0,1,2
0.39,0.25,0.379,0,0,1,2
0.39,0.25,0.382,0,0,1,2
0.39,0.25,0.385,0,0,1,2
0.39,0.25,0.388,0,0,1,2
0.39,0.25,0.391,0,0,1,2
0.39,0.25,0.394,0,0,1,2
0.39,0.25,0.397,0,0,1,2
0.39,0.25,0.4,0,0,1,2
0.39,0.25,0.403,0,0,1,2
0.39,0.25,0.406,0,0,1,2
0.39,0.25,0.409,0,0,1,2
0.39,0.25,0.412,0,0,1,2
0.39,0.25,0.415,0,0,1,2
0.39,0.25,0.418,0,0,1,2
0.39,0.25,0.420999,0,0,1,2
0.39,0.25,0.423999,0,0,1,2
0.39,0.25,0.426999,0,0,1,2
0.39,0.25,0.429999,0,0,1,2
0.39,0.25,0.432999,0,0,1,2
0.39,0.25,0.435999,0,0,1,2
0.39,0.25,0.438999,0,0,1,2
0.39,0.25,0.441999,0,0,1,2
0.39,0.25,0.444999,0,0,1,2
0.39,0.25,0.447999,0,0,1,2
0.39,0.25,0.450999,0,0,1,2
0.39,0.253,0.25,0,0,1,2
0.39,0.253,0.253,0,0,1,2
0.39,0.253,0.256,0,0,1,2
0.39,0.253,0.259,0,0,1,2
0.39,0.253,0.262,0,0,1,2
0.39,0.253,0.265,0,0,1,2
0.39,0.253,0.268,0,0,1,2
0.39,0.253,0.271,0,0,1,2
0.39,0.253,0.274,0,0,1,2
0.39,0.253,0.277,0,0,1,2
0.39,0.253,0.28,0,0,1,2
0.39,0.253,0.283,0,0,1,2
0.39,0.253,0.286,0,0,1,2
0.39,0.253,0.289,0,0,1,2
0.39,0.253,0.292,0,0,1,2
0.39,0.253,0.295,0,0,1,2
0.39,0.253,0.298,0,0,1,2
0.39,0.253,0.301,0,0,1,2
0.39,0.253,0.304,0,0,1,2
0.39,0.253,0.307,0,0,1,2
0.39,0.253,0.31,0,0,1,2
0.39,0.253,0.313,0,0,1,2
0.39,0.253,0.316,0,0,1,2
0.39,0.253,0.319,0,0,1,2
0.39,0.253,0.322,0,0,1,2
0.39,0.253,0.325,0,0,1,2
0.39,0.253,0.328,0,0,1,2
0.39,0.253,0.331,0,0,1,2
0.39,0.253,0.334,0,0,1,2
0.39,0.253,0.337,0,0,1,2
0.39,0.253,0.34,0,0,1,2
0.39,0.253,0.343,0,0,1,2
0.39,0.253,0.346,0,0,1,2
0.39,0.253,0.349,0,0,1,2
0.39,0.253,0.352,0,0,1,2
0.39,0.253,0.355,0,0,1,2
0.39,0.253,0.358,0,0,1,2
0.39,0.253,0.361,0,0,1,2
0.39,0.253,0.364,0,0,1,2
0.39,0.253,0.367,0,0,1,2
0.39,0.253,0.37,0,0,1,2
0.39,0.253,0.373,0,0,1,2
0.39,0.253,0.376,0,0,1,2
0.39,0.253,0.379,0,0,1,2
0.39,0.253,0.382,0,0,1,2
0.39,0.253,0.385,0,0,1,2
0.39,0.253,0.388,0,0,1,2
0.39,0.253,0.391,0,0,1,2
0.39,0.253,0.394,0,0,1,2
0.39,0.253,0.397,0,0,1,2
0.39,0.253,0.4,0,0,1,2
0.39,0.253,0.403,0,0,1,2
0.39,0.253,0.406,0,0,1,2
0.39,0.253,0.409,0,0,1,2
0.39,0.253,0.412,0,0,1,2
0.39,0.253,0.415,0,0,1,2
0.39,0.253,0.418,0,0,1,2
0.39,0.253,0.420999,0,0,1,2
0.39,0.253,0.423999,0,0,1,2
0.39,0.253,0.426999,0,0,1,2
0.39,0.253,0.429999,0,0,1,2
0.39,0.253,0.432999,0,0,1,2
0.39,0.253,0.435999,0,0,1,2
0.39,0.253,0.438999,0,0,1,2
0.39,0.253,0.441999,0,0,1,2
0.39,0.253,0.444999,0,0,1,2
0.39,0.253,0.447999,0,0,1,2
0.39,0.253,0.450999,0,0,1,2
0.39,0.256,0.25,0,0,1,2
0.39,0.256,0.253,0,0,1,2
0.39,0.256,0.256,0,0,1,2
0.39,0.256,0.259,0,0,1,2
0.39,0.256,0.262,0,0,1,2
0.39,0.256,0.265,0,0,1,2
0.39,0.256,0.268,0,0,1,2
0.39,0.256,0.271,0,0,1,2
0.39,0.256,0.274,0,0,1,2
0.39,0.256,0.277,0,0,1,2
0.39,0.256,0.28,0,0,1,2
0.39,0.256,0.283,0,0,1,2
0.39,0.256,0.286,0,0,1,2
0.39,0.256,0.289,0,0,1,2
0.39,0.256,0.292,0,0,1,2
0.39,0.256,0.295,0,0,1,2
0.39,0.256,0.298,0,0,1,2
0.39,0.256,0.301,0,0,1,2
0.39,0.256,0.304,0,0,1,2
0.39,0.256,0.307,0,0,1,2
0.39,0.256,0.31,0,0,1,2
0.39,0.256,0.313,0,0,1,2
0.39,0.256,0.316,0,0,1,2
0.39,0.256,0.319,0,0,1,2
0.39,0.256,0.322,0,0,1,2
0.39,0.256,0.325,0,0,1,2
0.39,0.256,0.328,0,0,1,2
0.39,0.256,0.331,0,0,1,2
0.39,0.256,0.334,0,0,1,2
0.39,0.256,0.337,0,0,1,2
0.39,0.256,0.34,0,0,1,2
0.39,0.256,0.343,0,0,1,2
0.39,0.256,0.346,0,0,1,2
0.39,0.256,0.349,0,0,1,2
0.39,0.256,0.352,0,0,1,2
0.39,0.256,0.355,0,0,1,2
0.39,0.256,0.358,0,0,1,2
0.39,0.256,0.361,0,0,1,2
0.39,0.256,0.364,0,0,1,2
0.39,0.256,0.367,0,0,1,2
0.39,0.256,0.37,0,0,1,2
0.39,0.256,0.373,0,0,1,2
0.39,0.256,0.376,0,0,1,2
0.39,0.256,0.379,0,0,1,2
0.39,0.256,0.382,0,0,1,2
0.39,0.256,0.385,0,0,1,2
0.39,0.256,0.388,0,0,1,2
0.39,0.256,0.391,0,0,1,2
0.39,0.256,0.394,0,0,1,2
0.39,0.256,0.397,0,0,1,2
0.39,0.256,0.4,0,0,1,2
0.39,0.256,0.403,0,0,1,2
0.39,0.256,0.406,0,0,1,2
0.39,0.256,0.409,0,0,1,2
0.39,0.256,0.412,0,0,1,2
0.39,0.256,0.415,0,0,1,2
0.39,0.256,0.418,0,0,1,2
0.39,0.256,0.420999,0,0,1,2
0.39,0.256,0.423999,0,0,1,2
0.39,0.256,0.426999,0,0,1,2
0.39,0.256,0.429999,0,0,1,2
0.39,0.256,0.432999,0,0,1,2
0.39,0.256,0.435999,0,0,1,2
0.39,0.256,0.438999,0,0,1,2
0.39,0.256,0.441999,0,0,1,2
0.39,0.256,0.444999,0,0,1,2
0.39,0.256,0.447999,0,0,1,2
0.39,0.256,0.450999,0,0,1,2
0.39,0.259,0.25,0,0,1,2
0.39,0.259,0.253,0,0,1,2
0.39,0.259,0.256,0,0,1,2
0.39,0.259,0.259,0,0,1,2
0.39,0.259,0.262,0,0,1,2
0.39,0.259,0.265,0,0,1,2
0.39,0.259,0.268,0,0,1,2
0.39,0.259,0.271,0,0,1,2
0.39,0.259,0.274,0,0,1,2
0.39,0.259,0.277,0,0,1,2
0.39,0.259,0.28,0,0,1,2
0.39,0.259,0.283,0,0,1,2
0.39,0.259,0.286,0,0,1,2
0.39,0.259,0.289,0,0,1,2
0.39,0.259,0.292,0,0,1,2
0.39,0.259,0.295,0,0,1,2
0.39,0.259,0.298,0,0,1,2
0.39,0.259,0.301,0,0,1,2
0.39,0.259,0.304,0,0,1,2
0.39,0.259,0.307,0,0,1,2
0.39,0.259,0.31,0,0,1,2
0.39,0.259,0.313,0,0,1,2
0.39,0.259,0.316,0,0,1,2
0.39,0.259,0.319,0,0,1,2
0.39,0.259,0.322,0,0,1,2
0.39,0.259,0.325,0,0,1,2
0.39,0.259,0.328,0,0,1,2
0.39,0.259,0.331,0,0,1,2
0.39,0.259,0.334,0,0,1,2
0.39,0.259,0.337,0,0,1,2
0.39,0.259,0.34,0,0,1,2
0.39,0.259,0.343,0,0,1,2
0.39,0.259,0.346,0,0,1,2
0.39,0.259,0.349,0,0,1,2
0.39,0.259,0.352,0,0,1,2
0.39,0.259,0.355,0,0,1,2
0.39,0.259,0.358,0,0,1,2
0.39,0.259,0.361,0,0,1,2
0.39,0.259,0.364,0,0,1,2
0.39,0.259,0.367,0,0,1,2
0.39,0.259,0.37,0,0,1,2
0.39,0.259,0.373,0,0,1,2
0.39,0.259,0.376,0,0,1,2
0.39,0.259,0.379,0,0,1,2
0.39,0.259,0.382,0,0,1,2
0.39,0.259,0.385,0,0,1,2
0.39,0.259,0.388,0,0,1,2
0.39,0.259,0.391,0,0,1,2
0.39,0.259,0.394,0,0,1,2
0.39,0.259,0.397,0,0,1,2
0.39,0.259,0.4,0,0,1,2
0.39,0.259,0.403,0,0,1,2
0.39,0.259,0.406,0,0,1,2
0.39,0.259,0.409,0,0,1,2
0.39,0.259,0.412,0,0,1,2
0.39,0.259,0.415,0,0,1,2
0.39,0.259,0.418,0,0,1,2
0.39,0.259,0.420999,0,0,1,2
0.39,0.259,0.423999,0,0,1,2
0.39,0.259,0.426999,0,0,1,2
0.39,0.259,0.429999,0,0,1,2
0.39,0.259,0.432999,0,0,1,2
0.39,0.259,0.435999,0,0,1,2
0.39,0.259,0.438999,0,0,1,2
0.39,0.259,0.441999,0,0,1,2
0.39,0.259,0.444999,0,0,1,2
0.39,0.259,0.447999,0,0,1,2
0.39,0.259,0.450999,0,0,1,2
0.57,0.1,0.25,0,0,1,2
0.57,0.1,0.253,0,0,1,2
0.57,0.1,0.256,0,0,1,2
0.57,0.1,0.259,0,0,1,2
0.57,0.1,0.262,0,0,1,2
0.57,0.1,0.265,0,0,1,2
0.57,0.1,0.268,0,0,1,2
0.57,0.1,0.271,0,0,1,2
0.57,0.1,0.274,0,0,1,2
0.57,0.1,0.277,0,0,1,2
0.57,0.1,0.28,0,0,1,2
0.57,0.1,0.283,0,0,1,2
0.57,0.1,0.286,0,0,1,2
0.57,0.1,0.289,0,0,1,2
0.57,0.1,0.292,0,0,1,2
0.57,0.1,0.295,0,0,1,2
0.57,0.1,0.298,0,0,1,2
0.57,0.1,0.301,0,0,1,2
0.57,0.1,0.304,0,0,1,2
0.57,0.1,0.307,0,0,1,2
0.57,0.1,0.31,0,0,1,2
0.57,0.1,0.313,0,0,1,2
0.57,0.1,0.316,0,0,1,2
0.57,0.1,0.319,0,0,1,2
0.57,0.1,0.322,0,0,1,2
0.57,0.1,0.325,0,0,1,2
0.57,0.1,0.328,0,0,1,2
0.57,0.1,0.331,0,0,1,2
0.57,0.1,0.334,0,0,1,2
0.57,0.1,0.337,0,0,1,2
0.57,0.1,0.34,0,0,1,2
0.57,0.1,0.343,0,0,1,2
0.57,0.1,0.346,0,0,1,2
0.57,0.1,0.349,0,0,1,2
0.57,0.1,0.352,0,0,1,2
0.57,0.1,0.355,0,0,1,2
0.57,0.1,0.358,0,0,1,2
0.57,0.1,0.361,0,0,1,2
0.57,0.1,0.364,0,0,1,2
0.57,0.1,0.367,0,0,1,2
0.57,0.1,0.37,0,0,1,2
0.57,0.1,0.373,0,0,1,2
0.57,0.1,0.376,0,0,1,2
0.57,0.1,0.379,0,0,1,2
0.57,0.1,0.382,0,0,1,2
0.57,0.1,0.385,0,0,1,2
0.57,0.1,0.388,0,0,1,2
0.57,0.1,0.391,0,0,1,2
0.57,0.1,0.394,0,0,1,2
0.57,0.1,0.397,0,0,1,2
0.57,0.1,0.4,0,0,1,2
0.57,0.1,0.403,0,0,1,2
0.57,0.1,0.406,0,0,1,2
0.57,0.1,0.409,0,0,1,2
0.57,0.1,0.412,0,0,1,2
0.57,0.1,0.415,0,0,1,2
0.57,0.1,0.418,0,0,1,2
0.57,0.1,0.420999,0,0,1,2
0.57,0.1,0.423999,0,0,1,2
0.57,0.1,0.426999,0,0,1,2
0.57,0.1,0.429999,0,0,1,2
0.57,0.1,0.432999,0,0,1,2
0.57,0.1,0.435999,0,0,1,2
0.57,0.1,0.438999,0,0,1,2
0.57,0.1,0.441999,0,0,1,2
0.57,0.1,0.444999,0,0,1,2
0.57,0.1,0.447999,0,0,1,2
0.57,0.1,0.450999,0,0,1,2
0.57,0.103,0.25,0,0,1,2
0.57,0.103,0.253,0,0,1,2
0.57,0.103,0.256,0,0,1,2
0.57,0.103,0.259,0,0,1,2
0.57,0.103,0.262,0,0,1,2
0.57,0.103,0.265,0,0,1,2
0.57,0.103,0.268,0,0,1,2
0.57,0.103,0.271,0,0,1,2
0.57,0.103,0.274,0,0,1,2
0.57,0.103,0.277,0,0,1,2
0.57,0.103,0.28,0,0,1,2
0.57,0.103,0.283,0,0,1,2
0.57,0.103,0.286,0,0,1,2
0.57,0.103,0.289,0,0,1,2
0.57,0.103,0.292,0,0,1,2
0.57,0.103,0.295,0,0,1,2
0.57,0.103,0.298,0,0,1,2
0.57,0.103,0.301,0,0,1,2
0.57,0.103,0.304,0,0,1,2
0.57,0.103,0.307,0,0,1,2
0.57,0.103,0.31,0,0,1,2
0.57,0.103,0.313,0,0,1,2
0.57,0.103,0.316,0,0,1,2
0.57,0.103,0.319,0,0,1,2
0.57,0.103,0.322,0,0,1,2
0.57,0.103,0.325,0,0,1,2
0.57,0.103,0.328,0,0,1,2
0.57,0.103,0.331,0,0,1,2
0.57,0.103,0.334,0,0,1,2
0.57,0.103,0.337,0,0,1,2
0.57,0.103,0.34,0,0,1,2
0.57,0.103,0.343,0,0,1,2
0.57,0.103,0.346,0,0,1,2
0.57,0.103,0.349,0,0,1,2
0.57,0.103,0.352,0,0,1,2
0.57,0.103,0.355,0,0,1,2
0.57,0.103,0.358,0,0,1,2
0.57,0.103,0.361,0,0,1,2
0.57,0.103,0.364,0,0,1,2
0.57,0.103,0.367,0,0,1,2
0.57,0.103,0.37,0,0,1,2
0.57,0.103,0.373,0,0,1,2
0.57,0.103,0.376,0,0,1,2
0.57,0.103,0.379,0,0,1,2
0.57,0.103,0.382,0,0,1,2
0.57,0.103,0.385,0,0,1,2
0.57,0.103,0.388,0,0,1,2
0.57,0.103,0.391,0,0,1,2
0.57,0.103,0.394,0,0,1,2
0.57,0.103,0.397,0,0,1,2
0.57,0.103,0.4,0,0,1,2
0.57,0.103,0.403,0,0,1,2
0.57,0.103,0.406,0,0,1,2
0.57,0.103,0.409,0,0,1,2
0.57,0.103,0.412,0,0,1,2
0.57,0.103,0.415,0,0,1,2
0.57,0.103,0.418,0,0,1,2
0.57,0.103,0.420999,0,0,1,2
0.57,0.103,0.423999,0,0,1,2
0.57,0.103,0.426999,0,0,1,2
0.57,0.103,0.429999,0,0,1,2
0.57,0.103,0.432999,0,0,1,2
0.57,0.103,0.435999,0,0,1,2
0.57,0.103,0.438999,0,0,1,2
0.57,0.103,0.441999,0,0,1,2
0.57,0.103,0.444999,0,0,1,2
0.57,0.103,0.447999,0,0,1,2
0.57,0.103,0.450999,0,0,1,2
0.57,0.106,0.25,0,0,1,2
0.57,0.106,0.253,0,0,1,2
0.57,0.106,0.256,0,0,1,2
0.57,0.106,0.259,0,0,1,2
0.57,0.106,0.262,0,0,1,2
0.57,0.106,0.265,0,0,1,2
0.57,0.106,0.268,0,0,1,2
0.57,0.106,0.271,0,0,1,2
0.57,0.106,0.274,0,0,1,2
0.57,0.106,0.277,0,0,1,2
0.57,0.106,0.28,0,0,1,2
0.57,0.106,0.283,0,0,1,2
0.57,0.106,0.286,0,0,1,2
0.57,0.106,0.289,0,0,1,2
0.57,0.106,0.292,0,0,1,2
0.57,0.106,0.295,0,0,1,2
0.57,0.106,0.298,0,0,1,2
0.57,0.106,0.301,0,0,1,2
0.57,0.106,0.304,0,0,1,2
0.57,0.106,0.307,0,0,1,2
0.57,0.106,0.31,0,0,1,2
0.57,0.106,0.313,0,0,1,2
0.57,0.106,0.316,0,0,1,2
0.57,0.106,0.319,0,0,1,2
0.57,0.106,0.322,0,0,1,2
0.57,0.106,0.325,0,0,1,2
0.57,0.106,0.328,0,0,1,2
0.57,0.106,0.331,0,0,1,2
0.57,0.106,0.334,0,0,1,2
0.57,0.106,0.337,0,0,1,2
0.57,0.106,0.34,0,0,1,2
0.57,0.106,0.343,0,0,1,2
0.57,0.106,0.346,0,0,1,2
0.57,0.106,0.349,0,0,1,2
0.57,0.106,0.352,0,0,1,2
0.57,0.106,0.355,0,0,1,2
0.57,0.106,0.358,0,0,1,2
0.57,0.106,0.361,0,0,1,2
0.57,0.106,0.364,0,0,1,2
0.57,0.106,0.367,0,0,1,2
0.57,0.106,0.37,0,0,1,2
0.57,0.106,0.373,0,0,1,2
0.57,0.106,0.376,0,0,1,2
0.57,0.106,0.379,0,0,1,2
0.57,0.106,0.382,0,0,1,2
0.57,0.106,0.385,0,0,1,2
0.57,0.106,0.388,0,0,1,2
0.57,0.106,0.391,0,0,1,2
0.57,0.106,0.394,0,0,1,2
0.57,0.106,0.397,0,0,1,2
0.57,0.106,0.4,0,0,1,2
0.57,0.106,0.403,0,0,1,2
0.57,0.106,0.406,0,0,1,2
0.57,0.106,0.409,0,0,1,2
0.57,0.106,0.412,0,0,1,2
0.57,0.106,0.415,0,0,1,2
0.57,0.106,0.418,0,0,1,2
0.57,0.106,0.420999,0,0,1,2
0.57,0.106,0.423999,0,0,1,2
0.57,0.106,0.426999,0,0,1,2
0.57,0.106,0.429999,0,0,1,2
0.57,0.106,0.432999,0,0,1,2
0.57,0.106,0.435999,0,0,1,2
0.57,0.106,0.438999,0,0,1,2
0.57,0.106,0.441999,0,0,1,2
0.57,0.106,0.444999,0,0,1,2
0.57,0.106,0.447999,0,0,1,2
0.57,0.106,0.450999,0,0,1,2
0.57,0.109,0.25,0,0,1,2
0.57,0.109,0.253,0,0,1,2
0.57,0.109,0.256,0,0,1,2
0.57,0.109,0.259,0,0,1,2
0.57,0.109,0.262,0,0,1,2
0.57,0.109,0.265,0,0,1,2
0.57,0.109,0.268,0,0,1,2
0.57,0.109,0.271,0,0,1,2
0.57,0.109,0.274,0,0,1,2
0.57,0.109,0.277,0,0,1,2
0.57,0.109,0.28,0,0,1,2
0.57,0.109,0.283,0,0,1,2
0.57,0.109,0.286,0,0,1,2
0.57,0.109,0.289,0,0,1,2
0.57,0.109,0.292,0,0,1,2
0.57,0.109,0.295,0,0,1,2
0.57,0.109,0.298,0,0,1,2
0.57,0.109,0.301,0,0,1,2
0.57,0.109,0.304,0,0,1,2
0.57,0.109,0.307,0,0,1,2
0.57,0.109,0.31,0,0,1,2
0.57,0.109,0.313,0,0,1,2
0.57,0.109,0.316,0,0,1,2
0.57,0.109,0.319,0,0,1,2
0.57,0.109,0.322,0,0,1,2
0.57,0.109,0.325,0,0,1,2
0.57,0.109,0.328,0,0,1,2
0.57,0.109,0.331,0,0,1,2
0.57,0.109,0.334,0,0,1,2
0.57,0.109,0.337,0,0,1,2
0.57,0.109,0.34,0,0,1,2
0.57,0.109,0.343,0,0,1,2
0.57,0.109,0.346,0,0,1,2
0.57,0.109,0.349,0,0,1,2
0.57,0.109,0.352,0,0,1,2
0.57,0.109,0.355,0,0,1,2
0.57,0.109,0.358,0,0,1,2
0.57,0.109,0.361,0,0,1,2
0.57,0.109,0.364,0,0,1,2
0.57,0.109,0.367,0,0,1,2
0.57,0.109,0.37,0,0,1,2
0.57,0.109,0.373,0,0,1,2
0.57,0.109,0.376,0,0,1,2
0.57,0.109,0.379,0,0,1,2
0.57,0.109,0.382,0,0,1,2
0.57,0.109,0.385,0,0,1,2
0.57,0.109,0.388,0,0,1,2
0.57,0.109,0.391,0,0,1,2
0.57,0.109,0.394,0,0,1,2
0.57,0.109,0.397,0,0,1,2
0.57,0.109,0.4,0,0,1,2
0.57,0.109,0.403,0,0,1,2
0.57,0.109,0.406,0,0,1,2
0.57,0.109,0.409,0,0,1,2
0.57,0.109,0.412,0,0,1,2
0.57,0.109,0.415,0,0,1,2
0.57,0.109,0.418,0,0,1,2
0.57,0.109,0.420999,0,0,1,2
0.57,0.109,0.423999,0,0,1,2
0.57,0.109,0.426999,0,0,1,2
0.57,0.109,0.429999,0,0,1,2
0.57,0.109,0.432999,0,0,1,2
0.57,0.109,0.435999,0,0,1,2
0.57,0.109,0.438999,0,0,1,2
0.57,0.109,0.441999,0,0,1,2
0.57,0.109,0.444999,0,0,1,2
0.57,0.109,0.447999,0,0,1,2
0.57,0.109,0.450999,0,0,1,2
0.57,0.112,0.25,0,0,1,2
0.57,0.112,0.253,0,0,1,2
0.57,0.112,0.256,0,0,1,2
0.57,0.112,0.259,0,0,1,2
0.57,0.112,0.262,0,0,1,2
0.57,0.112,0.265,0,0,1,2
0.57,0.112,0.268,0,0,1,2
0.57,0.112,0.271,0,0,1,2
0.57,0.112,0.274,0,0,1,2
0.57,0.112,0.277,0,0,1,2
0.57,0.112,0.28,0,0,1,2
0.57,0.112,0.283,0,0,1,2
0.57,0.112,0.286,0,0,1,2
0.57,0.112,0.289,0,0,1,2
0.57,0.112,0.292,0,0,1,2
0.57,0.112,0.295,0,0,1,2
0.57,0.112,0.298,0,0,1,2
0.57,0.112,0.301,0,0,1,2
0.57,0.112,0.304,0,0,1,2
0.57,0.112,0.307,0,0,1,2
0.57,0.112,0.31,0,0,1,2
0.57,0.112,0.313,0,0,1,2
0.57,0.112,0.316,0,0,1,2
0.57,0.112,0.319,0,0,1,2
0.57,0.112,0.322,0,0,1,2
0.57,0.112,0.325,0,0,1,2
0.57,0.112,0.328,0,0,1,2
0.57,0.112,0.331,0,0,1,2
0.57,0.112,0.334,0,0,1,2
0.57,0.112,0.337,0,0,1,2
0.57,0.112,0.34,0,0,1,2
0.57,0.112,0.343,0,0,1,2
0.57,0.112,0.346,0,0,1,2
0.57,0.112,0.349,0,0,1,2
0.57,0.112,0.352,0,0,1,2
0.57,0.112,0.355,0,0,1,2
0.57,0.112,0.358,0,0,1,2
0.57,0.112,0.361,0,0,1,2
0.57,0.112,0.364,0,0,1,2
0.57,0.112,0.367,0,0,1,2
0.57,0.112,0.37,0,0,1,2
0.57,0.112,0.373,0,0,1,2
0.57,0.112,0.376,0,0,1,2
0.57,0.112,0.379,0,0,1,2
0.57,0.112,0.382,0,0,1,2
0.57,0.112,0.385,0,0,1,2
0.57,0.112,0.388,0,0,1,2
0.57,0.112,0.391,0,0,1,2
0.57,0.112,0.394,0,0,1,2
0.57,0.112,0.397,0,0,1,2
0.57,0.112,0.4,0,0,1,2
0.57,0.112,0.403,0,0,1,2
0.57,0.112,0.406,0,0,1,2
0.57,0.112,0.409,0,0,1,2
0.57,0.112,0.412,0,0,1,2
0.57,0.112,0.415,0,0,1,2
0.57,0.112,0.418,0,0,1,2
0.57,0.112,0.420999,0,0,1,2
0.57,0.112,0.423999,0,0,1,2
0.57,0.112,0.426999,0,0,1,2
0.57,0.112,0.429999,0,0,1,2
0.57,0.112,0.432999,0,0,1,2
0.57,0.112,0.435999,0,0,1,2
0.57,0.112,0.438999,0,0,1,2
0.57,0.112,0.441999,0,0,1,2
0.57,0.112,0.444999,0,0,1,2
0.57,0.112,0.447999,0,0,1,2
0.57,0.112,0.450999,0,0,1,2
0.57,0.115,0.25,0,0,1,2
0.57,0.115,0.253,0,0,1,2
0.57,0.115,0.256,0,0,1,2
0.57,0.115,0.259,0,0,1,2
0.57,0.115,0.262,0,0,1,2
0.57,0.115,0.265,0,0,1,2
0.57,0.115,0.268,0,0,1,2
0.57,0.115,0.271,0,0,1,2
0.57,0.115,0.274,0,0,1,2
0.57,0.115,0.277,0,0,1,2
0.57,0.115,0.28,0,0,1,2
0.57,0.115,0.283,0,0,1,2
0.57,0.115,0.286,0,0,1,2
0.57,0.115,0.289,0,0,1,2
0.57,0.115,0.292,0,0,1,2
0.57,0.115,0.295,0,0,1,2
0.57,0.115,0.298,0,0,1,2
0.57,0.115,0.301,0,0,1,2
0.57,0.115,0.304,0,0,1,2
0.57,0.115,0.307,0,0,1,2
0.57,0.115,0.31,0,0,1,2
0.57,0.115,0.313,0,0,1,2
0.57,0.115,0.316,0,0,1,2
0.57,0.115,0.319,0,0,1,2
0.57,0.115,0.322,0,0,1,2
0.57,0.115,0.325,0,0,1,2
0.57,0.115,0.328,0,0,1,2
0.57,0.115,0.331,0,0,1,2
0.57,0.115,0.334,0,0,1,2
0.57,0.115,0.337,0,0,1,2
0.57,0.115,0.34,0,0,1,2
0.57,0.115,0.343,0,0,1,2
0.57,0.115,0.346,0,0,1,2
0.57,0.115,0.349,0,0,1,2
0.57,0.115,0.352,0,0,1,2
0.57,0.115,0.355,0,0,1,2
0.57,0.115,0.358,0,0,1,2
0.57,0.115,0.361,0,0,1,2
0.57,0.115,0.364,0,0,1,2
0.57,0.115,0.367,0,0,1,2
0.57,0.115,0.37,0,0,1,2
0.57,0.115,0.373,0,0,1,2
0.57,0.115,0.376,0,0,1,2
0.57,0.115,0.379,0,0,1,2
0.57,0.115,0.382,0,0,1,2
0.57,0.115,0.385,0,0,1,2
0.57,0.115,0.388,0,0,1,2
0.57,0.115,0.391,0,0,1,2
0.57,0.115,0.394,0,0,1,2
0.57,0.115,0.397,0,0,1,2
0.57,0.115,0.4,0,0,1,2
0.57,0.115,0.403,0,0,1,2
0.57,0.115,0.406,0,0,1,2
0.57,0.115,0.409,0,0,1,2
0.57,0.115,0.412,0,0,1,2
0.57,0.115,0.415,0,0,1,2
0.57,0.115,0.418,0,0,1,2
0.57,0.115,0.420999,0,0,1,2
0.57,0.115,0.423999,0,0,1,2
0.57,0.115,0.426999,0,0,1,2
0.57,0.115,0.429999,0,0,1,2
0.57,0.115,0.432999,0,0,1,2
0.57,0.115,0.435999,0,0,1,2
0.57,0.115,0.438999,0,0,1,2
0.57,0.115,0.441999,0,0,1,2
0.57,0.115,0.444999,0,0,1,2
0.57,0.115,0.447999,0,0,1,2
0.57,0.115,0.450999,0,0,1,2
0.57,0.118,0.25,0,0,1,2
0.57,0.118,0.253,0,0,1,2
0.57,0.118,0.256,0,0,1,2
0.57,0.118,0.259,0,0,1,2
0.57,0.118,0.262,0,0,1,2
0.57,0.118,0.265,0,0,1,2
0.57,0.118,0.268,0,0,1,2
0.57,0.118,0.271,0,0,1,2
0.57,0.118,0.274,0,0,1,2
0.57,0.118,0.277,0,0,1,2
0.57,0.118,0.28,0,0,1,2
0.57,0.118,0.283,0,0,1,2
0.57,0.118,0.286,0,0,1,2
0.57,0.118,0.289,0,0,1,2
0.57,0.118,0.292,0,0,1,2
0.57,0.118,0.295,0,0,1,2
0.57,0.118,0.298,0,0,1,2
0.57,0.118,0.301,0,0,1,2
0.57,0.118,0.304,0,0,1,2
0.57,0.118,0.307,0,0,1,2
0.57,0.118,0.31,0,0,1,2
0.57,0.118,0.313,0,0,1,2
0.57,0.118,0.316,0,0,1,2
0.57,0.118,0.319,0,0,1,2
0.57,0.118,0.322,0,0,1,2
0.57,0.118,0.325,0,0,1,2
0.57,0.118,0.328,0,0,1,2
0.57,0.118,0.331,0,0,1,2
0.57,0.118,0.334,0,0,1,2
0.57,0.118,0.337,0,0,1,2
0.57,0.118,0.34,0,0,1,2
0.57,0.118,0.343,0,0,1,2
0.57,0.118,0.346,0,0,1,2
0.57,0.118,0.349,0,0,1,2
0.57,0.118,0.352,0,0,1,2
0.57,0.118,0.355,0,0,1,2
0.57,0.118,0.358,0,0,1,2
0.57,0.118,0.361,0,0,1,2
0.57,0.118,0.364,0,0,1,2
0.57,0.118,0.367,0,0,1,2
0.57,0.118,0.37,0,0,1,2
0.57,0.118,0.373,0,0,1,2
0.57,0.118,0.376,0,0,1,2
0.57,0.118,0.379,0,0,1,2
0.57,0.118,0.382,0,0,1,2
0.57,0.118,0.385,0,0,1,2
0.57,0.118,0.388,0,0,1,2
0.57,0.118,0.391,0,0,1,2
0.57,0.118,0.394,0,0,1,2
0.57,0.118,0.397,0,0,1,2
0.57,0.118,0.4,0,0,1,2
0.57,0.118,0.403,0,0,1,2
0.57,0.118,0.406,0,0,1,2
0.57,0.118,0.409,0,0,1,2
0.57,0.118,0.412,0,0,1,2
0.57,0.118,0.415,0,0,1,2
0.57,0.118,0.418,0,0,1,2
0.57,0.118,0.420999,0,0,1,2
0.57,0.118,0.423999,0,0,1,2
0.57,0.118,0.426999,0,0,1,2
0.57,0.118,0.429999,0,0,1,2
0.57,0.118,0.432999,0,0,1,2
0.57,0.118,0.435999,0,0,1,2
0.57,0.118,0.438999,0,0,1,2
0.57,0.118,0.441999,0,0,1,2
0.57,0.118,0.444999,0,0,1,2
0.57,0.118,0.447999,0,0,1,2
0.57,0.118,0.450999,0,0,1,2
0.57,0.121,0.25,0,0,1,2
0.57,0.121,0.253,0,0,1,2
0.57,0.121,0.256,0,0,1,2
0.57,0.121,0.259,0,0,1,2
0.57,0.121,0.262,0,0,1,2
0.57,0.121,0.265,0,0,1,2
0.57,0.121,0.268,0,0,1,2
0.57,0.121,0.271,0,0,1,2
0.57,0.121,0.274,0,0,1,2
0.57,0.121,0.277,0,0,1,2
0.57,0.121,0.28,0,0,1,2
0.57,0.121,0.283,0,0,1,2
0.57,0.121,0.286,0,0,1,2
0.57,0.121,0.289,0,0,1,2
0.57,0.121,0.292,0,0,1,2
0.57,0.121,0.295,0,0,1,2
0.57,0.121,0.298,0,0,1,2
0.57,0.121,0.301,0,0,1,2
0.57,0.121,0.304,0,0,1,2
0.57,0.121,0.307,0,0,1,2
0.57,0.121,0.31,0,0,1,2
0.57,0.121,0.313,0,0,1,2
0.57,0.121,0.316,0,0,1,2
0.57,0.121,0.319,0,0,1,2
0.57,0.121,0.322,0,0,1,2
0.57,0.121,0.325,0,0,1,2
0.57,0.121,0.328,0,0,1,2
0.57,0.121,0.331,0,0,1,2
0.57,0.121,0.334,0,0,1,2
0.57,0.121,0.337,0,0,1,2
0.57,0.121,0.34,0,0,1,2
0.57,0.121,0.343,0,0,1,2
0.57,0.121,0.346,0,0,1,2
0.57,0.121,0.349,0,0,1,2
0.57,0.121,0.352,0,0,1,2
0.57,0.121,0.355,0,0,1,2
0.57,0.121,0.358,0,0,1,2
0.57,0.121,0.361,0,0,1,2
0.57,0.121,0.364,0,0,1,2
0.57,0.121,0.367,0,0,1,2
0.57,0.121,0.37,0,0,1,2
0.57,0.121,0.373,0,0,1,2
0.57,0.121,0.376,0,0,1,2
0.57,0.121,0.379,0,0,1,2
0.57,0.121,0.382,0,0,1,2
0.57,0.121,0.385,0,0,1,2
0.57,0.121,0.388,0,0,1,2
0.57,0.121,0.391,0,0,1,2
0.57,0.121,0.394,0,0,1,2
0.57,0.121,0.397,0,0,1,2
0.57,0.121,0.4,0,0,1,2
0.57,0.121,0.403,0,0,1,2
0.57,0.121,0.406,0,0,1,2
0.57,0.121,0.409,0,0,1,2
0.57,0.121,0.412,0,0,1,2
0.57,0.121,0.415,0,0,1,2
0.57,0.121,0.418,0,0,1,2
0.57,0.121,0.420999,0,0,1,2
0.57,0.121,0.423999,0,0,1,2
0.57,0.121,0.426999,0,0,1,2
0.57,0.121,0.429999,0,0,1,2
0.57,0.121,0.432999,0,0,1,2
0.57,0.121,0.435999,0,0,1,2
0.57,0.121,0.438999,0,0,1,2
0.57,0.121,0.441999,0,0,1,2
0.57,0.121,0.444999,0,0,1,2
0.57,0.121,0.447999,0,0,1,2
0.57,0.121,0.450999,0,0,1,2
0.57,0.124,0.25,0,0,1,2
0.57,0.124,0.253,0,0,1,2
0.57,0.124,0.256,0,0,1,2
0.57,0.124,0.259,0,0,1,2
0.57,0.124,0.262,0,0,1,2
0.57,0.124,0.265,0,0,1,2
0.57,0.124,0.268,0,0,1,2
0.57,0.124,0.271,0,0,1,2
0.57,0.124,0.274,0,0,1,2
0.57,0.124,0.277,0,0,1,2
0.57,0.124,0.28,0,0,1,2
0.57,0.124,0.283,0,0,1,2
0.57,0.124,0.286,0,0,1,2
0.57,0.124,0.289,0,0,1,2
0.57,0.124,0.292,0,0,1,2
0.57,0.124,0.295,0,0,1,2
0.57,0.124,0.298,0,0,1,2
0.57,0.124,0.301,0,0,1,2
0.57,0.124,0.304,0,0,1,2
0.57,0.124,0.307,0,0,1,2
0.57,0.124,0.31,0,0,1,2
0.57,0.124,0.313,0,0,1,2
0.57,0.124,0.316,0,0,1,2
0.57,0.124,0.319,0,0,1,2
0.57,0.124,0.322,0,0,1,2
0.57,0.124,0.325,0,0,1,2
0.57,0.124,0.328,0,0,1,2
0.57,0.124,0.331,0,0,1,2
0.57,0.124,0.334,0,0,1,2
0.57,0.124,0.337,0,0,1,2
0.57,0.124,0.34,0,0,1,2
0.57,0.124,0.343,0,0,1,2
0.57,0.124,0.346,0,0,1,2
0.57,0.124,0.349,0,0,1,2
0.57,0.124,0.352,0,0,1,2
0.57,0.124,0.355,0,0,1,2
0.57,0.124,0.358,0,0,1,2
0.57,0.124,0.361,0,0,1,2
0.57,0.124,0.364,0,0,1,2
0.57,0.124,0.367,0,0,1,2
0.57,0.124,0.37,0,0,1,2
0.57,0.124,0.373,0,0,1,2
0.57,0.124,0.376,0,0,1,2
0.57,0.124,0.379,0,0,1,2
0.57,0.124,0.382,0,0,1,2
0.57,0.124,0.385,0,0,1,2
0.57,0.124,0.388,0,0,1,2
0.57,0.124,0.391,0,0,1,2
0.57,0.124,0.394,0,0,1,2
0.57,0.124,0.397,0,0,1,2
0.57,0.124,0.4,0,0,1,2
0.57,0.124,0.403,0,0,1,2
0.57,0.124,0.406,0,0,1,2
0.57,0.124,0.409,0,0,1,2
0.57,0.124,0.412,0,0,1,2
0.57,0.124,0.415,0,0,1,2
0.57,0.124,0.418,0,0,1,2
0.57,0.124,0.420999,0,0,1,2
0.57,0.124,0.423999,0,0,1,2
0.57,0.124,0.426999,0,0,1,2
0.57,0.124,0.429999,0,0,1,2
0.57,0.124,0.432999,0,0,1,2
0.57,0.124,0.435999,0,0,1,2
0.57,0.124,0.438999,0,0,1,2
0.57,0.124,0.441999,0,0,1,2
0.57,0.124,0.444999,0,0,1,2
0.57,0.124,0.447999,0,0,1,2
0.57,0.124,0.450999,0,0,1,2
0.57,0.127,0.25,0,0,1,2
0.57,0.127,0.253,0,0,1,2
0.57,0.127,0.256,0,0,1,2
0.57,0.127,0.259,0,0,1,2
0.57,0.127,0.262,0,0,1,2
0.57,0.127,0.265,0,0,1,2
0.57,0.127,0.268,0,0,1,2
0.57,0.127,0.271,0,0,1,2
0.57,0.127,0.274,0,0,1,2
0.57,0.127,0.277,0,0,1,2
0.57,0.127,0.28,0,0,1,2
0.57,0.127,0.283,0,0,1,2
0.57,0.127,0.286,0,0,1,2
0.57,0.127,0.289,0,0,1,2
0.57,0.127,0.292,0,0,1,2
0.57,0.127,0.295,0,0,1,2
0.57,0.127,0.298,0,0,1,2
0.57,0.127,0.301,0,0,1,2
0.57,0.127,0.304,0,0,1,2
0.57,0.127,0.307,0,0,1,2
0.57,0.127,0.31,0,0,1,2
0.57,0.127,0.313,0,0,1,2
0.57,0.127,0.316,0,0,1,2
0.57,0.127,0.319,0,0,1,2
0.57,0.127,0.322,0,0,1,2
0.57,0.127,0.325,0,0,1,2
0.57,0.127,0.328,0,0,1,2
0.57,0.127,0.331,0,0,1,2
0.57,0.127,0.334,0,0,1,2
0.57,0.127,0.337,0,0,1,2
0.57,0.127,0.34,0,0,1,2
0.57,0.127,0.343,0,0,1,2
0.57,0.127,0.346,0,0,1,2
0.57,0.127,0.349,0,0,1,2
0.57,0.127,0.352,0,0,1,2
0.57,0.127,0.355,0,0,1,2
0.57,0.127,0.358,0,0,1,2
0.57,0.127,0.361,0,0,1,2
0.57,0.127,0.364,0,0,1,2
0.57,0.127,0.367,0,0,1,2
0.57,0.127,0.37,0,0,1,2
0.57,0.127,0.373,0,0,1,2
0.57,0.127,0.376,0,0,1,2
0.57,0.127,0.379,0,0,1,2
0.57,0.127,0.382,0,0,1,2
0.57,0.127,0.385,0,0,1,2
0.57,0.127,0.388,0,0,1,2
0.57,0.127,0.391,0,0,1,2
0.57,0.127,0.394,0,0,1,2
0.57,0.127,0.397,0,0,1,2
0.57,0.127,0.4,0,0,1,2
0.57,0.127,0.403,0,0,1,2
0.57,0.127,0.406,0,0,1,2
0.57,0.127,0.409,0,0,1,2
0.57,0.127,0.412,0,0,1,2
0.57,0.127,0.415,0,0,1,2
0.57,0.127,0.418,0,0,1,2
0.57,0.127,0.420999,0,0,1,2
0.57,0.127,0.423999,0,0,1,2
0.57,0.127,0.426999,0,0,1,2
0.57,0.127,0.429999,0,0,1,2
0.57,0.127,0.432999,0,0,1,2
0.57,0.127,0.435999,0,0,1,2
0.57,0.127,0.438999,0,0,1,2
0.57,0.127,0.441999,0,0,1,2
0.57,0.127,0.444999,0,0,1,2
0.57,0.127,0.447999,0,0,1,2
0.57,0.127,0.450999,0,0,1,2
0.57,0.13,0.25,0,0,1,2
0.57,0.13,0.253,0,0,1,2
0.57,0.13,0.256,0,0,1,2
0.57,0.13,0.259,0,0,1,2
0.57,0.13,0.262,0,0,1,2
0.57,0.13,0.265,0,0,1,2
0.57,0.13,0.268,0,0,1,2
0.57,0.13,0.271,0,0,1,2
0.57,0.13,0.274,0,0,1,2
0.57,0.13,0.277,0,0,1,2
0.57,0.13,0.28,0,0,1,2
0.57,0.13,0.283,0,0,1,2
0.57,0.13,0.286,0,0,1,2
0.57,0.13,0.289,0,0,1,2
0.57,0.13,0.292,0,0,1,2
0.57,0.13,0.295,0,0,1,2
0.57,0.13,0.298,0,0,1,2
0.57,0.13,0.301,0,0,1,2
0.57,0.13,0.304,0,0,1,2
0.57,0.13,0.307,0,0,1,2
0.57,0.13,0.31,0,0,1,2
0.57,0.13,0.313,0,0,1,2
0.57,0.13,0.316,0,0,1,2
0.57,0.13,0.319,0,0,1,2
0.57,0.13,0.322,0,0,1,2
0.57,0.13,0.325,0,0,1,2
0.57,0.13,0.328,0,0,1,2
0.57,0.13,0.331,0,0,1,2
0.57,0.13,0.334,0,0,1,2
0.57,0.13,0.337,0,0,1,2
0.57,0.13,0.34,0,0,1,2
0.57,0.13,0.343,0,0,1,2
0.57,0.13,0.346,0,0,1,2
0.57,0.13,0.349,0,0,1,2
0.57,0.13,0.352,0,0,1,2
0.57,0.13,0.355,0,0,1,2
0.57,0.13,0.358,0,0,1,2
0.57,0.13,0.361,0,0,1,2
0.57,0.13,0.364,0,0,1,2
0.57,0.13,0.367,0,0,1,2
0.57,0.13,0.37,0,0,1,2
0.57,0.13,0.373,0,0,1,2
0.57,0.13,0.376,0,0,1,2
0.57,0.13,0.379,0,0,1,2
0.57,0.13,0.382,0,0,1,2
0.57,0.13,0.385,0,0,1,2
0.57,0.13,0.388,0,0,1,2
0.57,0.13,0.391,0,0,1,2
0.57,0.13,0.394,0,0,1,2
0.57,0.13,0.397,0,0,1,2
0.57,0.13,0.4,0,0,1,2
0.57,0.13,0.403,0,0,1,2
0.57,0.13,0.406,0,0,1,2
0.57,0.13,0.409,0,0,1,2
0.57,0.13,0.412,0,0,1,2
0.57,0.13,0.415,0,0,1,2
0.57,0.13,0.418,0,0,1,2
0.57,0.13,0.420999,0,0,1,2
0.57,0.13,0.423999,0,0,1,2
0.57,0.13,0.426999,0,0,1,2
0.57,0.13,0.429999,0,0,1,2
0.57,0.13,0.432999,0,0,1,2
0.57,0.13,0.435999,0,0,1,2
0.57,0.13,0.438999,0,0,1,2
0.57,0.13,0.441999,0,0,1,2
0.57,0.13,0.444999,0,0,1,2
0.57,0.13,0.447999,0,0,1,2
0.57,0.13,0.450999,0,0,1,2
0.57,0.133,0.25,0,0,1,2
0.57,0.133,0.253,0,0,1,2
0.57,0.133,0.256,0,0,1,2
0.57,0.133,0.259,0,0,1,2
0.57,0.133,0.262,0,0,1,2
0.57,0.133,0.265,0,0,1,2
0.57,0.133,0.268,0,0,1,2
0.57,0.133,0.271,0,0,1,2
0.57,0.133,0.274,0,0,1,2
0.57,0.133,0.277,0,0,1,2
0.57,0.133,0.28,0,0,1,2
0.57,0.133,0.283,0,0,1,2
0.57,0.133,0.286,0,0,1,2
0.57,0.133,0.289,0,0,1,2
0.57,0.133,0.292,0,0,1,2
0.57,0.133,0.295,0,0,1,2
0.57,0.133,0.298,0,0,1,2
0.57,0.133,0.301,0,0,1,2
0.57,0.133,0.304,0,0,1,2
0.57,0.133,0.307,0,0,1,2
0.57,0.133,0.31,0,0,1,2
0.57,0.133,0.313,0,0,1,2
0.57,0.133,0.316,0,0,1,2
0.57,0.133,0.319,0,0,1,2
0.57,0.133,0.322,0,0,1,2
0.57,0.133,0.325,0,0,1,2
0.57,0.133,0.328,0,0,1,2
0.57,0.133,0.331,0,0,1,2
0.57,0.133,0.334,0,0,1,2
0.57,0.133,0.337,0,0,1,2
0.57,0.133,0.34,0,0,1,2
0.57,0.133,0.343,0,0,1,2
0.57,0.133,0.346,0,0,1,2
0.57,0.133,0.349,0,0,1,2
0.57,0.133,0.352,0,0,1,2
0.57,0.133,0.355,0,0,1,2
0.57,0.133,0.358,0,0,1,2
0.57,0.133,0.361,0,0,1,2
0.57,0.133,0.364,0,0,1,2
0.57,0.133,0.367,0,0,1,2
0.57,0.133,0.37,0,0,1,2
0.57,0.133,0.373,0,0,1,2
0.57,0.133,0.376,0,0,1,2
0.57,0.133,0.379,0,0,1,2
0.57,0.133,0.382,0,0,1,2
0.57,0.133,0.385,0,0,1,2
0.57,0.133,0.388,0,0,1,2
0.57,0.133,0.391,0,0,1,2
0.57,0.133,0.394,0,0,1,2
0.57,0.133,0.397,0,0,1,2
0.57,0.133,0.4,0,0,1,2
0.57,0.133,0.403,0,0,1,2
0.57,0.133,0.406,0,0,1,2
0.57,0.133,0.409,0,0,1,2
0.57,0.133,0.412,0,0,1,2
0.57,0.133,0.415,0,0,1,2
0.57,0.133,0.418,0,0,1,2
0.57,0.133,0.420999,0,0,1,2
0.57,0.133,0.423999,0,0,1,2
0.57,0.133,0.426999,0,0,1,2
0.57,0.133,0.429999,0,0,1,2
0.57,0.133,0.432999,0,0,1,2
0.57,0.133,0.435999,0,0,1,2
0.57,0.133,0.438999,0,0,1,2
0.57,0.133,0.441999,0,0,1,2
0.57,0.133,0.444999,0,0,1,2
0.57,0.133,0.447999,0,0,1,2
0.57,0.133,0.450999,0,0,1,2
0.57,0.136,0.25,0,0,1,2
0.57,0.136,0.253,0,0,1,2
0.57,0.136,0.256,0,0,1,2
0.57,0.136,0.259,0,0,1,2
0.57,0.136,0.262,0,0,1,2
0.57,0.136,0.265,0,0,1,2
0.57,0.136,0.268,0,0,1,2
0.57,0.136,0.271,0,0,1,2
0.57,0.136,0.274,0,0,1,2
0.57,0.136,0.277,0,0,1,2
0.57,0.136,0.28,0,0,1,2
0.57,0.136,0.283,0,0,1,2
0.57,0.136,0.286,0,0,1,2
0.57,0.136,0.289,0,0,1,2
0.57,0.136,0.292,0,0,1,2
0.57,0.136,0.295,0,0,1,2
0.57,0.136,0.298,0,0,1,2
0.57,0.136,0.301,0,0,1,2
0.57,0.136,0.304,0,0,1,2
0.57,0.136,0.307,0,0,1,2
0.57,0.136,0.31,0,0,1,2
0.57,0.136,0.313,0,0,1,2
0.57,0.136,0.316,0,0,1,2
0.57,0.136,0.319,0,0,1,2
0.57,0.136,0.322,0,0,1,2
0.57,0.136,0.325,0,0,1,2
0.57,0.136,0.328,0,0,1,2
0.57,0.136,0.331,0,0,1,2
0.57,0.136,0.334,0,0,1,2
0.57,0.136,0.337,0,0,1,2
0.57,0.136,0.34,0,0,1,2
0.57,0.136,0.343,0,0,1,2
0.57,0.136,0.346,0,0,1,2
0.57,0.136,0.349,0,0,1,2
0.57,0.136,0.352,0,0,1,2
0.57,0.136,0.355,0,0,1,2
0.57,0.136,0.358,0,0,1,2
0.57,0.136,0.361,0,0,1,2
0.57,0.136,0.364,0,0,1,2
0.57,0.136,0.367,0,0,1,2
0.57,0.136,0.37,0,0,1,2
0.57,0.136,0.373,0,0,1,2
0.57,0.136,0.376,0,0,1,2
0.57,0.136,0.379,0,0,1,2
0.57,0.136,0.382,0,0,1,2
0.57,0.136,0.385,0,0,1,2
0.57,0.136,0.388,0,0,1,2
0.57,0.136,0.391,0,0,1,2
0.57,0.136,0.394,0,0,1,2
0.57,0.136,0.397,0,0,1,2
0.57,0.136,0.4,0,0,1,2
0.57,0.136,0.403,0,0,1,2
0.57,0.136,0.406,0,0,1,2
0.57,0.136,0.409,0,0,1,2
0.57,0.136,0.412,0,0,1,2
0.57,0.136,0.415,0,0,1,2
0.57,0.136,0.418,0,0,1,2
0.57,0.136,0.420999,0,0,1,2
0.57,0.136,0.423999,0,0,1,2
0.57,0.136,0.426999,0,0,1,2
0.57,0.136,0.429999,0,0,1,2
0.57,0.136,0.432999,0,0,1,2
0.57,0.136,0.435999,0,0,1,2
0.57,0.136,0.438999,0,0,1,2
0.57,0.136,0.441999,0,0,1,2
0.57,0.136,0.444999,0,0,1,2
0.57,0.136,0.447999,0,0,1,2
0.57,0.136,0.450999,0,0,1,2
0.57,0.139,0.25,0,0,1,2
0.57,0.139,0.253,0,0,1,2
0.57,0.139,0.256,0,0,1,2
0.57,0.139,0.259,0,0,1,2
0.57,0.139,0.262,0,0,1,2
0.57,0.139,0.265,0,0,1,2
0.57,0.139,0.268,0,0,1,2
0.57,0.139,0.271,0,0,1,2
0.57,0.139,0.274,0,0,1,2
0.57,0.139,0.277,0,0,1,2
0.57,0.139,0.28,0,0,1,2
0.57,0.139,0.283,0,0,1,2
0.57,0.139,0.286,0,0,1,2
0.57,0.139,0.289,0,0,1,2
0.57,0.139,0.292,0,0,1,2
0.57,0.139,0.295,0,0,1,2
0.57,0.139,0.298,0,0,1,2
0.57,0.139,0.301,0,0,1,2
0.57,0.139,0.304,0,0,1,2
0.57,0.139,0.307,0,0,1,2
0.57,0.139,0.31,0,0,1,2
0.57,0.139,0.313,0,0,1,2
0.57,0.139,0.316,0,0,1,2
0.57,0.139,0.319,0,0,1,2
0.57,0.139,0.322,0,0,1,2
0.57,0.139,0.325,0,0,1,2
0.57,0.139,0.328,0,0,1,2
0.57,0.139,0.331,0,0,1,2
0.57,0.139,0.334,0,0,1,2
0.57,0.139,0.337,0,0,1,2
0.57,0.139,0.34,0,0,1,2
0.57,0.139,0.343,0,0,1,2
0.57,0.139,0.346,0,0,1,2
0.57,0.139,0.349,0,0,1,2
0.57,0.139,0.352,0,0,1,2
0.57,0.139,0.355,0,0,1,2
0.57,0.139,0.358,0,0,1,2
0.57,0.139,0.361,0,0,1,2
0.57,0.139,0.364,0,0,1,2
0.57,0.139,0.367,0,0,1,2
0.57,0.139,0.37,0,0,1,2
0.57,0.139,0.373,0,0,1,2
0.57,0.139,0.376,0,0,1,2
0.57,0.139,0.379,0,0,1,2
0.57,0.139,0.382,0,0,1,2
0.57,0.139,0.385,0,0,1,2
0.57,0.139,0.388,0,0,1,2
0.57,0.139,0.391,0,0,1,2
0.57,0.139,0.394,0,0,1,2
0.57,0.139,0.397,0,0,1,2
0.57,0.139,0.4,0,0,1,2
0.57,0.139,0.403,0,0,1,2
0.57,0.139,0.406,0,0,1,2
0.57,0.139,0.409,0,0,1,2
0.57,0.139,0.412,0,0,1,2
0.57,0.139,0.415,0,0,1,2
0.57,0.139,0.418,0,0,1,2
0.57,0.139,0.420999,0,0,1,2
0.57,0.139,0.423999,0,0,1,2
0.57,0.139,0.426999,0,0,1,2
0.57,0.139,0.429999,0,0,1,2
0.57,0.139,0.432999,0,0,1,2
0.57,0.139,0.435999,0,0,1,2
0.57,0.139,0.438999,0,0,1,2
0.57,0.139,0.441999,0,0,1,2
0.57,0.139,0.444999,0,0,1,2
0.57,0.139,0.447999,0,0,1,2
0.57,0.139,0.450999,0,0,1,2
0.57,0.142,0.25,0,0,1,2
0.57,0.142,0.253,0,0,1,2
0.57,0.142,0.256,0,0,1,2
0.57,0.142,0.259,0,0,1,2
0.57,0.142,0.262,0,0,1,2
0.57,0.142,0.265,0,0,1,2
0.57,0.142,0.268,0,0,1,2
0.57,0.142,0.271,0,0,1,2
0.57,0.142,0.274,0,0,1,2
0.57,0.142,0.277,0,0,1,2
0.57,0.142,0.28,0,0,1,2
0.57,0.142,0.283,0,0,1,2
0.57,0.142,0.286,0,0,1,2
0.57,0.142,0.289,0,0,1,2
0.57,0.142,0.292,0,0,1,2
0.57,0.142,0.295,0,0,1,2
0.57,0.142,0.298,0,0,1,2
0.57,0.142,0.301,0,0,1,2
0.57,0.142,0.304,0,0,1,2
0.57,0.142,0.307,0,0,1,2
0.57,0.142,0.31,0,0,1,2
0.57,0.142,0.313,0,0,1,2
0.57,0.142,0.316,0,0,1,2
0.57,0.142,0.319,0,0,1,2
0.57,0.142,0.322,0,0,1,2
0.57,0.142,0.325,0,0,1,2
0.57,0.142,0.328,0,0,1,2
0.57,0.142,0.331,0,0,1,2
0.57,0.142,0.334,0,0,1,2
0.57,0.142,0.337,0,0,1,2
0.57,0.142,0.34,0,0,1,2
0.57,0.142,0.343,0,0,1,2
0.57,0.142,0.346,0,0,1,2
0.57,0.142,0.349,0,0,1,2
0.57,0.142,0.352,0,0,1,2
0.57,0.142,0.355,0,0,1,2
0.57,0.142,0.358,0,0,1,2
0.57,0.142,0.361,0,0,1,2
0.57,0.142,0.364,0,0,1,2
0.57,0.142,0.367,0,0,1,2
0.57,0.142,0.37,0,0,1,2
0.57,0.142,0.373,0,0,1,2
0.57,0.142,0.376,0,0,1,2
0.57,0.142,0.379,0,0,1,2
0.57,0.142,0.382,0,0,1,2
0.57,0.142,0.385,0,0,1,2
0.57,0.142,0.388,0,0,1,2
0.57,0.142,0.391,0,0,1,2
0.57,0.142,0.394,0,0,1,2
0.57,0.142,0.397,0,0,1,2
0.57,0.142,0.4,0,0,1,2
0.57,0.142,0.403,0,0,1,2
0.57,0.142,0.406,0,0,1,2
0.57,0.142,0.409,0,0,1,2
0.57,0.142,0.412,0,0,1,2
0.57,0.142,0.415,0,0,1,2
0.57,0.142,0.418,0,0,1,2
0.57,0.142,0.420999,0,0,1,2
0.57,0.142,0.423999,0,0,1,2
0.57,0.142,0.426999,0,0,1,2
0.57,0.142,0.429999,0,0,1,2
0.57,0.142,0.432999,0,0,1,2
0.57,0.142,0.435999,0,0,1,2
0.57,0.142,0.438999,0,0,1,2
0.57,0.142,0.441999,0,0,1,2
0.57,0.142,0.444999,0,0,1,2
0.57,0.142,0.447999,0,0,1,2
0.57,0.142,0.450999,0,0,1,2
0.57,0.145,0.25,0,0,1,2
0.57,0.145,0.253,0,0,1,2
0.57,0.145,0.256,0,0,1,2
0.57,0.145,0.259,0,0,1,2
0.57,0.145,0.262,0,0,1,2
0.57,0.145,0.265,0,0,1,2
0.57,0.145,0.268,0,0,1,2
0.57,0.145,0.271,0,0,1,2
0.57,0.145,0.274,0,0,1,2
0.57,0.145,0.277,0,0,1,2
0.57,0.145,0.28,0,0,1,2
0.57,0.145,0.283,0,0,1,2
0.57,0.145,0.286,0,0,1,2
0.57,0.145,0.289,0,0,1,2
0.57,0.145,0.292,0,0,1,2
0.57,0.145,0.295,0,0,1,2
0.57,0.145,0.298,0,0,1,2
0.57,0.145,0.301,0,0,1,2
0.57,0.145,0.304,0,0,1,2
0.57,0.145,0.307,0,0,1,2
0.57,0.145,0.31,0,0,1,2
0.57,0.145,0.313,0,0,1,2
0.57,0.145,0.316,0,0,1,2
0.57,0.145,0.319,0,0,1,2
0.57,0.145,0.322,0,0,1,2
0.57,0.145,0.325,0,0,1,2
0.57,0.145,0.328,0,0,1,2
0.57,0.145,0.331,0,0,1,2
0.57,0.145,0.334,0,0,1,2
0.57,0.145,0.337,0,0,1,2
0.57,0.145,0.34,0,0,1,2
0.57,0.145,0.343,0,0,1,2
0.57,0.145,0.346,0,0,1,2
0.57,0.145,0.349,0,0,1,2
0.57,0.145,0.352,0,0,1,2
0.57,0.145,0.355,0,0,1,2
0.57,0.145,0.358,0,0,1,2
0.57,0.145,0.361,0,0,1,2
0.57,0.145,0.364,0,0,1,2
0.57,0.145,0.367,0,0,1,2
0.57,0.145,0.37,0,0,1,2
0.57,0.145,0.373,0,0,1,2
0.57,0.145,0.376,0,0,1,2
0.57,0.145,0.379,0,0,1,2
0.57,0.145,0.382,0,0,1,2
0.57,0.145,0.385,0,0,1,2
0.57,0.145,0.388,0,0,1,2
0.57,0.145,0.391,0,0,1,2
0.57,0.145,0.394,0,0,1,2
0.57,0.145,0.397,0,0,1,2
0.57,0.145,0.4,0,0,1,2
0.57,0.145,0.403,0,0,1,2
0.57,0.145,0.406,0,0,1,2
0.57,0.145,0.409,0,0,1,2
0.57,0.145,0.412,0,0,1,2
0.57,0.145,0.415,0,0,1,2
0.57,0.145,0.418,0,0,1,2
0.57,0.145,0.420999,0,0,1,2
0.57,0.145,0.423999,0,0,1,2
0.57,0.145,0.426999,0,0,1,2
0.57,0.145,0.429999,0,0,1,2
0.57,0.145,0.432999,0,0,1,2
0.57,0.145,0.435999,0,0,1,2
0.57,0.145,0.438999,0,0,1,2
0.57,0.145,0.441999,0,0,1,2
0.57,0.145,0.444999,0,0,1,2
0.57,0.145,0.447999,0,0,1,2
0.57,0.145,0.450999,0,0,1,2
0.57,0.148,0.25,0,0,1,2
0.57,0.148,0.253,0,0,1,2
0.57,0.148,0.256,0,0,1,2
0.57,0.148,0.259,0,0,1,2
0.57,0.148,0.262,0,0,1,2
0.57,0.148,0.265,0,0,1,2
0.57,0.148,0.268,0,0,1,2
0.57,0.148,0.271,0,0,1,2
0.57,0.148,0.274,0,0,1,2
0.57,0.148,0.277,0,0,1,2
0.57,0.148,0.28,0,0,1,2
0.57,0.148,0.283,0,0,1,2
0.57,0.148,0.286,0,0,1,2
0.57,0.148,0.289,0,0,1,2
0.57,0.148,0.292,0,0,1,2
0.57,0.148,0.295,0,0,1,2
0.57,0.148,0.298,0,0,1,2
0.57,0.148,0.301,0,0,1,2
0.57,0.148,0.304,0,0,1,2
0.57,0.148,0.307,0,0,1,2
0.57,0.148,0.31,0,0,1,2
0.57,0.148,0.313,0,0,1,2
0.57,0.148,0.316,0,0,1,2
0.57,0.148,0.319,0,0,1,2
0.57,0.148,0.322,0,0,1,2
0.57,0.148,0.325,0,0,1,2
0.57,0.148,0.328,0,0,1,2
0.57,0.148,0.331,0,0,1,2
0.57,0.148,0.334,0,0,1,2
0.57,0.148,0.337,0,0,1,2
0.57,0.148,0.34,0,0,1,2
0.57,0.148,0.343,0,0,1,2
0.57,0.148,0.346,0,0,1,2
0.57,0.148,0.349,0,0,1,2
0.57,0.148,0.352,0,0,1,2
0.57,0.148,0.355,0,0,1,2
0.57,0.148,0.358,0,0,1,2
0.57,0.148,0.361,0,0,1,2
0.57,0.148,0.364,0,0,1,2
0.57,0.148,0.367,0,0,1,2
0.57,0.148,0.37,0,0,1,2
0.57,0.148,0.373,0,0,1,2
0.57,0.148,0.376,0,0,1,2
0.57,0.148,0.379,0,0,1,2
0.57,0.148,0.382,0,0,1,2
0.57,0.148,0.385,0,0,1,2
0.57,0.148,0.388,0,0,1,2
0.57,0.148,0.391,0,0,1,2
0.57,0.148,0.394,0,0,1,2
0.57,0.148,0.397,0,0,1,2
0.57,0.148,0.4,0,0,1,2
0.57,0.148,0.403,0,0,1,2
0.57,0.148,0.406,0,0,1,2
0.57,0.148,0.409,0,0,1,2
0.57,0.148,0.412,0,0,1,2
0.57,0.148,0.415,0,0,1,2
0.57,0.148,0.418,0,0,1,2
0.57,0.148,0.420999,0,0,1,2
0.57,0.148,0.423999,0,0,1,2
0.57,0.148,0.426999,0,0,1,2
0.57,0.148,0.429999,0,0,1,2
0.57,0.148,0.432999,0,0,1,2
0.57,0.148,0.435999,0,0,1,2
0.57,0.148,0.438999,0,0,1,2
0.57,0.148,0.441999,0,0,1,2
0.57,0.148,0.444999,0,0,1,2
0.57,0.148,0.447999,0,0,1,2
0.57,0.148,0.450999,0,0,1,2
0.57,0.151,0.25,0,0,1,2
0.57,0.151,0.253,0,0,1,2
0.57,0.151,0.256,0,0,1,2
0.57,0.151,0.259,0,0,1,2
0.57,0.151,0.262,0,0,1,2
0.57,0.151,0.265,0,0,1,2
0.57,0.151,0.268,0,0,1,2
0.57,0.151,0.271,0,0,1,2
0.57,0.151,0.274,0,0,1,2
0.57,0.151,0.277,0,0,1,2
0.57,0.151,0.28,0,0,1,2
0.57,0.151,0.283,0,0,1,2
0.57,0.151,0.286,0,0,1,2
0.57,0.151,0.289,0,0,1,2
0.57,0.151,0.292,0,0,1,2
0.57,0.151,0.295,0,0,1,2
0.57,0.151,0.298,0,0,1,2
0.57,0.151,0.301,0,0,1,2
0.57,0.151,0.304,0,0,1,2
0.57,0.151,0.307,0,0,1,2
0.57,0.151,0.31,0,0,1,2
0.57,0.151,0.313,0,0,1,2
0.57,0.151,0.316,0,0,1,2
0.57,0.151,0.319,0,0,1,2
0.57,0.151,0.322,0,0,1,2
0.57,0.151,0.325,0,0,1,2
0.57,0.151,0.328,0,0,1,2
0.57,0.151,0.331,0,0,1,2
0.57,0.151,0.334,0,0,1,2
0.57,0.151,0.337,0,0,1,2
0.57,0.151,0.34,0,0,1,2
0.57,0.151,0.343,0,0,1,2
0.57,0.151,0.346,0,0,1,2
0.57,0.151,0.349,0,0,1,2
0.57,0.151,0.352,0,0,1,2
0.57,0.151,0.355,0,0,1,2
0.57,0.151,0.358,0,0,1,2
0.57,0.151,0.361,0,0,1,2
0.57,0.151,0.364,0,0,1,2
0.57,0.151,0.367,0,0,1,2
0.57,0.151,0.37,0,0,1,2
0.57,0.151,0.373,0,0,1,2
0.57,0.151,0.376,0,0,1,2
0.57,0.151,0.379,0,0,1,2
0.57,0.151,0.382,0,0,1,2
0.57,0.151,0.385,0,0,1,2
0.57,0.151,0.388,0,0,1,2
0.57,0.151,0.391,0,0,1,2
0.57,0.151,0.394,0,0,1,2
0.57,0.151,0.397,0,0,1,2
0.57,0.151,0.4,0,0,1,2
0.57,0.151,0.403,0,0,1,2
0.57,0.151,0.406,0,0,1,2
0.57,0.151,0.409,0,0,1,2
0.57,0.151,0.412,0,0,1,2
0.57,0.151,0.415,0,0,1,2
0.57,0.151,0.418,0,0,1,2
0.57,0.151,0.420999,0,0,1,2
0.57,0.151,0.423999,0,0,1,2
0.57,0.151,0.426999,0,0,1,2
0.57,0.151,0.429999,0,0,1,2
0.57,0.151,0.432999,0,0,1,2
0.57,0.151,0.435999,0,0,1,2
0.57,0.151,0.438999,0,0,1,2
0.57,0.151,0.441999,0,0,1,2
0.57,0.151,0.444999,0,0,1,2
0.57,0.151,0.447999,0,0,1,2
0.57,0.151,0.450999,0,0,1,2
0.57,0.154,0.25,0,0,1,2
0.57,0.154,0.253,0,0,1,2
0.57,0.154,0.256,0,0,1,2
0.57,0.154,0.259,0,0,1,2
0.57,0.154,0.262,0,0,1,2
0.57,0.154,0.265,0,0,1,2
0.57,0.154,0.268,0,0,1,2
0.57,0.154,0.271,0,0,1,2
0.57,0.154,0.274,0,0,1,2
0.57,0.154,0.277,0,0,1,2
0.57,0.154,0.28,0,0,1,2
0.57,0.154,0.283,0,0,1,2
0.57,0.154,0.286,0,0,1,2
0.57,0.154,0.289,0,0,1,2
0.57,0.154,0.292,0,0,1,2
0.57,0.154,0.295,0,0,1,2
0.57,0.154,0.298,0,0,1,2
0.57,0.154,0.301,0,0,1,2
0.57,0.154,0.304,0,0,1,2
0.57,0.154,0.307,0,0,1,2
0.57,0.154,0.31,0,0,1,2
0.57,0.154,0.313,0,0,1,2
0.57,0.154,0.316,0,0,1,2
0.57,0.154,0.319,0,0,1,2
0.57,0.154,0.322,0,0,1,2
0.57,0.154,0.325,0,0,1,2
0.57,0.154,0.328,0,0,1,2
0.57,0.154,0.331,0,0,1,2
0.57,0.154,0.334,0,0,1,2
0.57,0.154,0.337,0,0,1,2
0.57,0.154,0.34,0,0,1,2
0.57,0.154,0.343,0,0,1,2
0.57,0.154,0.346,0,0,1,2
0.57,0.154,0.349,0,0,1,2
0.57,0.154,0.352,0,0,1,2
0.57,0.154,0.355,0,0,1,2
0.57,0.154,0.358,0,0,1,2
0.57,0.154,0.361,0,0,1,2
0.57,0.154,0.364,0,0,1,2
0.57,0.154,0.367,0,0,1,2
0.57,0.154,0.37,0,0,1,2
0.57,0.154,0.373,0,0,1,2
0.57,0.154,0.376,0,0,1,2
0.57,0.154,0.379,0,0,1,2
0.57,0.154,0.382,0,0,1,2
0.57,0.154,0.385,0,0,1,2
0.57,0.154,0.388,0,0,1,2
0.57,0.154,0.391,0,0,1,2
0.57,0.154,0.394,0,0,1,2
0.57,0.154,0.397,0,0,1,2
0.57,0.154,0.4,0,0,1,2
0.57,0.154,0.403,0,0,1,2
0.57,0.154,0.406,0,0,1,2
0.57,0.154,0.409,0,0,1,2
0.57,0.154,0.412,0,0,1,2
0.57,0.154,0.415,0,0,1,2
0.57,0.154,0.418,0,0,1,2
0.57,0.154,0.420999,0,0,1,2
0.57,0.154,0.423999,0,0,1,2
0.57,0.154,0.426999,0,0,1,2
0.57,0.154,0.429999,0,0,1,2
0.57,0.154,0.432999,0,0,1,2
0.57,0.154,0.435999,0,0,1,2
0.57,0.154,0.438999,0,0,1,2
0.57,0.154,0.441999,0,0,1,2
0.57,0.154,0.444999,0,0,1,2
0.57,0.154,0.447999,0,0,1,2
0.57,0.154,0.450999,0,0,1,2
0.57,0.157,0.25,0,0,1,2
0.57,0.157,0.253,0,0,1,2
0.57,0.157,0.256,0,0,1,2
0.57,0.157,0.259,0,0,1,2
0.57,0.157,0.262,0,0,1,2
0.57,0.157,0.265,0,0,1,2
0.57,0.157,0.268,0,0,1,2
0.57,0.157,0.271,0,0,1,2
0.57,0.157,0.274,0,0,1,2
0.57,0.157,0.277,0,0,1,2
0.57,0.157,0.28,0,0,1,2
0.57,0.157,0.283,0,0,1,2
0.57,0.157,0.286,0,0,1,2
0.57,0.157,0.289,0,0,1,2
0.57,0.157,0.292,0,0,1,2
0.57,0.157,0.295,0,0,1,2
0.57,0.157,0.298,0,0,1,2
0.57,0.157,0.301,0,0,1,2
0.57,0.157,0.304,0,0,1,2
0.57,0.157,0.307,0,0,1,2
0.57,0.157,0.31,0,0,1,2
0.57,0.157,0.313,0,0,1,2
0.57,0.157,0.316,0,0,1,2
0.57,0.157,0.319,0,0,1,2
0.57,0.157,0.322,0,0,1,2
0.57,0.157,0.325,0,0,1,2
0.57,0.157,0.328,0,0,1,2
0.57,0.157,0.331,0,0,1,2
0.57,0.157,0.334,0,0,1,2
0.57,0.157,0.337,0,0,1,2
0.57,0.157,0.34,0,0,1,2
0.57,0.157,0.343,0,0,1,2
0.57,0.157,0.346,0,0,1,2
0.57,0.157,0.349,0,0,1,2
0.57,0.157,0.352,0,0,1,2
0.57,0.157,0.355,0,0,1,2
0.57,0.157,0.358,0,0,1,2
0.57,0.157,0.361,0,0,1,2
0.57,0.157,0.364,0,0,1,2
0.57,0.157,0.367,0,0,1,2
0.57,0.157,0.37,0,0,1,2
0.57,0.157,0.373,0,0,1,2
0.57,0.157,0.376,0,0,1,2
0.57,0.157,0.379,0,0,1,2
0.57,0.157,0.382,0,0,1,2
0.57,0.157,0.385,0,0,1,2
0.57,0.157,0.388,0,0,1,2
0.57,0.157,0.391,0,0,1,2
0.57,0.157,0.394,0,0,1,2
0.57,0.157,0.397,0,0,1,2
0.57,0.157,0.4,0,0,1,2
0.57,0.157,0.403,0,0,1,2
0.57,0.157,0.406,0,0,1,2
0.57,0.157,0.409,0,0,1,2
0.57,0.157,0.412,0,0,1,2
0.57,0.157,0.415,0,0,1,2
0.57,0.157,0.418,0,0,1,2
0.57,0.157,0.420999,0,0,1,2
0.57,0.157,0.423999,0,0,1,2
0.57,0.157,0.426999,0,0,1,2
0.57,0.157,0.429999,0,0,1,2
0.57,0.157,0.432999,0,0,1,2
0.57,0.157,0.435999,0,0,1,2
0.57,0.157,0.438999,0,0,1,2
0.57,0.157,0.441999,0,0,1,2
0.57,0.157,0.444999,0,0,1,2
0.57,0.157,0.447999,0,0,1,2
0.57,0.157,0.450999,0,0,1,2
0.57,0.16,0.25,0,0,1,2
0.57,0.16,0.253,0,0,1,2
0.57,0.16,0.256,0,0,1,2
0.57,0.16,0.259,0,0,1,2
0.57,0.16,0.262,0,0,1,2
0.57,0.16,0.265,0,0,1,2
0.57,0.16,0.268,0,0,1,2
0.57,0.16,0.271,0,0,1,2
0.57,0.16,0.274,0,0,1,2
0.57,0.16,0.277,0,0,1,2
0.57,0.16,0.28,0,0,1,2
0.57,0.16,0.283,0,0,1,2
0.57,0.16,0.286,0,0,1,2
0.57,0.16,0.289,0,0,1,2
0.57,0.16,0.292,0,0,1,2
0.57,0.16,0.295,0,0,1,2
0.57,0.16,0.298,0,0,1,2
0.57,0.16,0.301,0,0,1,2
0.57,0.16,0.304,0,0,1,2
0.57,0.16,0.307,0,0,1,2
0.57,0.16,0.31,0,0,1,2
0.57,0.16,0.313,0,0,1,2
0.57,0.16,0.316,0,0,1,2
0.57,0.16,0.319,0,0,1,2
0.57,0.16,0.322,0,0,1,2
0.57,0.16,0.325,0,0,1,2
0.57,0.16,0.328,0,0,1,2
0.57,0.16,0.331,0,0,1,2
0.57,0.16,0.334,0,0,1,2
0.57,0.16,0.337,0,0,1,2
0.57,0.16,0.34,0,0,1,2
0.57,0.16,0.343,0,0,1,2
0.57,0.16,0.346,0,0,1,2
0.57,0.16,0.349,0,0,1,2
0.57,0.16,0.352,0,0,1,2
0.57,0.16,0.355,0,0,1,2
0.57,0.16,0.358,0,0,1,2
0.57,0.16,0.361,0,0,1,2
0.57,0.16,0.364,0,0,1,2
0.57,0.16,0.367,0,0,1,2
0.57,0.16,0.37,0,0,1,2
0.57,0.16,0.373,0,0,1,2
0.57,0.16,0.376,0,0,1,2
0.57,0.16,0.379,0,0,1,2
0.57,0.16,0.382,0,0,1,2
0.57,0.16,0.385,0,0,1,2
0.57,0.16,0.388,0,0,1,2
0.57,0.16,0.391,0,0,1,2
0.57,0.16,0.394,0,0,1,2
0.57,0.16,0.397,0,0,1,2
0.57,0.16,0.4,0,0,1,2
0.57,0.16,0.403,0,0,1,2
0.57,0.16,0.406,0,0,1,2
0.57,0.16,0.409,0,0,1,2
0.57,0.16,0.412,0,0,1,2
0.57,0.16,0.415,0,0,1,2
0.57,0.16,0.418,0,0,1,2
0.57,0.16,0.420999,0,0,1,2
0.57,0.16,0.423999,0,0,1,2
0.57,0.16,0.426999,0,0,1,2
0.57,0.16,0.429999,0,0,1,2
0.57,0.16,0.432999,0,0,1,2
0.57,0.16,0.435999,0,0,1,2
0.57,0.16,0.438999,0,0,1,2
0.57,0.16,0.441999,0,0,1,2
0.57,0.16,0.444999,0,0,1,2
0.57,0.16,0.447999,0,0,1,2
0.57,0.16,0.450999,0,0,1,2
0.57,0.163,0.25,0,0,1,2
0.57,0.163,0.253,0,0,1,2
0.57,0.163,0.256,0,0,1,2
0.57,0.163,0.259,0,0,1,2
0.57,0.163,0.262,0,0,1,2
0.57,0.163,0.265,0,0,1,2
0.57,0.163,0.268,0,0,1,2
0.57,0.163,0.271,0,0,1,2
0.57,0.163,0.274,0,0,1,2
0.57,0.163,0.277,0,0,1,2
0.57,0.163,0.28,0,0,1,2
0.57,0.163,0.283,0,0,1,2
0.57,0.163,0.286,0,0,1,2
0.57,0.163,0.289,0,0,1,2
0.57,0.163,0.292,0,0,1,2
0.57,0.163,0.295,0,0,1,2
0.57,0.163,0.298,0,0,1,2
0.57,0.163,0.301,0,0,1,2
0.57,0.163,0.304,0,0,1,2
0.57,0.163,0.307,0,0,1,2
0.57,0.163,0.31,0,0,1,2
0.57,0.163,0.313,0,0,1,2
0.57,0.163,0.316,0,0,1,2
0.57,0.163,0.319,0,0,1,2
0.57,0.163,0.322,0,0,1,2
0.57,0.163,0.325,0,0,1,2
0.57,0.163,0.328,0,0,1,2
0.57,0.163,0.331,0,0,1,2
0.57,0.163,0.334,0,0,1,2
0.57,0.163,0.337,0,0,1,2
0.57,0.163,0.34,0,0,1,2
0.57,0.163,0.343,0,0,1,2
0.57,0.163,0.346,0,0,1,2
0.57,0.163,0.349,0,0,1,2
0.57,0.163,0.352,0,0,1,2
0.57,0.163,0.355,0,0,1,2
0.57,0.163,0.358,0,0,1,2
0.57,0.163,0.361,0,0,1,2
0.57,0.163,0.364,0,0,1,2
0.57,0.163,0.367,0,0,1,2
0.57,0.163,0.37,0,0,1,2
0.57,0.163,0.373,0,0,1,2
0.57,0.163,0.376,0,0,1,2
0.57,0.163,0.379,0,0,1,2
0.57,0.163,0.382,0,0,1,2
0.57,0.163,0.385,0,0,1,2
0.57,0.163,0.388,0,0,1,2
0.57,0.163,0.391,0,0,1,2
0.57,0.163,0.394,0,0,1,2
0.57,0.163,0.397,0,0,1,2
0.57,0.163,0.4,0,0,1,2
0.57,0.163,0.403,0,0,1,2
0.57,0.163,0.406,0,0,1,2
0.57,0.163,0.409,0,0,1,2
0.57,0.163,0.412,0,0,1,2
0.57,0.163,0.415,0,0,1,2
0.57,0.163,0.418,0,0,1,2
0.57,0.163,0.420999,0,0,1,2
0.57,0.163,0.423999,0,0,1,2
0.57,0.163,0.426999,0,0,1,2
0.57,0.163,0.429999,0,0,1,2
0.57,0.163,0.432999,0,0,1,2
0.57,0.163,0.435999,0,0,1,2
0.57,0.163,0.438999,0,0,1,2
0.57,0.163,0.441999,0,0,1,2
0.57,0.163,0.444999,0,0,1,2
0.57,0.163,0.447999,0,0,1,2
0.57,0.163,0.450999,0,0,1,2
0.57,0.166,0.25,0,0,1,2
0.57,0.166,0.253,0,0,1,2
0.57,0.166,0.256,0,0,1,2
0.57,0.166,0.259,0,0,1,2
0.57,0.166,0.262,0,0,1,2
0.57,0.166,0.265,0,0,1,2
0.57,0.166,0.268,0,0,1,2
0.57,0.166,0.271,0,0,1,2
0.57,0.166,0.274,0,0,1,2
0.57,0.166,0.277,0,0,1,2
0.57,0.166,0.28,0,0,1,2
0.57,0.166,0.283,0,0,1,2
0.57,0.166,0.286,0,0,1,2
0.57,0.166,0.289,0,0,1,2
0.57,0.166,0.292,0,0,1,2
0.57,0.166,0.295,0,0,1,2
0.57,0.166,0.298,0,0,1,2
0.57,0.166,0.301,0,0,1,2
0.57,0.166,0.304,0,0,1,2
0.57,0.166,0.307,0,0,1,2
0.57,0.166,0.31,0,0,1,2
0.57,0.166,0.313,0,0,1,2
0.57,0.166,0.316,0,0,1,2
0.57,0.166,0.319,0,0,1,2
0.57,0.166,0.322,0,0,1,2
0.57,0.166,0.325,0,0,1,2
0.57,0.166,0.328,0,0,1,2
0.57,0.166,0.331,0,0,1,2
0.57,0.166,0.334,0,0,1,2
0.57,0.166,0.337,0,0,1,2
0.57,0.166,0.34,0,0,1,2
0.57,0.166,0.343,0,0,1,2
0.57,0.166,0.346,0,0,1,2
0.57,0.166,0.349,0,0,1,2
0.57,0.166,0.352,0,0,1,2
0.57,0.166,0.355,0,0,1,2
0.57,0.166,0.358,0,0,1,2
0.57,0.166,0.361,0,0,1,2
0.57,0.166,0.364,0,0,1,2
0.57,0.166,0.367,0,0,1,2
0.57,0.166,0.37,0,0,1,2
0.57,0.166,0.373,0,0,1,2
0.57,0.166,0.376,0,0,1,2
0.57,0.166,0.379,0,0,1,2
0.57,0.166,0.382,0,0,1,2
0.57,0.166,0.385,0,0,1,2
0.57,0.166,0.388,0,0,1,2
0.57,0.166,0.391,0,0,1,2
0.57,0.166,0.394,0,0,1,2
0.57,0.166,0.397,0,0,1,2
0.57,0.166,0.4,0,0,1,2
0.57,0.166,0.403,0,0,1,2
0.57,0.166,0.406,0,0,1,2
0.57,0.166,0.409,0,0,1,2
0.57,0.166,0.412,0,0,1,2
0.57,0.166,0.415,0,0,1,2
0.57,0.166,0.418,0,0,1,2
0.57,0.166,0.420999,0,0,1,2
0.57,0.166,0.423999,0,0,1,2
0.57,0.166,0.426999,0,0,1,2
0.57,0.166,0.429999,0,0,1,2
0.57,0.166,0.432999,0,0,1,2
0.57,0.166,0.435999,0,0,1,2
0.57,0.166,0.438999,0,0,1,2
0.57,0.166,0.441999,0,0,1,2
0.57,0.166,0.444999,0,0,1,2
0.57,0.166,0.447999,0,0,1,2
0.57,0.166,0.450999,0,0,1,2
0.57,0.169,0.25,0,0,1,2
0.57,0.169,0.253,0,0,1,2
0.57,0.169,0.256,0,0,1,2
0.57,0.169,0.259,0,0,1,2
0.57,0.169,0.262,0,0,1,2
0.57,0.169,0.265,0,0,1,2
0.57,0.169,0.268,0,0,1,2
0.57,0.169,0.271,0,0,1,2
0.57,0.169,0.274,0,0,1,2
0.57,0.169,0.277,0,0,1,2
0.57,0.169,0.28,0,0,1,2
0.57,0.169,0.283,0,0,1,2
0.57,0.169,0.286,0,0,1,2
0.57,0.169,0.289,0,0,1,2
0.57,0.169,0.292,0,0,1,2
0.57,0.169,0.295,0,0,1,2
0.57,0.169,0.298,0,0,1,2
0.57,0.169,0.301,0,0,1,2
0.57,0.169,0.304,0,0,1,2
0.57,0.169,0.307,0,0,1,2
0.57,0.169,0.31,0,0,1,2
0.57,0.169,0.313,0,0,1,2
0.57,0.169,0.316,0,0,1,2
0.57,0.169,0.319,0,0,1,2
0.57,0.169,0.322,0,0,1,2
0.57,0.169,0.325,0,0,1,2
0.57,0.169,0.328,0,0,1,2
0.57,0.169,0.331,0,0,1,2
0.57,0.169,0.334,0,0,1,2
0.57,0.169,0.337,0,0,1,2
0.57,0.169,0.34,0,0,1,2
0.57,0.169,0.343,0,0,1,2
0.57,0.169,0.346,0,0,1,2
0.57,0.169,0.349,0,0,1,2
0.57,0.169,0.352,0,0,1,2
0.57,0.169,0.355,0,0,1,2
0.57,0.169,0.358,0,0,1,2
0.57,0.169,0.361,0,0,1,2
0.57,0.169,0.364,0,0,1,2
0.57,0.169,0.367,0,0,1,2
0.57,0.169,0.37,0,0,1,2
0.57,0.169,0.373,0,0,1,2
0.57,0.169,0.376,0,0,1,2
0.57,0.169,0.379,0,0,1,2
0.57,0.169,0.382,0,0,1,2
0.57,0.169,0.385,0,0,1,2
0.57,0.169,0.388,0,0,1,2
0.57,0.169,0.391,0,0,1,2
0.57,0.169,0.394,0,0,1,2
0.57,0.169,0.397,0,0,1,2
0.57,0.169,0.4,0,0,1,2
0.57,0.169,0.403,0,0,1,2
0.57,0.169,0.406,0,0,1,2
0.57,0.169,0.409,0,0,1,2
0.57,0.169,0.412,0,0,1,2
0.57,0.169,0.415,0,0,1,2
0.57,0.169,0.418,0,0,1,2
0.57,0.169,0.420999,0,0,1,2
0.57,0.169,0.423999,0,0,1,2
0.57,0.169,0.426999,0,0,1,2
0.57,0.169,0.429999,0,0,1,2
0.57,0.169,0.432999,0,0,1,2
0.57,0.169,0.435999,0,0,1,2
0.57,0.169,0.438999,0,0,1,2
0.57,0.169,0.441999,0,0,1,2
0.57,0.169,0.444999,0,0,1,2
0.57,0.169,0.447999,0,0,1,2
0.57,0.169,0.450999,0,0,1,2
0.57,0.172,0.25,0,0,1,2
0.57,0.172,0.253,0,0,1,2
0.57,0.172,0.256,0,0,1,2
0.57,0.172,0.259,0,0,1,2
0.57,0.172,0.262,0,0,1,2
0.57,0.172,0.265,0,0,1,2
0.57,0.172,0.268,0,0,1,2
0.57,0.172,0.271,0,0,1,2
0.57,0.172,0.274,0,0,1,2
0.57,0.172,0.277,0,0,1,2
0.57,0.172,0.28,0,0,1,2
0.57,0.172,0.283,0,0,1,2
0.57,0.172,0.286,0,0,1,2
0.57,0.172,0.289,0,0,1,2
0.57,0.172,0.292,0,0,1,2
0.57,0.172,0.295,0,0,1,2
0.57,0.172,0.298,0,0,1,2
0.57,0.172,0.301,0,0,1,2
0.57,0.172,0.304,0,0,1,2
0.57,0.172,0.307,0,0,1,2
0.57,0.172,0.31,0,0,1,2
0.57,0.172,0.313,0,0,1,2
0.57,0.172,0.316,0,0,1,2
0.57,0.172,0.319,0,0,1,2
0.57,0.172,0.322,0,0,1,2
0.57,0.172,0.325,0,0,1,2
0.57,0.172,0.328,0,0,1,2
0.57,0.172,0.331,0,0,1,2
0.57,0.172,0.334,0,0,1,2
0.57,0.172,0.337,0,0,1,2
0.57,0.172,0.34,0,0,1,2
0.57,0.172,0.343,0,0,1,2
0.57,0.172,0.346,0,0,1,2
0.57,0.172,0.349,0,0,1,2
0.57,0.172,0.352,0,0,1,2
0.57,0.172,0.355,0,0,1,2
0.57,0.172,0.358,0,0,1,2
0.57,0.172,0.361,0,0,1,2
0.57,0.172,0.364,0,0,1,2
0.57,0.172,0.367,0,0,1,2
0.57,0.172,0.37,0,0,1,2
0.57,0.172,0.373,0,0,1,2
0.57,0.172,0.376,0,0,1,2
0.57,0.172,0.379,0,0,1,2
0.57,0.172,0.382,0,0,1,2
0.57,0.172,0.385,0,0,1,2
0.57,0.172,0.388,0,0,1,2
0.57,0.172,0.391,0,0,1,2
0.57,0.172,0.394,0,0,1,2
0.57,0.172,0.397,0,0,1,2
0.57,0.172,0.4,0,0,1,2
0.57,0.172,0.403,0,0,1,2
0.57,0.172,0.406,0,0,1,2
0.57,0.172,0.409,0,0,1,2
0.57,0.172,0.412,0,0,1,2
0.57,0.172,0.415,0,0,1,2
0.57,0.172,0.418,0,0,1,2
0.57,0.172,0.420999,0,0,1,2
0.57,0.172,0.423999,0,0,1,2
0.57,0.172,0.426999,0,0,1,2
0.57,0.172,0.429999,0,0,1,2
0.57,0.172,0.432999,0,0,1,2
0.57,0.172,0.435999,0,0,1,2
0.57,0.172,0.438999,0,0,1,2
0.57,0.172,0.441999,0,0,1,2
0.57,0.172,0.444999,0,0,1,2
0.57,0.172,0.447999,0,0,1,2
0.57,0.172,0.450999,0,0,1,2
0.57,0.175,0.25,0,0,1,2
0.57,0.175,0.253,0,0,1,2
0.57,0.175,0.256,0,0,1,2
0.57,0.175,0.259,0,0,1,2
0.57,0.175,0.262,0,0,1,2
0.57,0.175,0.265,0,0,1,2
0.57,0.175,0.268,0,0,1,2
0.57,0.175,0.271,0,0,1,2
0.57,0.175,0.274,0,0,1,2
0.57,0.175,0.277,0,0,1,2
0.57,0.175,0.28,0,0,1,2
0.57,0.175,0.283,0,0,1,2
0.57,0.175,0.286,0,0,1,2
0.57,0.175,0.289,0,0,1,2
0.57,0.175,0.292,0,0,1,2
0.57,0.175,0.295,0,0,1,2
0.57,0.175,0.298,0,0,1,2
0.57,0.175,0.301,0,0,1,2
0.57,0.175,0.304,0,0,1,2
0.57,0.175,0.307,0,0,1,2
0.57,0.175,0.31,0,0,1,2
0.57,0.175,0.313,0,0,1,2
0.57,0.175,0.316,0,0,1,2
0.57,0.175,0.319,0,0,1,2
0.57,0.175,0.322,0,0,1,2
0.57,0.175,0.325,0,0,1,2
0.57,0.175,0.328,0,0,1,2
0.57,0.175,0.331,0,0,1,2
0.57,0.175,0.334,0,0,1,2
0.57,0.175,0.337,0,0,1,2
0.57,0.175,0.34,0,0,1,2
0.57,0.175,0.343,0,0,1,2
0.57,0.175,0.346,0,0,1,2
0.57,0.175,0.349,0,0,1,2
0.57,0.175,0.352,0,0,1,2
0.57,0.175,0.355,0,0,1,2
0.57,0.175,0.358,0,0,1,2
0.57,0.175,0.361,0,0,1,2
0.57,0.175,0.364,0,0,1,2
0.57,0.175,0.367,0,0,1,2
0.57,0.175,0.37,0,0,1,2
0.57,0.175,0.373,0,0,1,2
0.57,0.175,0.376,0,0,1,2
0.57,0.175,0.379,0,0,1,2
0.57,0.175,0.382,0,0,1,2
0.57,0.175,0.385,0,0,1,2
0.57,0.175,0.388,0,0,1,2
0.57,0.175,0.391,0,0,1,2
0.57,0.175,0.394,0,0,1,2
0.57,0.175,0.397,0,0,1,2
0.57,0.175,0.4,0,0,1,2
0.57,0.175,0.403,0,0,1,2
0.57,0.175,0.406,0,0,1,2
0.57,0.175,0.409,0,0,1,2
0.57,0.175,0.412,0,0,1,2
0.57,0.175,0.415,0,0,1,2
0.57,0.175,0.418,0,0,1,2
0.57,0.175,0.420999,0,0,1,2
0.57,0.175,0.423999,0,0,1,2
0.57,0.175,0.426999,0,0,1,2
0.57,0.175,0.429999,0,0,1,2
0.57,0.175,0.432999,0,0,1,2
0.57,0.175,0.435999,0,0,1,2
0.57,0.175,0.438999,0,0,1,2
0.57,0.175,0.441999,0,0,1,2
0.57,0.175,0.444999,0,0,1,2
0.57,0.175,0.447999,0,0,1,2
0.57,0.175,0.450999,0,0,1,2
0.57,0.178,0.25,0,0,1,2
0.57,0.178,0.253,0,0,1,2
0.57,0.178,0.256,0,0,1,2
0.57,0.178,0.259,0,0,1,2
0.57,0.178,0.262,0,0,1,2
0.57,0.178,0.265,0,0,1,2
0.57,0.178,0.268,0,0,1,2
0.57,0.178,0.271,0,0,1,2
0.57,0.178,0.274,0,0,1,2
0.57,0.178,0.277,0,0,1,2
0.57,0.178,0.28,0,0,1,2
0.57,0.178,0.283,0,0,1,2
0.57,0.178,0.286,0,0,1,2
0.57,0.178,0.289,0,0,1,2
0.57,0.178,0.292,0,0,1,2
0.57,0.178,0.295,0,0,1,2
0.57,0.178,0.298,0,0,1,2
0.57,0.178,0.301,0,0,1,2
0.57,0.178,0.304,0,0,1,2
0.57,0.178,0.307,0,0,1,2
0.57,0.178,0.31,0,0,1,2
0.57,0.178,0.313,0,0,1,2
0.57,0.178,0.316,0,0,1,2
0.57,0.178,0.319,0,0,1,2
0.57,0.178,0.322,0,0,1,2
0.57,0.178,0.325,0,0,1,2
0.57,0.178,0.328,0,0,1,2
0.57,0.178,0.331,0,0,1,2
0.57,0.178,0.334,0,0,1,2
0.57,0.178,0.337,0,0,1,2
0.57,0.178,0.34,0,0,1,2
0.57,0.178,0.343,0,0,1,2
0.57,0.178,0.346,0,0,1,2
0.57,0.178,0.349,0,0,1,2
0.57,0.178,0.352,0,0,1,2
0.57,0.178,0.355,0,0,1,2
0.57,0.178,0.358,0,0,1,2
0.57,0.178,0.361,0,0,1,2
0.57,0.178,0.364,0,0,1,2
0.57,0.178,0.367,0,0,1,2
0.57,0.178,0.37,0,0,1,2
0.57,0.178,0.373,0,0,1,2
0.57,0.178,0.376,0,0,1,2
0.57,0.178,0.379,0,0,1,2
0.57,0.178,0.382,0,0,1,2
0.57,0.178,0.385,0,0,1,2
0.57,0.178,0.388,0,0,1,2
0.57,0.178,0.391,0,0,1,2
0.57,0.178,0.394,0,0,1,2
0.57,0.178,0.397,0,0,1,2
0.57,0.178,0.4,0,0,1,2
0.57,0.178,0.403,0,0,1,2
0.57,0.178,0.406,0,0,1,2
0.57,0.178,0.409,0,0,1,2
0.57,0.178,0.412,0,0,1,2
0.57,0.178,0.415,0,0,1,2
0.57,0.178,0.418,0,0,1,2
0.57,0.178,0.420999,0,0,1,2
0.57,0.178,0.423999,0,0,1,2
0.57,0.178,0.426999,0,0,1,2
0.57,0.178,0.429999,0,0,1,2
0.57,0.178,0.432999,0,0,1,2
0.57,0.178,0.435999,0,0,1,2
0.57,0.178,0.438999,0,0,1,2
0.57,0.178,0.441999,0,0,1,2
0.57,0.178,0.444999,0,0,1,2
0.57,0.178,0.447999,0,0,1,2
0.57,0.178,0.450999,0,0,1,2
0.57,0.181,0.25,0,0,1,2
0.57,0.181,0.253,0,0,1,2
0.57,0.181,0.256,0,0,1,2
0.57,0.181,0.259,0,0,1,2
0.57,0.181,0.262,0,0,1,2
0.57,0.181,0.265,0,0,1,2
0.57,0.181,0.268,0,0,1,2
0.57,0.181,0.271,0,0,1,2
0.57,0.181,0.274,0,0,1,2
0.57,0.181,0.277,0,0,1,2
0.57,0.181,0.28,0,0,1,2
0.57,0.181,0.283,0,0,1,2
0.57,0.181,0.286,0,0,1,2
0.57,0.181,0.289,0,0,1,2
0.57,0.181,0.292,0,0,1,2
0.57,0.181,0.295,0,0,1,2
0.57,0.181,0.298,0,0,1,2
0.57,0.181,0.301,0,0,1,2
0.57,0.181,0.304,0,0,1,2
0.57,0.181,0.307,0,0,1,2
0.57,0.181,0.31,0,0,1,2
0.57,0.181,0.313,0,0,1,2
0.57,0.181,0.316,0,0,1,2
0.57,0.181,0.319,0,0,1,2
0.57,0.181,0.322,0,0,1,2
0.57,0.181,0.325,0,0,1,2
0.57,0.181,0.328,0,0,1,2
0.57,0.181,0.331,0,0,1,2
0.57,0.181,0.334,0,0,1,2
0.57,0.181,0.337,0,0,1,2
0.57,0.181,0.34,0,0,1,2
0.57,0.181,0.343,0,0,1,2
0.57,0.181,0.346,0,0,1,2
0.57,0.181,0.349,0,0,1,2
0.57,0.181,0.352,0,0,1,2
0.57,0.181,0.355,0,0,1,2
0.57,0.181,0.358,0,0,1,2
0.57,0.181,0.361,0,0,1,2
0.57,0.181,0.364,0,0,1,2
0.57,0.181,0.367,0,0,1,2
0.57,0.181,0.37,0,0,1,2
0.57,0.181,0.373,0,0,1,2
0.57,0.181,0.376,0,0,1,2
0.57,0.181,0.379,0,0,1,2
0.57,0.181,0.382,0,0,1,2
0.57,0.181,0.385,0,0,1,2
0.57,0.181,0.388,0,0,1,2
0.57,0.181,0.391,0,0,1,2
0.57,0.181,0.394,0,0,1,2
0.57,0.181,0.397,0,0,1,2
0.57,0.181,0.4,0,0,1,2
0.57,0.181,0.403,0,0,1,2
0.57,0.181,0.406,0,0,1,2
0.57,0.181,0.409,0,0,1,2
0.57,0.181,0.412,0,0,1,2
0.57,0.181,0.415,0,0,1,2
0.57,0.181,0.418,0,0,1,2
0.57,0.181,0.420999,0,0,1,2
0.57,0.181,0.423999,0,0,1,2
0.57,0.181,0.426999,0,0,1,2
0.57,0.181,0.429999,0,0,1,2
0.57,0.181,0.432999,0,0,1,2
0.57,0.181,0.435999,0,0,1,2
0.57,0.181,0.438999,0,0,1,2
0.57,0.181,0.441999,0,0,1,2
0.57,0.181,0.444999,0,0,1,2
0.57,0.181,0.447999,0,0,1,2
0.57,0.181,0.450999,0,0,1,2
0.57,0.184,0.25,0,0,1,2
0.57,0.184,0.253,0,0,1,2
0.57,0.184,0.256,0,0,1,2
0.57,0.184,0.259,0,0,1,2
0.57,0.184,0.262,0,0,1,2
0.57,0.184,0.265,0,0,1,2
0.57,0.184,0.268,0,0,1,2
0.57,0.184,0.271,0,0,1,2
0.57,0.184,0.274,0,0,1,2
0.57,0.184,0.277,0,0,1,2
0.57,0.184,0.28,0,0,1,2
0.57,0.184,0.283,0,0,1,2
0.57,0.184,0.286,0,0,1,2
0.57,0.184,0.289,0,0,1,2
0.57,0.184,0.292,0,0,1,2
0.57,0.184,0.295,0,0,1,2
0.57,0.184,0.298,0,0,1,2
0.57,0.184,0.301,0,0,1,2
0.57,0.184,0.304,0,0,1,2
0.57,0.184,0.307,0,0,1,2
0.57,0.184,0.31,0,0,1,2
0.57,0.184,0.313,0,0,1,2
0.57,0.184,0.316,0,0,1,2
0.57,0.184,0.319,0,0,1,2
0.57,0.184,0.322,0,0,1,2
0.57,0.184,0.325,0,0,1,2
0.57,0.184,0.328,0,0,1,2
0.57,0.184,0.331,0,0,1,2
0.57,0.184,0.334,0,0,1,2
0.57,0.184,0.337,0,0,1,2
0.57,0.184,0.34,0,0,1,2
0.57,0.184,0.343,0,0,1,2
0.57,0.184,0.346,0,0,1,2
0.57,0.184,0.349,0,0,1,2
0.57,0.184,0.352,0,0,1,2
0.57,0.184,0.355,0,0,1,2
0.57,0.184,0.358,0,0,1,2
0.57,0.184,0.361,0,0,1,2
0.57,0.184,0.364,0,0,1,2
0.57,0.184,0.367,0,0,1,2
0.57,0.184,0.37,0,0,1,2
0.57,0.184,0.373,0,0,1,2
0.57,0.184,0.376,0,0,1,2
0.57,0.184,0.379,0,0,1,2
0.57,0.184,0.382,0,0,1,2
0.57,0.184,0.385,0,0,1,2
0.57,0.184,0.388,0,0,1,2
0.57,0.184,0.391,0,0,1,2
0.57,0.184,0.394,0,0,1,2
0.57,0.184,0.397,0,0,1,2
0.57,0.184,0.4,0,0,1,2
0.57,0.184,0.403,0,0,1,2
0.57,0.184,0.406,0,0,1,2
0.57,0.184,0.409,0,0,1,2
0.57,0.184,0.412,0,0,1,2
0.57,0.184,0.415,0,0,1,2
0.57,0.184,0.418,0,0,1,2
0.57,0.184,0.420999,0,0,1,2
0.57,0.184,0.423999,0,0,1,2
0.57,0.184,0.426999,0,0,1,2
0.57,0.184,0.429999,0,0,1,2
0.57,0.184,0.432999,0,0,1,2
0.57,0.184,0.435999,0,0,1,2
0.57,0.184,0.438999,0,0,1,2
0.57,0.184,0.441999,0,0,1,2
0.57,0.184,0.444999,0,0,1,2
0.57,0.184,0.447999,0,0,1,2
0.57,0.184,0.450999,0,0,1,2
0.57,0.187,0.25,0,0,1,2
0.57,0.187,0.253,0,0,1,2
0.57,0.187,0.256,0,0,1,2
0.57,0.187,0.259,0,0,1,2
0.57,0.187,0.262,0,0,1,2
0.57,0.187,0.265,0,0,1,2
0.57,0.187,0.268,0,0,1,2
0.57,0.187,0.271,0,0,1,2
0.57,0.187,0.274,0,0,1,2
0.57,0.187,0.277,0,0,1,2
0.57,0.187,0.28,0,0,1,2
0.57,0.187,0.283,0,0,1,2
0.57,0.187,0.286,0,0,1,2
0.57,0.187,0.289,0,0,1,2
0.57,0.187,0.292,0,0,1,2
0.57,0.187,0.295,0,0,1,2
0.57,0.187,0.298,0,0,1,2
0.57,0.187,0.301,0,0,1,2
0.57,0.187,0.304,0,0,1,2
0.57,0.187,0.307,0,0,1,2
0.57,0.187,0.31,0,0,1,2
0.57,0.187,0.313,0,0,1,2
0.57,0.187,0.316,0,0,1,2
0.57,0.187,0.319,0,0,1,2
0.57,0.187,0.322,0,0,1,2
0.57,0.187,0.325,0,0,1,2
0.57,0.187,0.328,0,0,1,2
0.57,0.187,0.331,0,0,1,2
0.57,0.187,0.334,0,0,1,2
0.57,0.187,0.337,0,0,1,2
0.57,0.187,0.34,0,0,1,2
0.57,0.187,0.343,0,0,1,2
0.57,0.187,0.346,0,0,1,2
0.57,0.187,0.349,0,0,1,2
0.57,0.187,0.352,0,0,1,2
0.57,0.187,0.355,0,0,1,2
0.57,0.187,0.358,0,0,1,2
0.57,0.187,0.361,0,0,1,2
0.57,0.187,0.364,0,0,1,2
0.57,0.187,0.367,0,0,1,2
0.57,0.187,0.37,0,0,1,2
0.57,0.187,0.373,0,0,1,2
0.57,0.187,0.376,0,0,1,2
0.57,0.187,0.379,0,0,1,2
0.57,0.187,0.382,0,0,1,2
0.57,0.187,0.385,0,0,1,2
0.57,0.187,0.388,0,0,1,2
0.57,0.187,0.391,0,0,1,2
0.57,0.187,0.394,0,0,1,2
0.57,0.187,0.397,0,0,1,2
0.57,0.187,0.4,0,0,1,2
0.57,0.187,0.403,0,0,1,2
0.57,0.187,0.406,0,0,1,2
0.57,0.187,0.409,0,0,1,2
0.57,0.187,0.412,0,0,1,2
0.57,0.187,0.415,0,0,1,2
0.57,0.187,0.418,0,0,1,2
0.57,0.187,0.420999,0,0,1,2
0.57,0.187,0.423999,0,0,1,2
0.57,0.187,0.426999,0,0,1,2
0.57,0.187,0.429999,0,0,1,2
0.57,0.187,0.432999,0,0,1,2
0.57,0.187,0.435999,0,0,1,2
0.57,0.187,0.438999,0,0,1,2
0.57,0.187,0.441999,0,0,1,2
0.57,0.187,0.444999,0,0,1,2
0.57,0.187,0.447999,0,0,1,2
0.57,0.187,0.450999,0,0,1,2
0.57,0.19,0.25,0,0,1,2
0.57,0.19,0.253,0,0,1,2
0.57,0.19,0.256,0,0,1,2
0.57,0.19,0.259,0,0,1,2
0.57,0.19,0.262,0,0,1,2
0.57,0.19,0.265,0,0,1,2
0.57,0.19,0.268,0,0,1,2
0.57,0.19,0.271,0,0,1,2
0.57,0.19,0.274,0,0,1,2
0.57,0.19,0.277,0,0,1,2
0.57,0.19,0.28,0,0,1,2
0.57,0.19,0.283,0,0,1,2
0.57,0.19,0.286,0,0,1,2
0.57,0.19,0.289,0,0,1,2
0.57,0.19,0.292,0,0,1,2
0.57,0.19,0.295,0,0,1,2
0.57,0.19,0.298,0,0,1,2
0.57,0.19,0.301,0,0,1,2
0.57,0.19,0.304,0,0,1,2
0.57,0.19,0.307,0,0,1,2
0.57,0.19,0.31,0,0,1,2
0.57,0.19,0.313,0,0,1,2
0.57,0.19,0.316,0,0,1,2
0.57,0.19,0.319,0,0,1,2
0.57,0.19,0.322,0,0,1,2
0.57,0.19,0.325,0,0,1,2
0.57,0.19,0.328,0,0,1,2
0.57,0.19,0.331,0,0,1,2
0.57,0.19,0.334,0,0,1,2
0.57,0.19,0.337,0,0,1,2
0.57,0.19,0.34,0,0,1,2
0.57,0.19,0.343,0,0,1,2
0.57,0.19,0.346,0,0,1,2
0.57,0.19,0.349,0,0,1,2
0.57,0.19,0.352,0,0,1,2
0.57,0.19,0.355,0,0,1,2
0.57,0.19,0.358,0,0,1,2
0.57,0.19,0.361,0,0,1,2
0.57,0.19,0.364,0,0,1,2
0.57,0.19,0.367,0,0,1,2
0.57,0.19,0.37,0,0,1,2
0.57,0.19,0.373,0,0,1,2
0.57,0.19,0.376,0,0,1,2
0.57,0.19,0.379,0,0,1,2
0.57,0.19,0.382,0,0,1,2
0.57,0.19,0.385,0,0,1,2
0.57,0.19,0.388,0,0,1,2
0.57,0.19,0.391,0,0,1,2
0.57,0.19,0.394,0,0,1,2
0.57,0.19,0.397,0,0,1,2
0.57,0.19,0.4,0,0,1,2
0.57,0.19,0.403,0,0,1,2
0.57,0.19,0.406,0,0,1,2
0.57,0.19,0.409,0,0,1,2
0.57,0.19,0.412,0,0,1,2
0.57,0.19,0.415,0,0,1,2
0.57,0.19,0.418,0,0,1,2
0.57,0.19,0.420999,0,0,1,2
0.57,0.19,0.423999,0,0,1,2
0.57,0.19,0.426999,0,0,1,2
0.57,0.19,0.429999,0,0,1,2
0.57,0.19,0.432999,0,0,1,2
0.57,0.19,0.435999,0,0,1,2
0.57,0.19,0.438999,0,0,1,2
0.57,0.19,0.441999,0,0,1,2
0.57,0.19,0.444999,0,0,1,2
0.57,0.19,0.447999,0,0,1,2
0.57,0.19,0.450999,0,0,1,2
0.57,0.193,0.25,0,0,1,2
0.57,0.193,0.253,0,0,1,2
0.57,0.193,0.256,0,0,1,2
0.57,0.193,0.259,0,0,1,2
0.57,0.193,0.262,0,0,1,2
0.57,0.193,0.265,0,0,1,2
0.57,0.193,0.268,0,0,1,2
0.57,0.193,0.271,0,0,1,2
0.57,0.193,0.274,0,0,1,2
0.57,0.193,0.277,0,0,1,2
0.57,0.193,0.28,0,0,1,2
0.57,0.193,0.283,0,0,1,2
0.57,0.193,0.286,0,0,1,2
0.57,0.193,0.289,0,0,1,2
0.57,0.193,0.292,0,0,1,2
0.57,0.193,0.295,0,0,1,2
0.57,0.193,0.298,0,0,1,2
0.57,0.193,0.301,0,0,1,2
0.57,0.193,0.304,0,0,1,2
0.57,0.193,0.307,0,0,1,2
0.57,0.193,0.31,0,0,1,2
0.57,0.193,0.313,0,0,1,2
0.57,0.193,0.316,0,0,1,2
0.57,0.193,0.319,0,0,1,2
0.57,0.193,0.322,0,0,1,2
0.57,0.193,0.325,0,0,1,2
0.57,0.193,0.328,0,0,1,2
0.57,0.193,0.331,0,0,1,2
0.57,0.193,0.334,0,0,1,2
0.57,0.193,0.337,0,0,1,2
0.57,0.193,0.34,0,0,1,2
0.57,0.193,0.343,0,0,1,2
0.57,0.193,0.346,0,0,1,2
0.57,0.193,0.349,0,0,1,2
0.57,0.193,0.352,0,0,1,2
0.57,0.193,0.355,0,0,1,2
0.57,0.193,0.358,0,0,1,2
0.57,0.193,0.361,0,0,1,2
0.57,0.193,0.364,0,0,1,2
0.57,0.193,0.367,0,0,1,2
0.57,0.193,0.37,0,0,1,2
0.57,0.193,0.373,0,0,1,2
0.57,0.193,0.376,0,0,1,2
0.57,0.193,0.379,0,0,1,2
0.57,0.193,0.382,0,0,1,2
0.57,0.193,0.385,0,0,1,2
0.57,0.193,0.388,0,0,1,2
0.57,0.193,0.391,0,0,1,2
0.57,0.193,0.394,0,0,1,2
0.57,0.193,0.397,0,0,1,2
0.57,0.193,0.4,0,0,1,2
0.57,0.193,0.403,0,0,1,2
0.57,0.193,0.406,0,0,1,2
0.57,0.193,0.409,0,0,1,2
0.57,0.193,0.412,0,0,1,2
0.57,0.193,0.415,0,0,1,2
0.57,0.193,0.418,0,0,1,2
0.57,0.193,0.420999,0,0,1,2
0.57,0.193,0.423999,0,0,1,2
0.57,0.193,0.426999,0,0,1,2
0.57,0.193,0.429999,0,0,1,2
0.57,0.193,0.432999,0,0,1,2
0.57,0.193,0.435999,0,0,1,2
0.57,0.193,0.438999,0,0,1,2
0.57,0.193,0.441999,0,0,1,2
0.57,0.193,0.444999,0,0,1,2
0.57,0.193,0.447999,0,0,1,2
0.57,0.193,0.450999,0,0,1,2
0.57,0.196,0.25,0,0,1,2
0.57,0.196,0.253,0,0,1,2
0.57,0.196,0.256,0,0,1,2
0.57,0.196,0.259,0,0,1,2
0.57,0.196,0.262,0,0,1,2
0.57,0.196,0.265,0,0,1,2
0.57,0.196,0.268,0,0,1,2
0.57,0.196,0.271,0,0,1,2
0.57,0.196,0.274,0,0,1,2
0.57,0.196,0.277,0,0,1,2
0.57,0.196,0.28,0,0,1,2
0.57,0.196,0.283,0,0,1,2
0.57,0.196,0.286,0,0,1,2
0.57,0.196,0.289,0,0,1,2
0.57,0.196,0.292,0,0,1,2
0.57,0.196,0.295,0,0,1,2
0.57,0.196,0.298,0,0,1,2
0.57,0.196,0.301,0,0,1,2
0.57,0.196,0.304,0,0,1,2
0.57,0.196,0.307,0,0,1,2
0.57,0.196,0.31,0,0,1,2
0.57,0.196,0.313,0,0,1,2
0.57,0.196,0.316,0,0,1,2
0.57,0.196,0.319,0,0,1,2
0.57,0.196,0.322,0,0,1,2
0.57,0.196,0.325,0,0,1,2
0.57,0.196,0.328,0,0,1,2
0.57,0.196,0.331,0,0,1,2
0.57,0.196,0.334,0,0,1,2
0.57,0.196,0.337,0,0,1,2
0.57,0.196,0.34,0,0,1,2
0.57,0.196,0.343,0,0,1,2
0.57,0.196,0.346,0,0,1,2
0.57,0.196,0.349,0,0,1,2
0.57,0.196,0.352,0,0,1,2
0.57,0.196,0.355,0,0,1,2
0.57,0.196,0.358,0,0,1,2
0.57,0.196,0.361,0,0,1,2
0.57,0.196,0.364,0,0,1,2
0.57,0.196,0.367,0,0,1,2
0.57,0.196,0.37,0,0,1,2
0.57,0.196,0.373,0,0,1,2
0.57,0.196,0.376,0,0,1,2
0.57,0.196,0.379,0,0,1,2
0.57,0.196,0.382,0,0,1,2
0.57,0.196,0.385,0,0,1,2
0.57,0.196,0.388,0,0,1,2
0.57,0.196,0.391,0,0,1,2
0.57,0.196,0.394,0,0,1,2
0.57,0.196,0.397,0,0,1,2
0.57,0.196,0.4,0,0,1,2
0.57,0.196,0.403,0,0,1,2
0.57,0.196,0.406,0,0,1,2
0.57,0.196,0.409,0,0,1,2
0.57,0.196,0.412,0,0,1,2
0.57,0.196,0.415,0,0,1,2
0.57,0.196,0.418,0,0,1,2
0.57,0.196,0.420999,0,0,1,2
0.57,0.196,0.423999,0,0,1,2
0.57,0.196,0.426999,0,0,1,2
0.57,0.196,0.429999,0,0,1,2
0.57,0.196,0.432999,0,0,1,2
0.57,0.196,0.435999,0,0,1,2
0.57,0.196,0.438999,0,0,1,2
0.57,0.196,0.441999,0,0,1,2
0.57,0.196,0.444999,0,0,1,2
0.57,0.196,0.447999,0,0,1,2
0.57,0.196,0.450999,0,0,1,2
0.57,0.199,0.25,0,0,1,2
0.57,0.199,0.253,0,0,1,2
0.57,0.199,0.256,0,0,1,2
0.57,0.199,0.259,0,0,1,2
0.57,0.199,0.262,0,0,1,2
0.57,0.199,0.265,0,0,1,2
0.57,0.199,0.268,0,0,1,2
0.57,0.199,0.271,0,0,1,2
0.57,0.199,0.274,0,0,1,2
0.57,0.199,0.277,0,0,1,2
0.57,0.199,0.28,0,0,1,2
0.57,0.199,0.283,0,0,1,2
0.57,0.199,0.286,0,0,1,2
0.57,0.199,0.289,0,0,1,2
0.57,0.199,0.292,0,0,1,2
0.57,0.199,0.295,0,0,1,2
0.57,0.199,0.298,0,0,1,2
0.57,0.199,0.301,0,0,1,2
0.57,0.199,0.304,0,0,1,2
0.57,0.199,0.307,0,0,1,2
0.57,0.199,0.31,0,0,1,2
0.57,0.199,0.313,0,0,1,2
0.57,0.199,0.316,0,0,1,2
0.57,0.199,0.319,0,0,1,2
0.57,0.199,0.322,0,0,1,2
0.57,0.199,0.325,0,0,1,2
0.57,0.199,0.328,0,0,1,2
0.57,0.199,0.331,0,0,1,2
0.57,0.199,0.334,0,0,1,2
0.57,0.199,0.337,0,0,1,2
0.57,0.199,0.34,0,0,1,2
0.57,0.199,0.343,0,0,1,2
0.57,0.199,0.346,0,0,1,2
0.57,0.199,0.349,0,0,1,2
0.57,0.199,0.352,0,0,1,2
0.57,0.199,0.355,0,0,1,2
0.57,0.199,0.358,0,0,1,2
0.57,0.199,0.361,0,0,1,2
0.57,0.199,0.364,0,0,1,2
0.57,0.199,0.367,0,0,1,2
0.57,0.199,0.37,0,0,1,2
0.57,0.199,0.373,0,0,1,2
0.57,0.199,0.376,0,0,1,2
0.57,0.199,0.379,0,0,1,2
0.57,0.199,0.382,0,0,1,2
0.57,0.199,0.385,0,0,1,2
0.57,0.199,0.388,0,0,1,2
0.57,0.199,0.391,0,0,1,2
0.57,0.199,0.394,0,0,1,2
0.57,0.199,0.397,0,0,1,2
0.57,0.199,0.4,0,0,1,2
0.57,0.199,0.403,0,0,1,2
0.57,0.199,0.406,0,0,1,2
0.57,0.199,0.409,0,0,1,2
0.57,0.199,0.412,0,0,1,2
0.57,0.199,0.415,0,0,1,2
0.57,0.199,0.418,0,0,1,2
0.57,0.199,0.420999,0,0,1,2
0.57,0.199,0.423999,0,0,1,2
0.57,0.199,0.426999,0,0,1,2
0.57,0.199,0.429999,0,0,1,2
0.57,0.199,0.432999,0,0,1,2
0.57,0.199,0.435999,0,0,1,2
0.57,0.199,0.438999,0,0,1,2
0.57,0.199,0.441999,0,0,1,2
0.57,0.199,0.444999,0,0,1,2
0.57,0.199,0.447999,0,0,1,2
0.57,0.199,0.450999,0,0,1,2
0.57,0.202,0.25,0,0,1,2
0.57,0.202,0.253,0,0,1,2
0.57,0.202,0.256,0,0,1,2
0.57,0.202,0.259,0,0,1,2
0.57,0.202,0.262,0,0,1,2
0.57,0.202,0.265,0,0,1,2
0.57,0.202,0.268,0,0,1,2
0.57,0.202,0.271,0,0,1,2
0.57,0.202,0.274,0,0,1,2
0.57,0.202,0.277,0,0,1,2
0.57,0.202,0.28,0,0,1,2
0.57,0.202,0.283,0,0,1,2
0.57,0.202,0.286,0,0,1,2
0.57,0.202,0.289,0,0,1,2
0.57,0.202,0.292,0,0,1,2
0.57,0.202,0.295,0,0,1,2
0.57,0.202,0.298,0,0,1,2
0.57,0.202,0.301,0,0,1,2
0.57,0.202,0.304,0,0,1,2
0.57,0.202,0.307,0,0,1,2
0.57,0.202,0.31,0,0,1,2
0.57,0.202,0.313,0,0,1,2
0.57,0.202,0.316,0,0,1,2
0.57,0.202,0.319,0,0,1,2
0.57,0.202,0.322,0,0,1,2
0.57,0.202,0.325,0,0,1,2
0.57,0.202,0.328,0,0,1,2
0.57,0.202,0.331,0,0,1,2
0.57,0.202,0.334,0,0,1,2
0.57,0.202,0.337,0,0,1,2
0.57,0.202,0.34,0,0,1,2
0.57,0.202,0.343,0,0,1,2
0.57,0.202,0.346,0,0,1,2
0.57,0.202,0.349,0,0,1,2
0.57,0.202,0.352,0,0,1,2
0.57,0.202,0.355,0,0,1,2
0.57,0.202,0.358,0,0,1,2
0.57,0.202,0.361,0,0,1,2
0.57,0.202,0.364,0,0,1,2
0.57,0.202,0.367,0,0,1,2
0.57,0.202,0.37,0,0,1,2
0.57,0.202,0.373,0,0,1,2
0.57,0.202,0.376,0,0,1,2
0.57,0.202,0.379,0,0,1,2
0.57,0.202,0.382,0,0,1,2
0.57,0.202,0.385,0,0,1,2
0.57,0.202,0.388,0,0,1,2
0.57,0.202,0.391,0,0,1,2
0.57,0.202,0.394,0,0,1,2
0.57,0.202,0.397,0,0,1,2
0.57,0.202,0.4,0,0,1,2
0.57,0.202,0.403,0,0,1,2
0.57,0.202,0.406,0,0,1,2
0.57,0.202,0.409,0,0,1,2
0.57,0.202,0.412,0,0,1,2
0.57,0.202,0.415,0,0,1,2
0.57,0.202,0.418,0,0,1,2
0.57,0.202,0.420999,0,0,1,2
0.57,0.202,0.423999,0,0,1,2
0.57,0.202,0.426999,0,0,1,2
0.57,0.202,0.429999,0,0,1,2
0.57,0.202,0.432999,0,0,1,2
0.57,0.202,0.435999,0,0,1,2
0.57,0.202,0.438999,0,0,1,2
0.57,0.202,0.441999,0,0,1,2
0.57,0.202,0.444999,0,0,1,2
0.57,0.202,0.447999,0,0,1,2
0.57,0.202,0.450999,0,0,1,2
0.57,0.205,0.25,0,0,1,2
0.57,0.205,0.253,0,0,1,2
0.57,0.205,0.256,0,0,1,2
0.57,0.205,0.259,0,0,1,2
0.57,0.205,0.262,0,0,1,2
0.57,0.205,0.265,0,0,1,2
0.57,0.205,0.268,0,0,1,2
0.57,0.205,0.271,0,0,1,2
0.57,0.205,0.274,0,0,1,2
0.57,0.205,0.277,0,0,1,2
0.57,0.205,0.28,0,0,1,2
0.57,0.205,0.283,0,0,1,2
0.57,0.205,0.286,0,0,1,2
0.57,0.205,0.289,0,0,1,2
0.57,0.205,0.292,0,0,1,2
0.57,0.205,0.295,0,0,1,2
0.57,0.205,0.298,0,0,1,2
0.57,0.205,0.301,0,0,1,2
0.57,0.205,0.304,0,0,1,2
0.57,0.205,0.307,0,0,1,2
0.57,0.205,0.31,0,0,1,2
0.57,0.205,0.313,0,0,1,2
0.57,0.205,0.316,0,0,1,2
0.57,0.205,0.319,0,0,1,2
0.57,0.205,0.322,0,0,1,2
0.57,0.205,0.325,0,0,1,2
0.57,0.205,0.328,0,0,1,2
0.57,0.205,0.331,0,0,1,2
0.57,0.205,0.334,0,0,1,2
0.57,0.205,0.337,0,0,1,2
0.57,0.205,0.34,0,0,1,2
0.57,0.205,0.343,0,0,1,2
0.57,0.205,0.346,0,0,1,2
0.57,0.205,0.349,0,0,1,2
0.57,0.205,0.352,0,0,1,2
0.57,0.205,0.355,0,0,1,2
0.57,0.205,0.358,0,0,1,2
0.57,0.205,0.361,0,0,1,2
0.57,0.205,0.364,0,0,1,2
0.57,0.205,0.367,0,0,1,2
0.57,0.205,0.37,0,0,1,2
0.57,0.205,0.373,0,0,1,2
0.57,0.205,0.376,0,0,1,2
0.57,0.205,0.379,0,0,1,2
0.57,0.205,0.382,0,0,1,2
0.57,0.205,0.385,0,0,1,2
0.57,0.205,0.388,0,0,1,2
0.57,0.205,0.391,0,0,1,2
0.57,0.205,0.394,0,0,1,2
0.57,0.205,0.397,0,0,1,2
0.57,0.205,0.4,0,0,1,2
0.57,0.205,0.403,0,0,1,2
0.57,0.205,0.406,0,0,1,2
0.57,0.205,0.409,0,0,1,2
0.57,0.205,0.412,0,0,1,2
0.57,0.205,0.415,0,0,1,2
0.57,0.205,0.418,0,0,1,2
0.57,0.205,0.420999,0,0,1,2
0.57,0.205,0.423999,0,0,1,2
0.57,0.205,0.426999,0,0,1,2
0.57,0.205,0.429999,0,0,1,2
0.57,0.205,0.432999,0,0,1,2
0.57,0.205,0.435999,0,0,1,2
0.57,0.205,0.438999,0,0,1,2
0.57,0.205,0.441999,0,0,1,2
0.57,0.205,0.444999,0,0,1,2
0.57,0.205,0.447999,0,0,1,2
0.57,0.205,0.450999,0,0,1,2
0.57,0.208,0.25,0,0,1,2
0.57,0.208,0.253,0,0,1,2
0.57,0.208,0.256,0,0,1,2
0.57,0.208,0.259,0,0,1,2
0.57,0.208,0.262,0,0,1,2
0.57,0.208,0.265,0,0,1,2
0.57,0.208,0.268,0,0,1,2
0.57,0.208,0.271,0,0,1,2
0.57,0.208,0.274,0,0,1,2
0.57,0.208,0.277,0,0,1,2
0.57,0.208,0.28,0,0,1,2
0.57,0.208,0.283,0,0,1,2
0.57,0.208,0.286,0,0,1,2
0.57,0.208,0.289,0,0,1,2
0.57,0.208,0.292,0,0,1,2
0.57,0.208,0.295,0,0,1,2
0.57,0.208,0.298,0,0,1,2
0.57,0.208,0.301,0,0,1,2
0.57,0.208,0.304,0,0,1,2
0.57,0.208,0.307,0,0,1,2
0.57,0.208,0.31,0,0,1,2
0.57,0.208,0.313,0,0,1,2
0.57,0.208,0.316,0,0,1,2
0.57,0.208,0.319,0,0,1,2
0.57,0.208,0.322,0,0,1,2
0.57,0.208,0.325,0,0,1,2
0.57,0.208,0.328,0,0,1,2
0.57,0.208,0.331,0,0,1,2
0.57,0.208,0.334,0,0,1,2
0.57,0.208,0.337,0,0,1,2
0.57,0.208,0.34,0,0,1,2
0.57,0.208,0.343,0,0,1,2
0.57,0.208,0.346,0,0,1,2
0.57,0.208,0.349,0,0,1,2
0.57,0.208,0.352,0,0,1,2
0.57,0.208,0.355,0,0,1,2
0.57,0.208,0.358,0,0,1,2
0.57,0.208,0.361,0,0,1,2
0.57,0.208,0.364,0,0,1,2
0.57,0.208,0.367,0,0,1,2
0.57,0.208,0.37,0,0,1,2
0.57,0.208,0.373,0,0,1,2
0.57,0.208,0.376,0,0,1,2
0.57,0.208,0.379,0,0,1,2
0.57,0.208,0.382,0,0,1,2
0.57,0.208,0.385,0,0,1,2
0.57,0.208,0.388,0,0,1,2
0.57,0.208,0.391,0,0,1,2
0.57,0.208,0.394,0,0,1,2
0.57,0.208,0.397,0,0,1,2
0.57,0.208,0.4,0,0,1,2
0.57,0.208,0.403,0,0,1,2
0.57,0.208,0.406,0,0,1,2
0.57,0.208,0.409,0,0,1,2
0.57,0.208,0.412,0,0,1,2
0.57,0.208,0.415,0,0,1,2
0.57,0.208,0.418,0,0,1,2
0.57,0.208,0.420999,0,0,1,2
0.57,0.208,0.423999,0,0,1,2
0.57,0.208,0.426999,0,0,1,2
0.57,0.208,0.429999,0,0,1,2
0.57,0.208,0.432999,0,0,1,2
0.57,0.208,0.435999,0,0,1,2
0.57,0.208,0.438999,0,0,1,2
0.57,0.208,0.441999,0,0,1,2
0.57,0.208,0.444999,0,0,1,2
0.57,0.208,0.447999,0,0,1,2
0.57,0.208,0.450999,0,0,1,2
0.57,0.211,0.25,0,0,1,2
0.57,0.211,0.253,0,0,1,2
0.57,0.211,0.256,0,0,1,2
0.57,0.211,0.259,0,0,1,2
0.57,0.211,0.262,0,0,1,2
0.57,0.211,0.265,0,0,1,2
0.57,0.211,0.268,0,0,1,2
0.57,0.211,0.271,0,0,1,2
0.57,0.211,0.274,0,0,1,2
0.57,0.211,0.277,0,0,1,2
0.57,0.211,0.28,0,0,1,2
0.57,0.211,0.283,0,0,1,2
0.57,0.211,0.286,0,0,1,2
0.57,0.211,0.289,0,0,1,2
0.57,0.211,0.292,0,0,1,2
0.57,0.211,0.295,0,0,1,2
0.57,0.211,0.298,0,0,1,2
0.57,0.211,0.301,0,0,1,2
0.57,0.211,0.304,0,0,1,2
0.57,0.211,0.307,0,0,1,2
0.57,0.211,0.31,0,0,1,2
0.57,0.211,0.313,0,0,1,2
0.57,0.211,0.316,0,0,1,2
0.57,0.211,0.319,0,0,1,2
0.57,0.211,0.322,0,0,1,2
0.57,0.211,0.325,0,0,1,2
0.57,0.211,0.328,0,0,1,2
0.57,0.211,0.331,0,0,1,2
0.57,0.211,0.334,0,0,1,2
0.57,0.211,0.337,0,0,1,2
0.57,0.211,0.34,0,0,1,2
0.57,0.211,0.343,0,0,1,2
0.57,0.211,0.346,0,0,1,2
0.57,0.211,0.349,0,0,1,2
0.57,0.211,0.352,0,0,1,2
0.57,0.211,0.355,0,0,1,2
0.57,0.211,0.358,0,0,1,2
0.57,0.211,0.361,0,0,1,2
0.57,0.211,0.364,0,0,1,2
0.57,0.211,0.367,0,0,1,2
0.57,0.211,0.37,0,0,1,2
0.57,0.211,0.373,0,0,1,2
0.57,0.211,0.376,0,0,1,2
0.57,0.211,0.379,0,0,1,2
0.57,0.211,0.382,0,0,1,2
0.57,0.211,0.385,0,0,1,2
0.57,0.211,0.388,0,0,1,2
0.57,0.211,0.391,0,0,1,2
0.57,0.211,0.394,0,0,1,2
0.57,0.211,0.397,0,0,1,2
0.57,0.211,0.4,0,0,1,2
0.57,0.211,0.403,0,0,1,2
0.57,0.211,0.406,0,0,1,2
0.57,0.211,0.409,0,0,1,2
0.57,0.211,0.412,0,0,1,2
0.57,0.211,0.415,0,0,1,2
0.57,0.211,0.418,0,0,1,2
0.57,0.211,0.420999,0,0,1,2
0.57,0.211,0.423999,0,0,1,2
0.57,0.211,0.426999,0,0,1,2
0.57,0.211,0.429999,0,0,1,2
0.57,0.211,0.432999,0,0,1,2
0.57,0.211,0.435999,0,0,1,2
0.57,0.211,0.438999,0,0,1,2
0.57,0.211,0.441999,0,0,1,2
0.57,0.211,0.444999,0,0,1,2
0.57,0.211,0.447999,0,0,1,2
0.57,0.211,0.450999,0,0,1,2
0.57,0.214,0.25,0,0,1,2
0.57,0.214,0.253,0,0,1,2
0.57,0.214,0.256,0,0,1,2
0.57,0.214,0.259,0,0,1,2
0.57,0.214,0.262,0,0,1,2
0.57,0.214,0.265,0,0,1,2
0.57,0.214,0.268,0,0,1,2
0.57,0.214,0.271,0,0,1,2
0.57,0.214,0.274,0,0,1,2
0.57,0.214,0.277,0,0,1,2
0.57,0.214,0.28,0,0,1,2
0.57,0.214,0.283,0,0,1,2
0.57,0.214,0.286,0,0,1,2
0.57,0.214,0.289,0,0,1,2
0.57,0.214,0.292,0,0,1,2
0.57,0.214,0.295,0,0,1,2
0.57,0.214,0.298,0,0,1,2
0.57,0.214,0.301,0,0,1,2
0.57,0.214,0.304,0,0,1,2
0.57,0.214,0.307,0,0,1,2
0.57,0.214,0.31,0,0,1,2
0.57,0.214,0.313,0,0,1,2
0.57,0.214,0.316,0,0,1,2
0.57,0.214,0.319,0,0,1,2
0.57,0.214,0.322,0,0,1,2
0.57,0.214,0.325,0,0,1,2
0.57,0.214,0.328,0,0,1,2
0.57,0.214,0.331,0,0,1,2
0.57,0.214,0.334,0,0,1,2
0.57,0.214,0.337,0,0,1,2
0.57,0.214,0.34,0,0,1,2
0.57,0.214,0.343,0,0,1,2
0.57,0.214,0.346,0,0,1,2
0.57,0.214,0.349,0,0,1,2
0.57,0.214,0.352,0,0,1,2
0.57,0.214,0.355,0,0,1,2
0.57,0.214,0.358,0,0,1,2
0.57,0.214,0.361,0,0,1,2
0.57,0.214,0.364,0,0,1,2
0.57,0.214,0.367,0,0,1,2
0.57,0.214,0.37,0,0,1,2
0.57,0.214,0.373,0,0,1,2
0.57,0.214,0.376,0,0,1,2
0.57,0.214,0.379,0,0,1,2
0.57,0.214,0.382,0,0,1,2
0.57,0.214,0.385,0,0,1,2
0.57,0.214,0.388,0,0,1,2
0.57,0.214,0.391,0,0,1,2
0.57,0.214,0.394,0,0,1,2
0.57,0.214,0.397,0,0,1,2
0.57,0.214,0.4,0,0,1,2
0.57,0.214,0.403,0,0,1,2
0.57,0.214,0.406,0,0,1,2
0.57,0.214,0.409,0,0,1,2
0.57,0.214,0.412,0,0,1,2
0.57,0.214,0.415,0,0,1,2
0.57,0.214,0.418,0,0,1,2
0.57,0.214,0.420999,0,0,1,2
0.57,0.214,0.423999,0,0,1,2
0.57,0.214,0.426999,0,0,1,2
0.57,0.214,0.429999,0,0,1,2
0.57,0.214,0.432999,0,0,1,2
0.57,0.214,0.435999,0,0,1,2
0.57,0.214,0.438999,0,0,1,2
0.57,0.214,0.441999,0,0,1,2
0.57,0.214,0.444999,0,0,1,2
0.57,0.214,0.447999,0,0,1,2
0.57,0.214,0.450999,0,0,1,2
0.57,0.217,0.25,0,0,1,2
0.57,0.217,0.253,0,0,1,2
0.57,0.217,0.256,0,0,1,2
0.57,0.217,0.259,0,0,1,2
0.57,0.217,0.262,0,0,1,2
0.57,0.217,0.265,0,0,1,2
0.57,0.217,0.268,0,0,1,2
0.57,0.217,0.271,0,0,1,2
0.57,0.217,0.274,0,0,1,2
0.57,0.217,0.277,0,0,1,2
0.57,0.217,0.28,0,0,1,2
0.57,0.217,0.283,0,0,1,2
0.57,0.217,0.286,0,0,1,2
0.57,0.217,0.289,0,0,1,2
0.57,0.217,0.292,0,0,1,2
0.57,0.217,0.295,0,0,1,2
0.57,0.217,0.298,0,0,1,2
0.57,0.217,0.301,0,0,1,2
0.57,0.217,0.304,0,0,1,2
0.57,0.217,0.307,0,0,1,2
0.57,0.217,0.31,0,0,1,2
0.57,0.217,0.313,0,0,1,2
0.57,0.217,0.316,0,0,1,2
0.57,0.217,0.319,0,0,1,2
0.57,0.217,0.322,0,0,1,2
0.57,0.217,0.325,0,0,1,2
0.57,0.217,0.328,0,0,1,2
0.57,0.217,0.331,0,0,1,2
0.57,0.217,0.334,0,0,1,2
0.57,0.217,0.337,0,0,1,2
0.57,0.217,0.34,0,0,1,2
0.57,0.217,0.343,0,0,1,2
0.57,0.217,0.346,0,0,1,2
0.57,0.217,0.349,0,0,1,2
0.57,0.217,0.352,0,0,1,2
0.57,0.217,0.355,0,0,1,2
0.57,0.217,0.358,0,0,1,2
0.57,0.217,0.361,0,0,1,2
0.57,0.217,0.364,0,0,1,2
0.57,0.217,0.367,0,0,1,2
0.57,0.217,0.37,0,0,1,2
0.57,0.217,0.373,0,0,1,2
0.57,0.217,0.376,0,0,1,2
0.57,0.217,0.379,0,0,1,2
0.57,0.217,0.382,0,0,1,2
0.57,0.217,0.385,0,0,1,2
0.57,0.217,0.388,0,0,1,2
0.57,0.217,0.391,0,0,1,2
0.57,0.217,0.394,0,0,1,2
0.57,0.217,0.397,0,0,1,2
0.57,0.217,0.4,0,0,1,2
0.57,0.217,0.403,0,0,1,2
0.57,0.217,0.406,0,0,1,2
0.57,0.217,0.409,0,0,1,2
0.57,0.217,0.412,0,0,1,2
0.57,0.217,0.415,0,0,1,2
0.57,0.217,0.418,0,0,1,2
0.57,0.217,0.420999,0,0,1,2
0.57,0.217,0.423999,0,0,1,2
0.57,0.217,0.426999,0,0,1,2
0.57,0.217,0.429999,0,0,1,2
0.57,0.217,0.432999,0,0,1,2
0.57,0.217,0.435999,0,0,1,2
0.57,0.217,0.438999,0,0,1,2
0.57,0.217,0.441999,0,0,1,2
0.57,0.217,0.444999,0,0,1,2
0.57,0.217,0.447999,0,0,1,2
0.57,0.217,0.450999,0,0,1,2
0.57,0.22,0.25,0,0,1,2
0.57,0.22,0.253,0,0,1,2
0.57,0.22,0.256,0,0,1,2
0.57,0.22,0.259,0,0,1,2
0.57,0.22,0.262,0,0,1,2
0.57,0.22,0.265,0,0,1,2
0.57,0.22,0.268,0,0,1,2
0.57,0.22,0.271,0,0,1,2
0.57,0.22,0.274,0,0,1,2
0.57,0.22,0.277,0,0,1,2
0.57,0.22,0.28,0,0,1,2
0.57,0.22,0.283,0,0,1,2
0.57,0.22,0.286,0,0,1,2
0.57,0.22,0.289,0,0,1,2
0.57,0.22,0.292,0,0,1,2
0.57,0.22,0.295,0,0,1,2
0.57,0.22,0.298,0,0,1,2
0.57,0.22,0.301,0,0,1,2
0.57,0.22,0.304,0,0,1,2
0.57,0.22,0.307,0,0,1,2
0.57,0.22,0.31,0,0,1,2
0.57,0.22,0.313,0,0,1,2
0.57,0.22,0.316,0,0,1,2
0.57,0.22,0.319,0,0,1,2
0.57,0.22,0.322,0,0,1,2
0.57,0.22,0.325,0,0,1,2
0.57,0.22,0.328,0,0,1,2
0.57,0.22,0.331,0,0,1,2
0.57,0.22,0.334,0,0,1,2
0.57,0.22,0.337,0,0,1,2
0.57,0.22,0.34,0,0,1,2
0.57,0.22,0.343,0,0,1,2
0.57,0.22,0.346,0,0,1,2
0.57,0.22,0.349,0,0,1,2
0.57,0.22,0.352,0,0,1,2
0.57,0.22,0.355,0,0,1,2
0.57,0.22,0.358,0,0,1,2
0.57,0.22,0.361,0,0,1,2
0.57,0.22,0.364,0,0,1,2
0.57,0.22,0.367,0,0,1,2
0.57,0.22,0.37,0,0,1,2
0.57,0.22,0.373,0,0,1,2
0.57,0.22,0.376,0,0,1,2
0.57,0.22,0.379,0,0,1,2
0.57,0.22,0.382,0,0,1,2
0.57,0.22,0.385,0,0,1,2
0.57,0.22,0.388,0,0,1,2
0.57,0.22,0.391,0,0,1,2
0.57,0.22,0.394,0,0,1,2
0.57,0.22,0.397,0,0,1,2
0.57,0.22,0.4,0,0,1,2
0.57,0.22,0.403,0,0,1,2
0.57,0.22,0.406,0,0,1,2
0.57,0.22,0.409,0,0,1,2
0.57,0.22,0.412,0,0,1,2
0.57,0.22,0.415,0,0,1,2
0.57,0.22,0.418,0,0,1,2
0.57,0.22,0.420999,0,0,1,2
0.57,0.22,0.423999,0,0,1,2
0.57,0.22,0.426999,0,0,1,2
0.57,0.22,0.429999,0,0,1,2
0.57,0.22,0.432999,0,0,1,2
0.57,0.22,0.435999,0,0,1,2
0.57,0.22,0.438999,0,0,1,2
0.57,0.22,0.441999,0,0,1,2
0.57,0.22,0.444999,0,0,1,2
0.57,0.22,0.447999,0,0,1,2
0.57,0.22,0.450999,0,0,1,2
0.57,0.223,0.25,0,0,1,2
0.57,0.223,0.253,0,0,1,2
0.57,0.223,0.256,0,0,1,2
0.57,0.223,0.259,0,0,1,2
0.57,0.223,0.262,0,0,1,2
0.57,0.223,0.265,0,0,1,2
0.57,0.223,0.268,0,0,1,2
0.57,0.223,0.271,0,0,1,2
0.57,0.223,0.274,0,0,1,2
0.57,0.223,0.277,0,0,1,2
0.57,0.223,0.28,0,0,1,2
0.57,0.223,0.283,0,0,1,2
0.57,0.223,0.286,0,0,1,2
0.57,0.223,0.289,0,0,1,2
0.57,0.223,0.292,0,0,1,2
0.57,0.223,0.295,0,0,1,2
0.57,0.223,0.298,0,0,1,2
0.57,0.223,0.301,0,0,1,2
0.57,0.223,0.304,0,0,1,2
0.57,0.223,0.307,0,0,1,2
0.57,0.223,0.31,0,0,1,2
0.57,0.223,0.313,0,0,1,2
0.57,0.223,0.316,0,0,1,2
0.57,0.223,0.319,0,0,1,2
0.57,0.223,0.322,0,0,1,2
0.57,0.223,0.325,0,0,1,2
0.57,0.223,0.328,0,0,1,2
0.57,0.223,0.331,0,0,1,2
0.57,0.223,0.334,0,0,1,2
0.57,0.223,0.337,0,0,1,2
0.57,0.223,0.34,0,0,1,2
0.57,0.223,0.343,0,0,1,2
0.57,0.223,0.346,0,0,1,2
0.57,0.223,0.349,0,0,1,2
0.57,0.223,0.352,0,0,1,2
0.57,0.223,0.355,0,0,1,2
0.57,0.223,0.358,0,0,1,2
0.57,0.223,0.361,0,0,1,2
0.57,0.223,0.364,0,0,1,2
0.57,0.223,0.367,0,0,1,2
0.57,0.223,0.37,0,0,1,2
0.57,0.223,0.373,0,0,1,2
0.57,0.223,0.376,0,0,1,2
0.57,0.223,0.379,0,0,1,2
0.57,0.223,0.382,0,0,1,2
0.57,0.223,0.385,0,0,1,2
0.57,0.223,0.388,0,0,1,2
0.57,0.223,0.391,0,0,1,2
0.57,0.223,0.394,0,0,1,2
0.57,0.223,0.397,0,0,1,2
0.57,0.223,0.4,0,0,1,2
0.57,0.223,0.403,0,0,1,2
0.57,0.223,0.406,0,0,1,2
0.57,0.223,0.409,0,0,1,2
0.57,0.223,0.412,0,0,1,2
0.57,0.223,0.415,0,0,1,2
0.57,0.223,0.418,0,0,1,2
0.57,0.223,0.420999,0,0,1,2
0.57,0.223,0.423999,0,0,1,2
0.57,0.223,0.426999,0,0,1,2
0.57,0.223,0.429999,0,0,1,2
0.57,0.223,0.432999,0,0,1,2
0.57,0.223,0.435999,0,0,1,2
0.57,0.223,0.438999,0,0,1,2
0.57,0.223,0.441999,0,0,1,2
0.57,0.223,0.444999,0,0,1,2
0.57,0.223,0.447999,0,0,1,2
0.57,0.223,0.450999,0,0,1,2
0.57,0.226,0.25,0,0,1,2
0.57,0.226,0.253,0,0,1,2
0.57,0.226,0.256,0,0,1,2
0.57,0.226,0.259,0,0,1,2
0.57,0.226,0.262,0,0,1,2
0.57,0.226,0.265,0,0,1,2
0.57,0.226,0.268,0,0,1,2
0.57,0.226,0.271,0,0,1,2
0.57,0.226,0.274,0,0,1,2
0.57,0.226,0.277,0,0,1,2
0.57,0.226,0.28,0,0,1,2
0.57,0.226,0.283,0,0,1,2
0.57,0.226,0.286,0,0,1,2
0.57,0.226,0.289,0,0,1,2
0.57,0.226,0.292,0,0,1,2
0.57,0.226,0.295,0,0,1,2
0.57,0.226,0.298,0,0,1,2
0.57,0.226,0.301,0,0,1,2
0.57,0.226,0.304,0,0,1,2
0.57,0.226,0.307,0,0,1,2
0.57,0.226,0.31,0,0,1,2
0.57,0.226,0.313,0,0,1,2
0.57,0.226,0.316,0,0,1,2
0.57,0.226,0.319,0,0,1,2
0.57,0.226,0.322,0,0,1,2
0.57,0.226,0.325,0,0,1,2
0.57,0.226,0.328,0,0,1,2
0.57,0.226,0.331,0,0,1,2
0.57,0.226,0.334,0,0,1,2
0.57,0.226,0.337,0,0,1,2
0.57,0.226,0.34,0,0,1,2
0.57,0.226,0.343,0,0,1,2
0.57,0.226,0.346,0,0,1,2
0.57,0.226,0.349,0,0,1,2
0.57,0.226,0.352,0,0,1,2
0.57,0.226,0.355,0,0,1,2
0.57,0.226,0.358,0,0,1,2
0.57,0.226,0.361,0,0,1,2
0.57,0.226,0.364,0,0,1,2
0.57,0.226,0.367,0,0,1,2
0.57,0.226,0.37,0,0,1,2
0.57,0.226,0.373,0,0,1,2
0.57,0.226,0.376,0,0,1,2
0.57,0.226,0.379,0,0,1,2
0.57,0.226,0.382,0,0,1,2
0.57,0.226,0.385,0,0,1,2
0.57,0.226,0.388,0,0,1,2
0.57,0.226,0.391,0,0,1,2
0.57,0.226,0.394,0,0,1,2
0.57,0.226,0.397,0,0,1,2
0.57,0.226,0.4,0,0,1,2
0.57,0.226,0.403,0,0,1,2
0.57,0.226,0.406,0,0,1,2
0.57,0.226,0.409,0,0,1,2
0.57,0.226,0.412,0,0,1,2
0.57,0.226,0.415,0,0,1,2
0.57,0.226,0.418,0,0,1,2
0.57,0.226,0.420999,0,0,1,2
0.57,0.226,0.423999,0,0,1,2
0.57,0.226,0.426999,0,0,1,2
0.57,0.226,0.429999,0,0,1,2
0.57,0.226,0.432999,0,0,1,2
0.57,0.226,0.435999,0,0,1,2
0.57,0.226,0.438999,0,0,1,2
0.57,0.226,0.441999,0,0,1,2
0.57,0.226,0.444999,0,0,1,2
0.57,0.226,0.447999,0,0,1,2
0.57,0.226,0.450999,0,0,1,2
0.57,0.229,0.25,0,0,1,2
0.57,0.229,0.253,0,0,1,2
0.57,0.229,0.256,0,0,1,2
0.57,0.229,0.259,0,0,1,2
0.57,0.229,0.262,0,0,1,2
0.57,0.229,0.265,0,0,1,2
0.57,0.229,0.268,0,0,1,2
0.57,0.229,0.271,0,0,1,2
0.57,0.229,0.274,0,0,1,2
0.57,0.229,0.277,0,0,1,2
0.57,0.229,0.28,0,0,1,2
0.57,0.229,0.283,0,0,1,2
0.57,0.229,0.286,0,0,1,2
0.57,0.229,0.289,0,0,1,2
0.57,0.229,0.292,0,0,1,2
0.57,0.229,0.295,0,0,1,2
0.57,0.229,0.298,0,0,1,2
0.57,0.229,0.301,0,0,1,2
0.57,0.229,0.304,0,0,1,2
0.57,0.229,0.307,0,0,1,2
0.57,0.229,0.31,0,0,1,2
0.57,0.229,0.313,0,0,1,2
0.57,0.229,0.316,0,0,1,2
0.57,0.229,0.319,0,0,1,2
0.57,0.229,0.322,0,0,1,2
0.57,0.229,0.325,0,0,1,2
0.57,0.229,0.328,0,0,1,2
0.57,0.229,0.331,0,0,1,2
0.57,0.229,0.334,0,0,1,2
0.57,0.229,0.337,0,0,1,2
0.57,0.229,0.34,0,0,1,2
0.57,0.229,0.343,0,0,1,2
0.57,0.229,0.346,0,0,1,2
0.57,0.229,0.349,0,0,1,2
0.57,0.229,0.352,0,0,1,2
0.57,0.229,0.355,0,0,1,2
0.57,0.229,0.358,0,0,1,2
0.57,0.229,0.361,0,0,1,2
0.57,0.229,0.364,0,0,1,2
0.57,0.229,0.367,0,0,1,2
0.57,0.229,0.37,0,0,1,2
0.57,0.229,0.373,0,0,1,2
0.57,0.229,0.376,0,0,1,2
0.57,0.229,0.379,0,0,1,2
0.57,0.229,0.382,0,0,1,2
0.57,0.229,0.385,0,0,1,2
0.57,0.229,0.388,0,0,1,2
0.57,0.229,0.391,0,0,1,2
0.57,0.229,0.394,0,0,1,2
0.57,0.229,0.397,0,0,1,2
0.57,0.229,0.4,0,0,1,2
0.57,0.229,0.403,0,0,1,2
0.57,0.229,0.406,0,0,1,2
0.57,0.229,0.409,0,0,1,2
0.57,0.229,0.412,0,0,1,2
0.57,0.229,0.415,0,0,1,2
0.57,0.229,0.418,0,0,1,2
0.57,0.229,0.420999,0,0,1,2
0.57,0.229,0.423999,0,0,1,2
0.57,0.229,0.426999,0,0,1,2
0.57,0.229,0.429999,0,0,1,2
0.57,0.229,0.432999,0,0,1,2
0.57,0.229,0.435999,0,0,1,2
0.57,0.229,0.438999,0,0,1,2
0.57,0.229,0.441999,0,0,1,2
0.57,0.229,0.444999,0,0,1,2
0.57,0.229,0.447999,0,0,1,2
0.57,0.229,0.450999,0,0,1,2
0.57,0.232,0.25,0,0,1,2
0.57,0.232,0.253,0,0,1,2
0.57,0.232,0.256,0,0,1,2
0.57,0.232,0.259,0,0,1,2
0.57,0.232,0.262,0,0,1,2
0.57,0.232,0.265,0,0,1,2
0.57,0.232,0.268,0,0,1,2
0.57,0.232,0.271,0,0,1,2
0.57,0.232,0.274,0,0,1,2
0.57,0.232,0.277,0,0,1,2
0.57,0.232,0.28,0,0,1,2
0.57,0.232,0.283,0,0,1,2
0.57,0.232,0.286,0,0,1,2
0.57,0.232,0.289,0,0,1,2
0.57,0.232,0.292,0,0,1,2
0.57,0.232,0.295,0,0,1,2
0.57,0.232,0.298,0,0,1,2
0.57,0.232,0.301,0,0,1,2
0.57,0.232,0.304,0,0,1,2
0.57,0.232,0.307,0,0,1,2
0.57,0.232,0.31,0,0,1,2
0.57,0.232,0.313,0,0,1,2
0.57,0.232,0.316,0,0,1,2
0.57,0.232,0.319,0,0,1,2
0.57,0.232,0.322,0,0,1,2
0.57,0.232,0.325,0,0,1,2
0.57,0.232,0.328,0,0,1,2
0.57,0.232,0.331,0,0,1,2
0.57,0.232,0.334,0,0,1,2
0.57,0.232,0.337,0,0,1,2
0.57,0.232,0.34,0,0,1,2
0.57,0.232,0.343,0,0,1,2
0.57,0.232,0.346,0,0,1,2
0.57,0.232,0.349,0,0,1,2
0.57,0.232,0.352,0,0,1,2
0.57,0.232,0.355,0,0,1,2
0.57,0.232,0.358,0,0,1,2
0.57,0.232,0.361,0,0,1,2
0.57,0.232,0.364,0,0,1,2
0.57,0.232,0.367,0,0,1,2
0.57,0.232,0.37,0,0,1,2
0.57,0.232,0.373,0,0,1,2
0.57,0.232,0.376,0,0,1,2
0.57,0.232,0.379,0,0,1,2
0.57,0.232,0.382,0,0,1,2
0.57,0.232,0.385,0,0,1,2
0.57,0.232,0.388,0,0,1,2
0.57,0.232,0.391,0,0,1,2
0.57,0.232,0.394,0,0,1,2
0.57,0.232,0.397,0,0,1,2
0.57,0.232,0.4,0,0,1,2
0.57,0.232,0.403,0,0,1,2
0.57,0.232,0.406,0,0,1,2
0.57,0.232,0.409,0,0,1,2
0.57,0.232,0.412,0,0,1,2
0.57,0.232,0.415,0,0,1,2
0.57,0.232,0.418,0,0,1,2
0.57,0.232,0.420999,0,0,1,2
0.57,0.232,0.423999,0,0,1,2
0.57,0.232,0.426999,0,0,1,2
0.57,0.232,0.429999,0,0,1,2
0.57,0.232,0.432999,0,0,1,2
0.57,0.232,0.435999,0,0,1,2
0.57,0.232,0.438999,0,0,1,2
0.57,0.232,0.441999,0,0,1,2
0.57,0.232,0.444999,0,0,1,2
0.57,0.232,0.447999,0,0,1,2
0.57,0.232,0.450999,0,0,1,2
0.57,0.235,0.25,0,0,1,2
0.57,0.235,0.253,0,0,1,2
0.57,0.235,0.256,0,0,1,2
0.57,0.235,0.259,0,0,1,2
0.57,0.235,0.262,0,0,1,2
0.57,0.235,0.265,0,0,1,2
0.57,0.235,0.268,0,0,1,2
0.57,0.235,0.271,0,0,1,2
0.57,0.235,0.274,0,0,1,2
0.57,0.235,0.277,0,0,1,2
0.57,0.235,0.28,0,0,1,2
0.57,0.235,0.283,0,0,1,2
0.57,0.235,0.286,0,0,1,2
0.57,0.235,0.289,0,0,1,2
0.57,0.235,0.292,0,0,1,2
0.57,0.235,0.295,0,0,1,2
0.57,0.235,0.298,0,0,1,2
0.57,0.235,0.301,0,0,1,2
0.57,0.235,0.304,0,0,1,2
0.57,0.235,0.307,0,0,1,2
0.57,0.235,0.31,0,0,1,2
0.57,0.235,0.313,0,0,1,2
0.57,0.235,0.316,0,0,1,2
0.57,0.235,0.319,0,0,1,2
0.57,0.235,0.322,0,0,1,2
0.57,0.235,0.325,0,0,1,2
0.57,0.235,0.328,0,0,1,2
0.57,0.235,0.331,0,0,1,2
0.57,0.235,0.334,0,0,1,2
0.57,0.235,0.337,0,0,1,2
0.57,0.235,0.34,0,0,1,2
0.57,0.235,0.343,0,0,1,2
0.57,0.235,0.346,0,0,1,2
0.57,0.235,0.349,0,0,1,2
0.57,0.235,0.352,0,0,1,2
0.57,0.235,0.355,0,0,1,2
0.57,0.235,0.358,0,0,1,2
0.57,0.235,0.361,0,0,1,2
0.57,0.235,0.364,0,0,1,2
0.57,0.235,0.367,0,0,1,2
0.57,0.235,0.37,0,0,1,2
0.57,0.235,0.373,0,0,1,2
0.57,0.235,0.376,0,0,1,2
0.57,0.235,0.379,0,0,1,2
0.57,0.235,0.382,0,0,1,2
0.57,0.235,0.385,0,0,1,2
0.57,0.235,0.388,0,0,1,2
0.57,0.235,0.391,0,0,1,2
0.57,0.235,0.394,0,0,1,2
0.57,0.235,0.397,0,0,1,2
0.57,0.235,0.4,0,0,1,2
0.57,0.235,0.403,0,0,1,2
0.57,0.235,0.406,0,0,1,2
0.57,0.235,0.409,0,0,1,2
0.57,0.235,0.412,0,0,1,2
0.57,0.235,0.415,0,0,1,2
0.57,0.235,0.418,0,0,1,2
0.57,0.235,0.420999,0,0,1,2
0.57,0.235,0.423999,0,0,1,2
0.57,0.235,0.426999,0,0,1,2
0.57,0.235,0.429999,0,0,1,2
0.57,0.235,0.432999,0,0,1,2
0.57,0.235,0.435999,0,0,1,2
0.57,0.235,0.438999,0,0,1,2
0.57,0.235,0.441999,0,0,1,2
0.57,0.235,0.444999,0,0,1,2
0.57,0.235,0.447999,0,0,1,2
0.57,0.235,0.450999,0,0,1,2
0.57,0.238,0.25,0,0,1,2
0.57,0.238,0.253,0,0,1,2
0.57,0.238,0.256,0,0,1,2
0.57,0.238,0.259,0,0,1,2
0.57,0.238,0.262,0,0,1,2
0.57,0.238,0.265,0,0,1,2
0.57,0.238,0.268,0,0,1,2
0.57,0.238,0.271,0,0,1,2
0.57,0.238,0.274,0,0,1,2
0.57,0.238,0.277,0,0,1,2
0.57,0.238,0.28,0,0,1,2
0.57,0.238,0.283,0,0,1,2
0.57,0.238,0.286,0,0,1,2
0.57,0.238,0.289,0,0,1,2
0.57,0.238,0.292,0,0,1,2
0.57,0.238,0.295,0,0,1,2
0.57,0.238,0.298,0,0,1,2
0.57,0.238,0.301,0,0,1,2
0.57,0.238,0.304,0,0,1,2
0.57,0.238,0.307,0,0,1,2
0.57,0.238,0.31,0,0,1,2
0.57,0.238,0.313,0,0,1,2
0.57,0.238,0.316,0,0,1,2
0.57,0.238,0.319,0,0,1,2
0.57,0.238,0.322,0,0,1,2
0.57,0.238,0.325,0,0,1,2
0.57,0.238,0.328,0,0,1,2
0.57,0.238,0.331,0,0,1,2
0.57,0.238,0.334,0,0,1,2
0.57,0.238,0.337,0,0,1,2
0.57,0.238,0.34,0,0,1,2
0.57,0.238,0.343,0,0,1,2
0.57,0.238,0.346,0,0,1,2
0.57,0.238,0.349,0,0,1,2
0.57,0.238,0.352,0,0,1,2
0.57,0.238,0.355,0,0,1,2
0.57,0.238,0.358,0,0,1,2
0.57,0.238,0.361,0,0,1,2
0.57,0.238,0.364,0,0,1,2
0.57,0.238,0.367,0,0,1,2
0.57,0.238,0.37,0,0,1,2
0.57,0.238,0.373,0,0,1,2
0.57,0.238,0.376,0,0,1,2
0.57,0.238,0.379,0,0,1,2
0.57,0.238,0.382,0,0,1,2
0.57,0.238,0.385,0,0,1,2
0.57,0.238,0.388,0,0,1,2
0.57,0.238,0.391,0,0,1,2
0.57,0.238,0.394,0,0,1,2
0.57,0.238,0.397,0,0,1,2
0.57,0.238,0.4,0,0,1,2
0.57,0.238,0.403,0,0,1,2
0.57,0.238,0.406,0,0,1,2
0.57,0.238,0.409,0,0,1,2
0.57,0.238,0.412,0,0,1,2
0.57,0.238,0.415,0,0,1,2
0.57,0.238,0.418,0,0,1,2
0.57,0.238,0.420999,0,0,1,2
0.57,0.238,0.423999,0,0,1,2
0.57,0.238,0.426999,0,0,1,2
0.57,0.238,0.429999,0,0,1,2
0.57,0.238,0.432999,0,0,1,2
0.57,0.238,0.435999,0,0,1,2
0.57,0.238,0.438999,0,0,1,2
0.57,0.238,0.441999,0,0,1,2
0.57,0.238,0.444999,0,0,1,2
0.57,0.238,0.447999,0,0,1,2
0.57,0.238,0.450999,0,0,1,2
0.57,0.241,0.25,0,0,1,2
0.57,0.241,0.253,0,0,1,2
0.57,0.241,0.256,0,0,1,2
0.57,0.241,0.259,0,0,1,2
0.57,0.241,0.262,0,0,1,2
0.57,0.241,0.265,0,0,1,2
0.57,0.241,0.268,0,0,1,2
0.57,0.241,0.271,0,0,1,2
0.57,0.241,0.274,0,0,1,2
0.57,0.241,0.277,0,0,1,2
0.57,0.241,0.28,0,0,1,2
0.57,0.241,0.283,0,0,1,2
0.57,0.241,0.286,0,0,1,2
0.57,0.241,0.289,0,0,1,2
0.57,0.241,0.292,0,0,1,2
0.57,0.241,0.295,0,0,1,2
0.57,0.241,0.298,0,0,1,2
0.57,0.241,0.301,0,0,1,2
0.57,0.241,0.304,0,0,1,2
0.57,0.241,0.307,0,0,1,2
0.57,0.241,0.31,0,0,1,2
0.57,0.241,0.313,0,0,1,2
0.57,0.241,0.316,0,0,1,2
0.57,0.241,0.319,0,0,1,2
0.57,0.241,0.322,0,0,1,2
0.57,0.241,0.325,0,0,1,2
0.57,0.241,0.328,0,0,1,2
0.57,0.241,0.331,0,0,1,2
0.57,0.241,0.334,0,0,1,2
0.57,0.241,0.337,0,0,1,2
0.57,0.241,0.34,0,0,1,2
0.57,0.241,0.343,0,0,1,2
0.57,0.241,0.346,0,0,1,2
0.57,0.241,0.349,0,0,1,2
0.57,0.241,0.352,0,0,1,2
0.57,0.241,0.355,0,0,1,2
0.57,0.241,0.358,0,0,1,2
0.57,0.241,0.361,0,0,1,2
0.57,0.241,0.364,0,0,1,2
0.57,0.241,0.367,0,0,1,2
0.57,0.241,0.37,0,0,1,2
0.57,0.241,0.373,0,0,1,2
0.57,0.241,0.376,0,0,1,2
0.57,0.241,0.379,0,0,1,2
0.57,0.241,0.382,0,0,1,2
0.57,0.241,0.385,0,0,1,2
0.57,0.241,0.388,0,0,1,2
0.57,0.241,0.391,0,0,1,2
0.57,0.241,0.394,0,0,1,2
0.57,0.241,0.397,0,0,1,2
0.57,0.241,0.4,0,0,1,2
0.57,0.241,0.403,0,0,1,2
0.57,0.241,0.406,0,0,1,2
0.57,0.241,0.409,0,0,1,2
0.57,0.241,0.412,0,0,1,2
0.57,0.241,0.415,0,0,1,2
0.57,0.241,0.418,0,0,1,2
0.57,0.241,0.420999,0,0,1,2
0.57,0.241,0.423999,0,0,1,2
0.57,0.241,0.426999,0,0,1,2
0.57,0.241,0.429999,0,0,1,2
0.57,0.241,0.432999,0,0,1,2
0.57,0.241,0.435999,0,0,1,2
0.57,0.241,0.438999,0,0,1,2
0.57,0.241,0.441999,0,0,1,2
0.57,0.241,0.444999,0,0,1,2
0.57,0.241,0.447999,0,0,1,2
0.57,0.241,0.450999,0,0,1,2
0.57,0.244,0.25,0,0,1,2
0.57,0.244,0.253,0,0,1,2
0.57,0.244,0.256,0,0,1,2
0.57,0.244,0.259,0,0,1,2
0.57,0.244,0.262,0,0,1,2
0.57,0.244,0.265,0,0,1,2
0.57,0.244,0.268,0,0,1,2
0.57,0.244,0.271,0,0,1,2
0.57,0.244,0.274,0,0,1,2
0.57,0.244,0.277,0,0,1,2
0.57,0.244,0.28,0,0,1,2
0.57,0.244,0.283,0,0,1,2
0.57,0.244,0.286,0,0,1,2
0.57,0.244,0.289,0,0,1,2
0.57,0.244,0.292,0,0,1,2
0.57,0.244,0.295,0,0,1,2
0.57,0.244,0.298,0,0,1,2
0.57,0.244,0.301,0,0,1,2
0.57,0.244,0.304,0,0,1,2
0.57,0.244,0.307,0,0,1,2
0.57,0.244,0.31,0,0,1,2
0.57,0.244,0.313,0,0,1,2
0.57,0.244,0.316,0,0,1,2
0.57,0.244,0.319,0,0,1,2
0.57,0.244,0.322,0,0,1,2
0.57,0.244,0.325,0,0,1,2
0.57,0.244,0.328,0,0,1,2
0.57,0.244,0.331,0,0,1,2
0.57,0.244,0.334,0,0,1,2
0.57,0.244,0.337,0,0,1,2
0.57,0.244,0.34,0,0,1,2
0.57,0.244,0.343,0,0,1,2
0.57,0.244,0.346,0,0,1,2
0.57,0.244,0.349,0,0,1,2
0.57,0.244,0.352,0,0,1,2
0.57,0.244,0.355,0,0,1,2
0.57,0.244,0.358,0,0,1,2
0.57,0.244,0.361,0,0,1,2
0.57,0.244,0.364,0,0,1,2
0.57,0.244,0.367,0,0,1,2
0.57,0.244,0.37,0,0,1,2
0.57,0.244,0.373,0,0,1,2
0.57,0.244,0.376,0,0,1,2
0.57,0.244,0.379,0,0,1,2
0.57,0.244,0.382,0,0,1,2
0.57,0.244,0.385,0,0,1,2
0.57,0.244,0.388,0,0,1,2
0.57,0.244,0.391,0,0,1,2
0.57,0.244,0.394,0,0,1,2
0.57,0.244,0.397,0,0,1,2
0.57,0.244,0.4,0,0,1,2
0.57,0.244,0.403,0,0,1,2
0.57,0.244,0.406,0,0,1,2
0.57,0.244,0.409,0,0,1,2
0.57,0.244,0.412,0,0,1,2
0.57,0.244,0.415,0,0,1,2
0.57,0.244,0.418,0,0,1,2
0.57,0.244,0.420999,0,0,1,2
0.57,0.244,0.423999,0,0,1,2
0.57,0.244,0.426999,0,0,1,2
0.57,0.244,0.429999,0,0,1,2
0.57,0.244,0.432999,0,0,1,2
0.57,0.244,0.435999,0,0,1,2
0.57,0.244,0.438999,0,0,1,2
0.57,0.244,0.441999,0,0,1,2
0.57,0.244,0.444999,0,0,1,2
0.57,0.244,0.447999,0,0,1,2
0.57,0.244,0.450999,0,0,1,2
0.57,0.247,0.25,0,0,1,2
0.57,0.247,0.253,0,0,1,2
0.57,0.247,0.256,0,0,1,2
0.57,0.247,0.259,0,0,1,2
0.57,0.247,0.262,0,0,1,2
0.57,0.247,0.265,0,0,1,2
0.57,0.247,0.268,0,0,1,2
0.57,0.247,0.271,0,0,1,2
0.57,0.247,0.274,0,0,1,2
0.57,0.247,0.277,0,0,1,2
0.57,0.247,0.28,0,0,1,2
0.57,0.247,0.283,0,0,1,2
0.57,0.247,0.286,0,0,1,2
0.57,0.247,0.289,0,0,1,2
0.57,0.247,0.292,0,0,1,2
0.57,0.247,0.295,0,0,1,2
0.57,0.247,0.298,0,0,1,2
0.57,0.247,0.301,0,0,1,2
0.57,0.247,0.304,0,0,1,2
0.57,0.247,0.307,0,0,1,2
0.57,0.247,0.31,0,0,1,2
0.57,0.247,0.313,0,0,1,2
0.57,0.247,0.316,0,0,1,2
0.57,0.247,0.319,0,0,1,2
0.57,0.247,0.322,0,0,1,2
0.57,0.247,0.325,0,0,1,2
0.57,0.247,0.328,0,0,1,2
0.57,0.247,0.331,0,0,1,2
0.57,0.247,0.334,0,0,1,2
0.57,0.247,0.337,0,0,1,2
0.57,0.247,0.34,0,0,1,2
0.57,0.247,0.343,0,0,1,2
0.57,0.247,0.346,0,0,1,2
0.57,0.247,0.349,0,0,1,2
0.57,0.247,0.352,0,0,1,2
0.57,0.247,0.355,0,0,1,2
0.57,0.247,0.358,0,0,1,2
0.57,0.247,0.361,0,0,1,2
0.57,0.247,0.364,0,0,1,2
0.57,0.247,0.367,0,0,1,2
0.57,0.247,0.37,0,0,1,2
0.57,0.247,0.373,0,0,1,2
0.57,0.247,0.376,0,0,1,2
0.57,0.247,0.379,0,0,1,2
0.57,0.247,0.382,0,0,1,2
0.57,0.247,0.385,0,0,1,2
0.57,0.247,0.388,0,0,1,2
0.57,0.247,0.391,0,0,1,2
0.57,0.247,0.394,0,0,1,2
0.57,0.247,0.397,0,0,1,2
0.57,0.247,0.4,0,0,1,2
0.57,0.247,0.403,0,0,1,2
0.57,0.247,0.406,0,0,1,2
0.57,0.247,0.409,0,0,1,2
0.57,0.247,0.412,0,0,1,2
0.57,0.247,0.415,0,0,1,2
0.57,0.247,0.418,0,0,1,2
0.57,0.247,0.420999,0,0,1,2
0.57,0.247,0.423999,0,0,1,2
0.57,0.247,0.426999,0,0,1,2
0.57,0.247,0.429999,0,0,1,2
0.57,0.247,0.432999,0,0,1,2
0.57,0.247,0.435999,0,0,1,2
0.57,0.247,0.438999,0,0,1,2
0.57,0.247,0.441999,0,0,1,2
0.57,0.247,0.444999,0,0,1,2
0.57,0.247,0.447999,0,0,1,2
0.57,0.247,0.450999,0,0,1,2
0.57,0.25,0.25,0,0,1,2
0.57,0.25,0.253,0,0,1,2
0.57,0.25,0.256,0,0,1,2
0.57,0.25,0.259,0,0,1,2
0.57,0.25,0.262,0,0,1,2
0.57,0.25,0.265,0,0,1,2
0.57,0.25,0.268,0,0,1,2
0.57,0.25,0.271,0,0,1,2
0.57,0.25,0.274,0,0,1,2
0.57,0.25,0.277,0,0,1,2
0.57,0.25,0.28,0,0,1,2
0.57,0.25,0.283,0,0,1,2
0.57,0.25,0.286,0,0,1,2
0.57,0.25,0.289,0,0,1,2
0.57,0.25,0.292,0,0,1,2
0.57,0.25,0.295,0,0,1,2
0.57,0.25,0.298,0,0,1,2
0.57,0.25,0.301,0,0,1,2
0.57,0.25,0.304,0,0,1,2
0.57,0.25,0.307,0,0,1,2
0.57,0.25,0.31,0,0,1,2
0.57,0.25,0.313,0,0,1,2
0.57,0.25,0.316,0,0,1,2
0.57,0.25,0.319,0,0,1,2
0.57,0.25,0.322,0,0,1,2
0.57,0.25,0.325,0,0,1,2
0.57,0.25,0.328,0,0,1,2
0.57,0.25,0.331,0,0,1,2
0.57,0.25,0.334,0,0,1,2
0.57,0.25,0.337,0,0,1,2
0.57,0.25,0.34,0,0,1,2
0.57,0.25,0.343,0,0,1,2
0.57,0.25,0.346,0,0,1,2
0.57,0.25,0.349,0,0,1,2
0.57,0.25,0.352,0,0,1,2
0.57,0.25,0.355,0,0,1,2
0.57,0.25,0.358,0,0,1,2
0.57,0.25,0.361,0,0,1,2
0.57,0.25,0.364,0,0,1,2
0.57,0.25,0.367,0,0,1,2
0.57,0.25,0.37,0,0,1,2
0.57,0.25,0.373,0,0,1,2
0.57,0.25,0.376,0,0,1,2
0.57,0.25,0.379,0,0,1,2
0.57,0.25,0.382,0,0,1,2
0.57,0.25,0.385,0,0,1,2
0.57,0.25,0.388,0,0,1,2
0.57,0.25,0.391,0,0,1,2
0.57,0.25,0.394,0,0,1,2
0.57,0.25,0.397,0,0,1,2
0.57,0.25,0.4,0,0,1,2
0.57,0.25,0.403,0,0,1,2
0.57,0.25,0.406,0,0,1,2
0.57,0.25,0.409,0,0,1,2
0.57,0.25,0.412,0,0,1,2
0.57,0.25,0.415,0,0,1,2
0.57,0.25,0.418,0,0,1,2
0.57,0.25,0.420999,0,0,1,2
0.57,0.25,0.423999,0,0,1,2
0.57,0.25,0.426999,0,0,1,2
0.57,0.25,0.429999,0,0,1,2
0.57,0.25,0.432999,0,0,1,2
0.57,0.25,0.435999,0,0,1,2
0.57,0.25,0.438999,0,0,1,2
0.57,0.25,0.441999,0,0,1,2
0.57,0.25,0.444999,0,0,1,2
0.57,0.25,0.447999,0,0,1,2
0.57,0.25,0.450999,0,0,1,2
0.57,0.253,0.25,0,0,1,2
0.57,0.253,0.253,0,0,1,2
0.57,0.253,0.256,0,0,1,2
0.57,0.253,0.259,0,0,1,2
0.57,0.253,0.262,0,0,1,2
0.57,0.253,0.265,0,0,1,2
0.57,0.253,0.268,0,0,1,2
0.57,0.253,0.271,0,0,1,2
0.57,0.253,0.274,0,0,1,2
0.57,0.253,0.277,0,0,1,2
0.57,0.253,0.28,0,0,1,2
0.57,0.253,0.283,0,0,1,2
0.57,0.253,0.286,0,0,1,2
0.57,0.253,0.289,0,0,1,2
0.57,0.253,0.292,0,0,1,2
0.57,0.253,0.295,0,0,1,2
0.57,0.253,0.298,0,0,1,2
0.57,0.253,0.301,0,0,1,2
0.57,0.253,0.304,0,0,1,2
0.57,0.253,0.307,0,0,1,2
0.57,0.253,0.31,0,0,1,2
0.57,0.253,0.313,0,0,1,2
0.57,0.253,0.316,0,0,1,2
0.57,0.253,0.319,0,0,1,2
0.57,0.253,0.322,0,0,1,2
0.57,0.253,0.325,0,0,1,2
0.57,0.253,0.328,0,0,1,2
0.57,0.253,0.331,0,0,1,2
0.57,0.253,0.334,0,0,1,2
0.57,0.253,0.337,0,0,1,2
0.57,0.253,0.34,0,0,1,2
0.57,0.253,0.343,0,0,1,2
0.57,0.253,0.346,0,0,1,2
0.57,0.253,0.349,0,0,1,2
0.57,0.253,0.352,0,0,1,2
0.57,0.253,0.355,0,0,1,2
0.57,0.253,0.358,0,0,1,2
0.57,0.253,0.361,0,0,1,2
0.57,0.253,0.364,0,0,1,2
0.57,0.253,0.367,0,0,1,2
0.57,0.253,0.37,0,0,1,2
0.57,0.253,0.373,0,0,1,2
0.57,0.253,0.376,0,0,1,2
0.57,0.253,0.379,0,0,1,2
0.57,0.253,0.382,0,0,1,2
0.57,0.253,0.385,0,0,1,2
0.57,0.253,0.388,0,0,1,2
0.57,0.253,0.391,0,0,1,2
0.57,0.253,0.394,0,0,1,2
0.57,0.253,0.397,0,0,1,2
0.57,0.253,0.4,0,0,1,2
0.57,0.253,0.403,0,0,1,2
0.57,0.253,0.406,0,0,1,2
0.57,0.253,0.409,0,0,1,2
0.57,0.253,0.412,0,0,1,2
0.57,0.253,0.415,0,0,1,2
0.57,0.253,0.418,0,0,1,2
0.57,0.253,0.420999,0,0,1,2
0.57,0.253,0.423999,0,0,1,2
0.57,0.253,0.426999,0,0,1,2
0.57,0.253,0.429999,0,0,1,2
0.57,0.253,0.432999,0,0,1,2
0.57,0.253,0.435999,0,0,1,2
0.57,0.253,0.438999,0,0,1,2
0.57,0.253,0.441999,0,0,1,2
0.57,0.253,0.444999,0,0,1,2
0.57,0.253,0.447999,0,0,1,2
0.57,0.253,0.450999,0,0,1,2
0.57,0.256,0.25,0,0,1,2
0.57,0.256,0.253,0,0,1,2
0.57,0.256,0.256,0,0,1,2
0.57,0.256,0.259,0,0,1,2
0.57,0.256,0.262,0,0,1,2
0.57,0.256,0.265,0,0,1,2
0.57,0.256,0.268,0,0,1,2
0.57,0.256,0.271,0,0,1,2
0.57,0.256,0.274,0,0,1,2
0.57,0.256,0.277,0,0,1,2
0.57,0.256,0.28,0,0,1,2
0.57,0.256,0.283,0,0,1,2
0.57,0.256,0.286,0,0,1,2
0.57,0.256,0.289,0,0,1,2
0.57,0.256,0.292,0,0,1,2
0.57,0.256,0.295,0,0,1,2
0.57,0.256,0.298,0,0,1,2
0.57,0.256,0.301,0,0,1,2
0.57,0.256,0.304,0,0,1,2
0.57,0.256,0.307,0,0,1,2
0.57,0.256,0.31,0,0,1,2
0.57,0.256,0.313,0,0,1,2
0.57,0.256,0.316,0,0,1,2
0.57,0.256,0.319,0,0,1,2
0.57,0.256,0.322,0,0,1,2
0.57,0.256,0.325,0,0,1,2
0.57,0.256,0.328,0,0,1,2
0.57,0.256,0.331,0,0,1,2
0.57,0.256,0.334,0,0,1,2
0.57,0.256,0.337,0,0,1,2
0.57,0.256,0.34,0,0,1,2
0.57,0.256,0.343,0,0,1,2
0.57,0.256,0.346,0,0,1,2
0.57,0.256,0.349,0,0,1,2
0.57,0.256,0.352,0,0,1,2
0.57,0.256,0.355,0,0,1,2
0.57,0.256,0.358,0,0,1,2
0.57,0.256,0.361,0,0,1,2
0.57,0.256,0.364,0,0,1,2
0.57,0.256,0.367,0,0,1,2
0.57,0.256,0.37,0,0,1,2
0.57,0.256,0.373,0,0,1,2
0.57,0.256,0.376,0,0,1,2
0.57,0.256,0.379,0,0,1,2
0.57,0.256,0.382,0,0,1,2
0.57,0.256,0.385,0,0,1,2
0.57,0.256,0.388,0,0,1,2
0.57,0.256,0.391,0,0,1,2
0.57,0.256,0.394,0,0,1,2
0.57,0.256,0.397,0,0,1,2
0.57,0.256,0.4,0,0,1,2
0.57,0.256,0.403,0,0,1,2
0.57,0.256,0.406,0,0,1,2
0.57,0.256,0.409,0,0,1,2
0.57,0.256,0.412,0,0,1,2
0.57,0.256,0.415,0,0,1,2
0.57,0.256,0.418,0,0,1,2
0.57,0.256,0.420999,0,0,1,2
0.57,0.256,0.423999,0,0,1,2
0.57,0.256,0.426999,0,0,1,2
0.57,0.256,0.429999,0,0,1,2
0.57,0.256,0.432999,0,0,1,2
0.57,0.256,0.435999,0,0,1,2
0.57,0.256,0.438999,0,0,1,2
0.57,0.256,0.441999,0,0,1,2
0.57,0.256,0.444999,0,0,1,2
0.57,0.256,0.447999,0,0,1,2
0.57,0.256,0.450999,0,0,1,2
0.57,0.259,0.25,0,0,1,2
0.57,0.259,0.253,0,0,1,2
0.57,0.259,0.256,0,0,1,2
0.57,0.259,0.259,0,0,1,2
0.57,0.259,0.262,0,0,1,2
0.57,0.259,0.265,0,0,1,2
0.57,0.259,0.268,0,0,1,2
0.57,0.259,0.271,0,0,1,2
0.57,0.259,0.274,0,0,1,2
0.57,0.259,0.277,0,0,1,2
0.57,0.259,0.28,0,0,1,2
0.57,0.259,0.283,0,0,1,2
0.57,0.259,0.286,0,0,1,2
0.57,0.259,0.289,0,0,1,2
0.57,0.259,0.292,0,0,1,2
0.57,0.259,0.295,0,0,1,2
0.57,0.259,0.298,0,0,1,2
0.57,0.259,0.301,0,0,1,2
0.57,0.259,0.304,0,0,1,2
0.57,0.259,0.307,0,0,1,2
0.57,0.259,0.31,0,0,1,2
0.57,0.259,0.313,0,0,1,2
0.57,0.259,0.316,0,0,1,2
0.57,0.259,0.319,0,0,1,2
0.57,0.259,0.322,0,0,1,2
0.57,0.259,0.325,0,0,1,2
0.57,0.259,0.328,0,0,1,2
0.57,0.259,0.331,0,0,1,2
0.57,0.259,0.334,0,0,1,2
0.57,0.259,0.337,0,0,1,2
0.57,0.259,0.34,0,0,1,2
0.57,0.259,0.343,0,0,1,2
0.57,0.259,0.346,0,0,1,2
0.57,0.259,0.349,0,0,1,2
0.57,0.259,0.352,0,0,1,2
0.57,0.259,0.355,0,0,1,2
0.57,0.259,0.358,0,0,1,2
0.57,0.259,0.361,0,0,1,2
0.57,0.259,0.364,0,0,1,2
0.57,0.259,0.367,0,0,1,2
0.57,0.259,0.37,0,0,1,2
0.57,0.259,0.373,0,0,1,2
0.57,0.259,0.376,0,0,1,2
0.57,0.259,0.379,0,0,1,2
0.57,0.259,0.382,0,0,1,2
0.57,0.259,0.385,0,0,1,2
0.57,0.259,0.388,0,0,1,2
0.57,0.259,0.391,0,0,1,2
0.57,0.259,0.394,0,0,1,2
0.57,0.259,0.397,0,0,1,2
0.57,0.259,0.4,0,0,1,2
0.57,0.259,0.403,0,0,1,2
0.57,0.259,0.406,0,0,1,2
0.57,0.259,0.409,0,0,1,2
0.57,0.259,0.412,0,0,1,2
0.57,0.259,0.415,0,0,1,2
0.57,0.259,0.418,0,0,1,2
0.57,0.259,0.420999,0,0,1,2
0.57,0.259,0.423999,0,0,1,2
0.57,0.259,0.426999,0,0,1,2
0.57,0.259,0.429999,0,0,1,2
0.57,0.259,0.432999,0,0,1,2
0.57,0.259,0.435999,0,0,1,2
0.57,0.259,0.438999,0,0,1,2
0.57,0.259,0.441999,0,0,1,2
0.57,0.259,0.444999,0,0,1,2
0.57,0.259,0.447999,0,0,1,2
0.57,0.259,0.450999,0,0,1,2
0.39,0.1,0.25,0,0,1,2
0.39,0.103,0.25,0,0,1,2
0.39,0.106,0.25,0,0,1,2
0.39,0.109,0.25,0,0,1,2
0.39,0.112,0.25,0,0,1,2
0.39,0.115,0.25,0,0,1,2
0.39,0.118,0.25,0,0,1,2
0.39,0.121,0.25,0,0,1,2
0.39,0.124,0.25,0,0,1,2
0.39,0.127,0.25,0,0,1,2
0.39,0.13,0.25,0,0,1,2
0.39,0.133,0.25,0,0,1,2
0.39,0.136,0.25,0,0,1,2
0.39,0.139,0.25,0,0,1,2
0.39,0.142,0.25,0,0,1,2
0.39,0.145,0.25,0,0,1,2
0.39,0.148,0.25,0,0,1,2
0.39,0.151,0.25,0,0,1,2
0.39,0.154,0.25,0,0,1,2
0.39,0.157,0.25,0,0,1,2
0.39,0.16,0.25,0,0,1,2
0.39,0.163,0.25,0,0,1,2
0.39,0.166,0.25,0,0,1,2
0.39,0.169,0.25,0,0,1,2
0.39,0.172,0.25,0,0,1,2
0.39,0.175,0.25,0,0,1,2
0.39,0.178,0.25,0,0,1,2
0.39,0.181,0.25,0,0,1,2
0.39,0.184,0.25,0,0,1,2
0.39,0.187,0.25,0,0,1,2
0.39,0.19,0.25,0,0,1,2
0.39,0.193,0.25,0,0,1,2
0.39,0.196,0.25,0,0,1,2
0.39,0.199,0.25,0,0,1,2
0.39,0.202,0.25,0,0,1,2
0.39,0.205,0.25,0,0,1,2
0.39,0.208,0.25,0,0,1,2
0.39,0.211,0.25,0,0,1,2
0.39,0.214,0.25,0,0,1,2
0.39,0.217,0.25,0,0,1,2
0.39,0.22,0.25,0,0,1,2
0.39,0.223,0.25,0,0,1,2
0.39,0.226,0.25,0,0,1,2
0.39,0.229,0.25,0,0,1,2
0.39,0.232,0.25,0,0,1,2
0.39,0.235,0.25,0,0,1,2
0.39,0.238,0.25,0,0,1,2
0.39,0.241,0.25,0,0,1,2
0.39,0.244,0.25,0,0,1,2
0.39,0.247,0.25,0,0,1,2
0.39,0.25,0.25,0,0,1,2
0.39,0.253,0.25,0,0,1,2
0.39,0.256,0.25,0,0,1,2
0.39,0.259,0.25,0,0,1,2
0.393,0.1,0.25,0,0,1,2
0.393,0.103,0.25,0,0,1,2
0.393,0.106,0.25,0,0,1,2
0.393,0.109,0.25,0,0,1,2
0.393,0.112,0.25,0,0,1,2
0.393,0.115,0.25,0,0,1,2
0.393,0.118,0.25,0,0,1,2
0.393,0.121,0.25,0,0,1,2
0.393,0.124,0.25,0,0,1,2
0.393,0.127,0.25,0,0,1,2
0.393,0.13,0.25,0,0,1,2
0.393,0.133,0.25,0,0,1,2
0.393,0.136,0.25,0,0,1,2
0.393,0.139,0.25,0,0,1,2
0.393,0.142,0.25,0,0,1,2
0.393,0.145,0.25,0,0,1,2
0.393,0.148,0.25,0,0,1,2
0.393,0.151,0.25,0,0,1,2
0.393,0.154,0.25,0,0,1,2
0.393,0.157,0.25,0,0,1,2
0.393,0.16,0.25,0,0,1,2
0.393,0.163,0.25,0,0,1,2
0.393,0.166,0.25,0,0,1,2
0.393,0.169,0.25,0,0,1,2
0.393,0.172,0.25,0,0,1,2
0.393,0.175,0.25,0,0,1,2
0.393,0.178,0.25,0,0,1,2
0.393,0.181,0.25,0,0,1,2
0.393,0.184,0.25,0,0,1,2
0.393,0.187,0.25,0,0,1,2
0.393,0.19,0.25,0,0,1,2
0.393,0.193,0.25,0,0,1,2
0.393,0.196,0.25,0,0,1,2
0.393,0.199,0.25,0,0,1,2
0.393,0.202,0.25,0,0,1,2
0.393,0.205,0.25,0,0,1,2
0.393,0.208,0.25,0,0,1,2
0.393,0.211,0.25,0,0,1,2
0.393,0.214,0.25,0,0,1,2
0.393,0.217,0.25,0,0,1,2
0.393,0.22,0.25,0,0,1,2
0.393,0.223,0.25,0,0,1,2
0.393,0.226,0.25,0,0,1,2
0.393,0.229,0.25,0,0,1,2
0.393,0.232,0.25,0,0,1,2
0.393,0.235,0.25,0,0,1,2
0.393,0.238,0.25,0,0,1,2
0.393,0.241,0.25,0,0,1,2
0.393,0.244,0.25,0,0,1,2
0.393,0.247,0.25,0,0,1,2
0.393,0.25,0.25,0,0,1,2
0.393,0.253,0.25,0,0,1,2
0.393,0.256,0.25,0,0,1,2
0.393,0.259,0.25,0,0,1,2
0.396,0.1,0.25,0,0,1,2
0.396,0.103,0.25,0,0,1,2
0.396,0.106,0.25,0,0,1,2
0.396,0.109,0.25,0,0,1,2
0.396,0.112,0.25,0,0,1,2
0.396,0.115,0.25,0,0,1,2
0.396,0.118,0.25,0,0,1,2
0.396,0.121,0.25,0,0,1,2
0.396,0.124,0.25,0,0,1,2
0.396,0.127,0.25,0,0,1,2
0.396,0.13,0.25,0,0,1,2
0.396,0.133,0.25,0,0,1,2
0.396,0.136,0.25,0,0,1,2
0.396,0.139,0.25,0,0,1,2
0.396,0.142,0.25,0,0,1,2
0.396,0.145,0.25,0,0,1,2
0.396,0.148,0.25,0,0,1,2
0.396,0.151,0.25,0,0,1,2
0.396,0.154,0.25,0,0,1,2
0.396,0.157,0.25,0,0,1,2
0.396,0.16,0.25,0,0,1,2
0.396,0.163,0.25,0,0,1,2
0.396,0.166,0.25,0,0,1,2
0.396,0.169,0.25,0,0,1,2
0.396,0.172,0.25,0,0,1,2
0.396,0.175,0.25,0,0,1,2
0.396,0.178,0.25,0,0,1,2
0.396,0.181,0.25,0,0,1,2
0.396,0.184,0.25,0,0,1,2
0.396,0.187,0.25,0,0,1,2
0.396,0.19,0.25,0,0,1,2
0.396,0.193,0.25,0,0,1,2
0.396,0.196,0.25,0,0,1,2
0.396,0.199,0.25,0,0,1,2
0.396,0.202,0.25,0,0,1,2
0.396,0.205,0.25,0,0,1,2
0.396,0.208,0.25,0,0,1,2
0.396,0.211,0.25,0,0,1,2
0.396,0.214,0.25,0,0,1,2
0.396,0.217,0.25,0,0,1,2
0.396,0.22,0.25,0,0,1,2
0.396,0.223,0.25,0,0,1,2
0.396,0.226,0.25,0,0,1,2
0.396,0.229,0.25,0,0,1,2
0.396,0.232,0.25,0,0,1,2
0.396,0.235,0.25,0,0,1,2
0.396,0.238,0.25,0,0,1,2
0.396,0.241,0.25,0,0,1,2
0.396,0.244,0.25,0,0,1,2
0.396,0.247,0.25,0,0,1,2
0.396,0.25,0.25,0,0,1,2
0.396,0.253,0.25,0,0,1,2
0.396,0.256,0.25,0,0,1,2
0.396,0.259,0.25,0,0,1,2
0.399,0.1,0.25,0,0,1,2
0.399,0.103,0.25,0,0,1,2
0.399,0.106,0.25,0,0,1,2
0.399,0.109,0.25,0,0,1,2
0.399,0.112,0.25,0,0,1,2
0.399,0.115,0.25,0,0,1,2
0.399,0.118,0.25,0,0,1,2
0.399,0.121,0.25,0,0,1,2
0.399,0.124,0.25,0,0,1,2
0.399,0.127,0.25,0,0,1,2
0.399,0.13,0.25,0,0,1,2
0.399,0.133,0.25,0,0,1,2
0.399,0.136,0.25,0,0,1,2
0.399,0.139,0.25,0,0,1,2
0.399,0.142,0.25,0,0,1,2
0.399,0.145,0.25,0,0,1,2
0.399,0.148,0.25,0,0,1,2
0.399,0.151,0.25,0,0,1,2
0.399,0.154,0.25,0,0,1,2
0.399,0.157,0.25,0,0,1,2
0.399,0.16,0.25,0,0,1,2
0.399,0.163,0.25,0,0,1,2
0.399,0.166,0.25,0,0,1,2
0.399,0.169,0.25,0,0,1,2
0.399,0.172,0.25,0,0,1,2
0.399,0.175,0.25,0,0,1,2
0.399,0.178,0.25,0,0,1,2
0.399,0.181,0.25,0,0,1,2
0.399,0.184,0.25,0,0,1,2
0.399,0.187,0.25,0,0,1,2
0.399,0.19,0.25,0,0,1,2
0.399,0.193,0.25,0,0,1,2
0.399,0.196,0.25,0,0,1,2
0.399,0.199,0.25,0,0,1,2
0.399,0.202,0.25,0,0,1,2
0.399,0.205,0.25,0,0,1,2
0.399,0.208,0.25,0,0,1,2
0.399,0.211,0.25,0,0,1,2
0.399,0.214,0.25,0,0,1,2
0.399,0.217,0.25,0,0,1,2
0.399,0.22,0.25,0,0,1,2
0.399,0.223,0.25,0,0,1,2
0.399,0.226,0.25,0,0,1,2
0.399,0.229,0.25,0,0,1,2
0.399,0.232,0.25,0,0,1,2
0.399,0.235,0.25,0,0,1,2
0.399,0.238,0.25,0,0,1,2
0.399,0.241,0.25,0,0,1,2
0.399,0.244,0.25,0,0,1,2
0.399,0.247,0.25,0,0,1,2
0.399,0.25,0.25,0,0,1,2
0.399,0.253,0.25,0,0,1,2
0.399,0.256,0.25,0,0,1,2
0.399,0.259,0.25,0,0,1,2
0.402,0.1,0.25,0,0,1,2
0.402,0.103,0.25,0,0,1,2
0.402,0.106,0.25,0,0,1,2
0.402,0.109,0.25,0,0,1,2
0.402,0.112,0.25,0,0,1,2
0.402,0.115,0.25,0,0,1,2
0.402,0.118,0.25,0,0,1,2
0.402,0.121,0.25,0,0,1,2
0.402,0.124,0.25,0,0,1,2
0.402,0.127,0.25,0,0,1,2
0.402,0.13,0.25,0,0,1,2
0.402,0.133,0.25,0,0,1,2
0.402,0.136,0.25,0,0,1,2
0.402,0.139,0.25,0,0,1,2
0.402,0.142,0.25,0,0,1,2
0.402,0.145,0.25,0,0,1,2
0.402,0.148,0.25,0,0,1,2
0.402,0.151,0.25,0,0,1,2
0.402,0.154,0.25,0,0,1,2
0.402,0.157,0.25,0,0,1,2
0.402,0.16,0.25,0,0,1,2
0.402,0.163,0.25,0,0,1,2
0.402,0.166,0.25,0,0,1,2
0.402,0.169,0.25,0,0,1,2
0.402,0.172,0.25,0,0,1,2
0.402,0.175,0.25,0,0,1,2
0.402,0.178,0.25,0,0,1,2
0.402,0.181,0.25,0,0,1,2
0.402,0.184,0.25,0,0,1,2
0.402,0.187,0.25,0,0,1,2
0.402,0.19,0.25,0,0,1,2
0.402,0.193,0.25,0,0,1,2
0.402,0.196,0.25,0,0,1,2
0.402,0.199,0.25,0,0,1,2
0.402,0.202,0.25,0,0,1,2
0.402,0.205,0.25,0,0,1,2
0.402,0.208,0.25,0,0,1,2
0.402,0.211,0.25,0,0,1,2
0.402,0.214,0.25,0,0,1,2
0.402,0.217,0.25,0,0,1,2
0.402,0.22,0.25,0,0,1,2
0.402,0.223,0.25,0,0,1,2
0.402,0.226,0.25,0,0,1,2
0.402,0.229,0.25,0,0,1,2
0.402,0.232,0.25,0,0,1,2
0.402,0.235,0.25,0,0,1,2
0.402,0.238,0.25,0,0,1,2
0.402,0.241,0.25,0,0,1,2
0.402,0.244,0.25,0,0,1,2
0.402,0.247,0.25,0,0,1,2
0.402,0.25,0.25,0,0,1,2
0.402,0.253,0.25,0,0,1,2
0.402,0.256,0.25,0,0,1,2
0.402,0.259,0.25,0,0,1,2
0.405,0.1,0.25,0,0,1,2
0.405,0.103,0.25,0,0,1,2
0.405,0.106,0.25,0,0,1,2
0.405,0.109,0.25,0,0,1,2
0.405,0.112,0.25,0,0,1,2
0.405,0.115,0.25,0,0,1,2
0.405,0.118,0.25,0,0,1,2
0.405,0.121,0.25,0,0,1,2
0.405,0.124,0.25,0,0,1,2
0.405,0.127,0.25,0,0,1,2
0.405,0.13,0.25,0,0,1,2
0.405,0.133,0.25,0,0,1,2
0.405,0.136,0.25,0,0,1,2
0.405,0.139,0.25,0,0,1,2
0.405,0.142,0.25,0,0,1,2
0.405,0.145,0.25,0,0,1,2
0.405,0.148,0.25,0,0,1,2
0.405,0.151,0.25,0,0,1,2
0.405,0.154,0.25,0,0,1,2
0.405,0.157,0.25,0,0,1,2
0.405,0.16,0.25,0,0,1,2
0.405,0.163,0.25,0,0,1,2
0.405,0.166,0.25,0,0,1,2
0.405,0.169,0.25,0,0,1,2
0.405,0.172,0.25,0,0,1,2
0.405,0.175,0.25,0,0,1,2
0.405,0.178,0.25,0,0,1,2
0.405,0.181,0.25,0,0,1,2
0.405,0.184,0.25,0,0,1,2
0.405,0.187,0.25,0,0,1,2
0.405,0.19,0.25,0,0,1,2
0.405,0.193,0.25,0,0,1,2
0.405,0.196,0.25,0,0,1,2
0.405,0.199,0.25,0,0,1,2
0.405,0.202,0.25,0,0,1,2
0.405,0.205,0.25,0,0,1,2
0.405,0.208,0.25,0,0,1,2
0.405,0.211,0.25,0,0,1,2
0.405,0.214,0.25,0,0,1,2
0.405,0.217,0.25,0,0,1,2
0.405,0.22,0.25,0,0,1,2
0.405,0.223,0.25,0,0,1,2
0.405,0.226,0.25,0,0,1,2
0.405,0.229,0.25,0,0,1,2
0.405,0.232,0.25,0,0,1,2
0.405,0.235,0.25,0,0,1,2
0.405,0.238,0.25,0,0,1,2
0.405,0.241,0.25,0,0,1,2
0.405,0.244,0.25,0,0,1,2
0.405,0.247,0.25,0,0,1,2
0.405,0.25,0.25,0,0,1,2
0.405,0.253,0.25,0,0,1,2
0.405,0.256,0.25,0,0,1,2
0.405,0.259,0.25,0,0,1,2
0.408,0.1,0.25,0,0,1,2
0.408,0.103,0.25,0,0,1,2
0.408,0.106,0.25,0,0,1,2
0.408,0.109,0.25,0,0,1,2
0.408,0.112,0.25,0,0,1,2
0.408,0.115,0.25,0,0,1,2
0.408,0.118,0.25,0,0,1,2
0.408,0.121,0.25,0,0,1,2
0.408,0.124,0.25,0,0,1,2
0.408,0.127,0.25,0,0,1,2
0.408,0.13,0.25,0,0,1,2
0.408,0.133,0.25,0,0,1,2
0.408,0.136,0.25,0,0,1,2
0.408,0.139,0.25,0,0,1,2
0.408,0.142,0.25,0,0,1,2
0.408,0.145,0.25,0,0,1,2
0.408,0.148,0.25,0,0,1,2
0.408,0.151,0.25,0,0,1,2
0.408,0.154,0.25,0,0,1,2
0.408,0.157,0.25,0,0,1,2
0.408,0.16,0.25,0,0,1,2
0.408,0.163,0.25,0,0,1,2
0.408,0.166,0.25,0,0,1,2
0.408,0.169,0.25,0,0,1,2
0.408,0.172,0.25,0,0,1,2
0.408,0.175,0.25,0,0,1,2
0.408,0.178,0.25,0,0,1,2
0.408,0.181,0.25,0,0,1,2
0.408,0.184,0.25,0,0,1,2
0.408,0.187,0.25,0,0,1,2
0.408,0.19,0.25,0,0,1,2
0.408,0.193,0.25,0,0,1,2
0.408,0.196,0.25,0,0,1,2
0.408,0.199,0.25,0,0,1,2
0.408,0.202,0.25,0,0,1,2
0.408,0.205,0.25,0,0,1,2
0.408,0.208,0.25,0,0,1,2
0.408,0.211,0.25,0,0,1,2
0.408,0.214,0.25,0,0,1,2
0.408,0.217,0.25,0,0,1,2
0.408,0.22,0.25,0,0,1,2
0.408,0.223,0.25,0,0,1,2
0.408,0.226,0.25,0,0,1,2
0.408,0.229,0.25,0,0,1,2
0.408,0.232,0.25,0,0,1,2
0.408,0.235,0.25,0,0,1,2
0.408,0.238,0.25,0,0,1,2
0.408,0.241,0.25,0,0,1,2
0.408,0.244,0.25,0,0,1,2
0.408,0.247,0.25,0,0,1,2
0.408,0.25,0.25,0,0,1,2
0.408,0.253,0.25,0,0,1,2
0.408,0.256,0.25,0,0,1,2
0.408,0.259,0.25,0,0,1,2
0.411,0.1,0.25,0,0,1,2
0.411,0.103,0.25,0,0,1,2
0.411,0.106,0.25,0,0,1,2
0.411,0.109,0.25,0,0,1,2
0.411,0.112,0.25,0,0,1,2
0.411,0.115,0.25,0,0,1,2
0.411,0.118,0.25,0,0,1,2
0.411,0.121,0.25,0,0,1,2
0.411,0.124,0.25,0,0,1,2
0.411,0.127,0.25,0,0,1,2
0.411,0.13,0.25,0,0,1,2
0.411,0.133,0.25,0,0,1,2
0.411,0.136,0.25,0,0,1,2
0.411,0.139,0.25,0,0,1,2
0.411,0.142,0.25,0,0,1,2
0.411,0.145,0.25,0,0,1,2
0.411,0.148,0.25,0,0,1,2
0.411,0.151,0.25,0,0,1,2
0.411,0.154,0.25,0,0,1,2
0.411,0.157,0.25,0,0,1,2
0.411,0.16,0.25,0,0,1,2
0.411,0.163,0.25,0,0,1,2
0.411,0.166,0.25,0,0,1,2
0.411,0.169,0.25,0,0,1,2
0.411,0.172,0.25,0,0,1,2
0.411,0.175,0.25,0,0,1,2
0.411,0.178,0.25,0,0,1,2
0.411,0.181,0.25,0,0,1,2
0.411,0.184,0.25,0,0,1,2
0.411,0.187,0.25,0,0,1,2
0.411,0.19,0.25,0,0,1,2
0.411,0.193,0.25,0,0,1,2
0.411,0.196,0.25,0,0,1,2
0.411,0.199,0.25,0,0,1,2
0.411,0.202,0.25,0,0,1,2
0.411,0.205,0.25,0,0,1,2
0.411,0.208,0.25,0,0,1,2
0.411,0.211,0.25,0,0,1,2
0.411,0.214,0.25,0,0,1,2
0.411,0.217,0.25,0,0,1,2
0.411,0.22,0.25,0,0,1,2
0.411,0.223,0.25,0,0,1,2
0.411,0.226,0.25,0,0,1,2
0.411,0.229,0.25,0,0,1,2
0.411,0.232,0.25,0,0,1,2
0.411,0.235,0.25,0,0,1,2
0.411,0.238,0.25,0,0,1,2
0.411,0.241,0.25,0,0,1,2
0.411,0.244,0.25,0,0,1,2
0.411,0.247,0.25,0,0,1,2
0.411,0.25,0.25,0,0,1,2
0.411,0.253,0.25,0,0,1,2
0.411,0.256,0.25,0,0,1,2
0.411,0.259,0.25,0,0,1,2
0.414,0.1,0.25,0,0,1,2
0.414,0.103,0.25,0,0,1,2
0.414,0.106,0.25,0,0,1,2
0.414,0.109,0.25,0,0,1,2
0.414,0.112,0.25,0,0,1,2
0.414,0.115,0.25,0,0,1,2
0.414,0.118,0.25,0,0,1,2
0.414,0.121,0.25,0,0,1,2
0.414,0.124,0.25,0,0,1,2
0.414,0.127,0.25,0,0,1,2
0.414,0.13,0.25,0,0,1,2
0.414,0.133,0.25,0,0,1,2
0.414,0.136,0.25,0,0,1,2
0.414,0.139,0.25,0,0,1,2
0.414,0.142,0.25,0,0,1,2
0.414,0.145,0.25,0,0,1,2
0.414,0.148,0.25,0,0,1,2
0.414,0.151,0.25,0,0,1,2
0.414,0.154,0.25,0,0,1,2
0.414,0.157,0.25,0,0,1,2
0.414,0.16,0.25,0,0,1,2
0.414,0.163,0.25,0,0,1,2
0.414,0.166,0.25,0,0,1,2
0.414,0.169,0.25,0,0,1,2
0.414,0.172,0.25,0,0,1,2
0.414,0.175,0.25,0,0,1,2
0.414,0.178,0.25,0,0,1,2
0.414,0.181,0.25,0,0,1,2
0.414,0.184,0.25,0,0,1,2
0.414,0.187,0.25,0,0,1,2
0.414,0.19,0.25,0,0,1,2
0.414,0.193,0.25,0,0,1,2
0.414,0.196,0.25,0,0,1,2
0.414,0.199,0.25,0,0,1,2
0.414,0.202,0.25,0,0,1,2
0.414,0.205,0.25,0,0,1,2
0.414,0.208,0.25,0,0,1,2
0.414,0.211,0.25,0,0,1,2
0.414,0.214,0.25,0,0,1,2
0.414,0.217,0.25,0,0,1,2
0.414,0.22,0.25,0,0,1,2
0.414,0.223,0.25,0,0,1,2
0.414,0.226,0.25,0,0,1,2
0.414,0.229,0.25,0,0,1,2
0.414,0.232,0.25,0,0,1,2
0.414,0.235,0.25,0,0,1,2
0.414,0.238,0.25,0,0,1,2
0.414,0.241,0.25,0,0,1,2
0.414,0.244,0.25,0,0,1,2
0.414,0.247,0.25,0,0,1,2
0.414,0.25,0.25,0,0,1,2
0.414,0.253,0.25,0,0,1,2
0.414,0.256,0.25,0,0,1,2
0.414,0.259,0.25,0,0,1,2
0.417,0.1,0.25,0,0,1,2
0.417,0.103,0.25,0,0,1,2
0.417,0.106,0.25,0,0,1,2
0.417,0.109,0.25,0,0,1,2
0.417,0.112,0.25,0,0,1,2
0.417,0.115,0.25,0,0,1,2
0.417,0.118,0.25,0,0,1,2
0.417,0.121,0.25,0,0,1,2
0.417,0.124,0.25,0,0,1,2
0.417,0.127,0.25,0,0,1,2
0.417,0.13,0.25,0,0,1,2
0.417,0.133,0.25,0,0,1,2
0.417,0.136,0.25,0,0,1,2
0.417,0.139,0.25,0,0,1,2
0.417,0.142,0.25,0,0,1,2
0.417,0.145,0.25,0,0,1,2
0.417,0.148,0.25,0,0,1,2
0.417,0.151,0.25,0,0,1,2
0.417,0.154,0.25,0,0,1,2
0.417,0.157,0.25,0,0,1,2
0.417,0.16,0.25,0,0,1,2
0.417,0.163,0.25,0,0,1,2
0.417,0.166,0.25,0,0,1,2
0.417,0.169,0.25,0,0,1,2
0.417,0.172,0.25,0,0,1,2
0.417,0.175,0.25,0,0,1,2
0.417,0.178,0.25,0,0,1,2
0.417,0.181,0.25,0,0,1,2
0.417,0.184,0.25,0,0,1,2
0.417,0.187,0.25,0,0,1,2
0.417,0.19,0.25,0,0,1,2
0.417,0.193,0.25,0,0,1,2
0.417,0.196,0.25,0,0,1,2
0.417,0.199,0.25,0,0,1,2
0.417,0.202,0.25,0,0,1,2
0.417,0.205,0.25,0,0,1,2
0.417,0.208,0.25,0,0,1,2
0.417,0.211,0.25,0,0,1,2
0.417,0.214,0.25,0,0,1,2
0.417,0.217,0.25,0,0,1,2
0.417,0.22,0.25,0,0,1,2
0.417,0.223,0.25,0,0,1,2
0.417,0.226,0.25,0,0,1,2
0.417,0.229,0.25,0,0,1,2
0.417,0.232,0.25,0,0,1,2
0.417,0.235,0.25,0,0,1,2
0.417,0.238,0.25,0,0,1,2
0.417,0.241,0.25,0,0,1,2
0.417,0.244,0.25,0,0,1,2
0.417,0.247,0.25,0,0,1,2
0.417,0.25,0.25,0,0,1,2
0.417,0.253,0.25,0,0,1,2
0.417,0.256,0.25,0,0,1,2
0.417,0.259,0.25,0,0,1,2
0.42,0.1,0.25,0,0,1,2
0.42,0.103,0.25,0,0,1,2
0.42,0.106,0.25,0,0,1,2
0.42,0.109,0.25,0,0,1,2
0.42,0.112,0.25,0,0,1,2
0.42,0.115,0.25,0,0,1,2
0.42,0.118,0.25,0,0,1,2
0.42,0.121,0.25,0,0,1,2
0.42,0.124,0.25,0,0,1,2
0.42,0.127,0.25,0,0,1,2
0.42,0.13,0.25,0,0,1,2
0.42,0.133,0.25,0,0,1,2
0.42,0.136,0.25,0,0,1,2
0.42,0.139,0.25,0,0,1,2
0.42,0.142,0.25,0,0,1,2
0.42,0.145,0.25,0,0,1,2
0.42,0.148,0.25,0,0,1,2
0.42,0.151,0.25,0,0,1,2
0.42,0.154,0.25,0,0,1,2
0.42,0.157,0.25,0,0,1,2
0.42,0.16,0.25,0,0,1,2
0.42,0.163,0.25,0,0,1,2
0.42,0.166,0.25,0,0,1,2
0.42,0.169,0.25,0,0,1,2
0.42,0.172,0.25,0,0,1,2
0.42,0.175,0.25,0,0,1,2
0.42,0.178,0.25,0,0,1,2
0.42,0.181,0.25,0,0,1,2
0.42,0.184,0.25,0,0,1,2
0.42,0.187,0.25,0,0,1,2
0.42,0.19,0.25,0,0,1,2
0.42,0.193,0.25,0,0,1,2
0.42,0.196,0.25,0,0,1,2
0.42,0.199,0.25,0,0,1,2
0.42,0.202,0.25,0,0,1,2
0.42,0.205,0.25,0,0,1,2
0.42,0.208,0.25,0,0,1,2
0.42,0.211,0.25,0,0,1,2
0.42,0.214,0.25,0,0,1,2
0.42,0.217,0.25,0,0,1,2
0.42,0.22,0.25,0,0,1,2
0.42,0.223,0.25,0,0,1,2
0.42,0.226,0.25,0,0,1,2
0.42,0.229,0.25,0,0,1,2
0.42,0.232,0.25,0,0,1,2
0.42,0.235,0.25,0,0,1,2
0.42,0.238,0.25,0,0,1,2
0.42,0.241,0.25,0,0,1,2
0.42,0.244,0.25,0,0,1,2
0.42,0.247,0.25,0,0,1,2
0.42,0.25,0.25,0,0,1,2
0.42,0.253,0.25,0,0,1,2
0.42,0.256,0.25,0,0,1,2
0.42,0.259,0.25,0,0,1,2
0.423,0.1,0.25,0,0,1,2
0.423,0.103,0.25,0,0,1,2
0.423,0.106,0.25,0,0,1,2
0.423,0.109,0.25,0,0,1,2
0.423,0.112,0.25,0,0,1,2
0.423,0.115,0.25,0,0,1,2
0.423,0.118,0.25,0,0,1,2
0.423,0.121,0.25,0,0,1,2
0.423,0.124,0.25,0,0,1,2
0.423,0.127,0.25,0,0,1,2
0.423,0.13,0.25,0,0,1,2
0.423,0.133,0.25,0,0,1,2
0.423,0.136,0.25,0,0,1,2
0.423,0.139,0.25,0,0,1,2
0.423,0.142,0.25,0,0,1,2
0.423,0.145,0.25,0,0,1,2
0.423,0.148,0.25,0,0,1,2
0.423,0.151,0.25,0,0,1,2
0.423,0.154,0.25,0,0,1,2
0.423,0.157,0.25,0,0,1,2
0.423,0.16,0.25,0,0,1,2
0.423,0.163,0.25,0,0,1,2
0.423,0.166,0.25,0,0,1,2
0.423,0.169,0.25,0,0,1,2
0.423,0.172,0.25,0,0,1,2
0.423,0.175,0.25,0,0,1,2
0.423,0.178,0.25,0,0,1,2
0.423,0.181,0.25,0,0,1,2
0.423,0.184,0.25,0,0,1,2
0.423,0.187,0.25,0,0,1,2
0.423,0.19,0.25,0,0,1,2
0.423,0.193,0.25,0,0,1,2
0.423,0.196,0.25,0,0,1,2
0.423,0.199,0.25,0,0,1,2
0.423,0.202,0.25,0,0,1,2
0.423,0.205,0.25,0,0,1,2
0.423,0.208,0.25,0,0,1,2
0.423,0.211,0.25,0,0,1,2
0.423,0.214,0.25,0,0,1,2
0.423,0.217,0.25,0,0,1,2
0.423,0.22,0.25,0,0,1,2
0.423,0.223,0.25,0,0,1,2
0.423,0.226,0.25,0,0,1,2
0.423,0.229,0.25,0,0,1,2
0.423,0.232,0.25,0,0,1,2
0.423,0.235,0.25,0,0,1,2
0.423,0.238,0.25,0,0,1,2
0.423,0.241,0.25,0,0,1,2
0.423,0.244,0.25,0,0,1,2
0.423,0.247,0.25,0,0,1,2
0.423,0.25,0.25,0,0,1,2
0.423,0.253,0.25,0,0,1,2
0.423,0.256,0.25,0,0,1,2
0.423,0.259,0.25,0,0,1,2
0.426,0.1,0.25,0,0,1,2
0.426,0.103,0.25,0,0,1,2
0.426,0.106,0.25,0,0,1,2
0.426,0.109,0.25,0,0,1,2
0.426,0.112,0.25,0,0,1,2
0.426,0.115,0.25,0,0,1,2
0.426,0.118,0.25,0,0,1,2
0.426,0.121,0.25,0,0,1,2
0.426,0.124,0.25,0,0,1,2
0.426,0.127,0.25,0,0,1,2
0.426,0.13,0.25,0,0,1,2
0.426,0.133,0.25,0,0,1,2
0.426,0.136,0.25,0,0,1,2
0.426,0.139,0.25,0,0,1,2
0.426,0.142,0.25,0,0,1,2
0.426,0.145,0.25,0,0,1,2
0.426,0.148,0.25,0,0,1,2
0.426,0.151,0.25,0,0,1,2
0.426,0.154,0.25,0,0,1,2
0.426,0.157,0.25,0,0,1,2
0.426,0.16,0.25,0,0,1,2
0.426,0.163,0.25,0,0,1,2
0.426,0.166,0.25,0,0,1,2
0.426,0.169,0.25,0,0,1,2
0.426,0.172,0.25,0,0,1,2
0.426,0.175,0.25,0,0,1,2
0.426,0.178,0.25,0,0,1,2
0.426,0.181,0.25,0,0,1,2
0.426,0.184,0.25,0,0,1,2
0.426,0.187,0.25,0,0,1,2
0.426,0.19,0.25,0,0,1,2
0.426,0.193,0.25,0,0,1,2
0.426,0.196,0.25,0,0,1,2
0.426,0.199,0.25,0,0,1,2
0.426,0.202,0.25,0,0,1,2
0.426,0.205,0.25,0,0,1,2
0.426,0.208,0.25,0,0,1,2
0.426,0.211,0.25,0,0,1,2
0.426,0.214,0.25,0,0,1,2
0.426,0.217,0.25,0,0,1,2
0.426,0.22,0.25,0,0,1,2
0.426,0.223,0.25,0,0,1,2
0.426,0.226,0.25,0,0,1,2
0.426,0.229,0.25,0,0,1,2
0.426,0.232,0.25,0,0,1,2
0.426,0.235,0.25,0,0,1,2
0.426,0.238,0.25,0,0,1,2
0.426,0.241,0.25,0,0,1,2
0.426,0.244,0.25,0,0,1,2
0.426,0.247,0.25,0,0,1,2
0.426,0.25,0.25,0,0,1,2
0.426,0.253,0.25,0,0,1,2
0.426,0.256,0.25,0,0,1,2
0.426,0.259,0.25,0,0,1,2
0.429,0.1,0.25,0,0,1,2
0.429,0.103,0.25,0,0,1,2
0.429,0.106,0.25,0,0,1,2
0.429,0.109,0.25,0,0,1,2
0.429,0.112,0.25,0,0,1,2
0.429,0.115,0.25,0,0,1,2
0.429,0.118,0.25,0,0,1,2
0.429,0.121,0.25,0,0,1,2
0.429,0.124,0.25,0,0,1,2
0.429,0.127,0.25,0,0,1,2
0.429,0.13,0.25,0,0,1,2
0.429,0.133,0.25,0,0,1,2
0.429,0.136,0.25,0,0,1,2
0.429,0.139,0.25,0,0,1,2
0.429,0.142,0.25,0,0,1,2
0.429,0.145,0.25,0,0,1,2
0.429,0.148,0.25,0,0,1,2
0.429,0.151,0.25,0,0,1,2
0.429,0.154,0.25,0,0,1,2
0.429,0.157,0.25,0,0,1,2
0.429,0.16,0.25,0,0,1,2
0.429,0.163,0.25,0,0,1,2
0.429,0.166,0.25,0,0,1,2
0.429,0.169,0.25,0,0,1,2
0.429,0.172,0.25,0,0,1,2
0.429,0.175,0.25,0,0,1,2
0.429,0.178,0.25,0,0,1,2
0.429,0.181,0.25,0,0,1,2
0.429,0.184,0.25,0,0,1,2
0.429,0.187,0.25,0,0,1,2
0.429,0.19,0.25,0,0,1,2
0.429,0.193,0.25,0,0,1,2
0.429,0.196,0.25,0,0,1,2
0.429,0.199,0.25,0,0,1,2
0.429,0.202,0.25,0,0,1,2
0.429,0.205,0.25,0,0,1,2
0.429,0.208,0.25,0,0,1,2
0.429,0.211,0.25,0,0,1,2
0.429,0.214,0.25,0,0,1,2
0.429,0.217,0.25,0,0,1,2
0.429,0.22,0.25,0,0,1,2
0.429,0.223,0.25,0,0,1,2
0.429,0.226,0.25,0,0,1,2
0.429,0.229,0.25,0,0,1,2
0.429,0.232,0.25,0,0,1,2
0.429,0.235,0.25,0,0,1,2
0.429,0.238,0.25,0,0,1,2
0.429,0.241,0.25,0,0,1,2
0.429,0.244,0.25,0,0,1,2
0.429,0.247,0.25,0,0,1,2
0.429,0.25,0.25,0,0,1,2
0.429,0.253,0.25,0,0,1,2
0.429,0.256,0.25,0,0,1,2
0.429,0.259,0.25,0,0,1,2
0.432,0.1,0.25,0,0,1,2
0.432,0.103,0.25,0,0,1,2
0.432,0.106,0.25,0,0,1,2
0.432,0.109,0.25,0,0,1,2
0.432,0.112,0.25,0,0,1,2
0.432,0.115,0.25,0,0,1,2
0.432,0.118,0.25,0,0,1,2
0.432,0.121,0.25,0,0,1,2
0.432,0.124,0.25,0,0,1,2
0.432,0.127,0.25,0,0,1,2
0.432,0.13,0.25,0,0,1,2
0.432,0.133,0.25,0,0,1,2
0.432,0.136,0.25,0,0,1,2
0.432,0.139,0.25,0,0,1,2
0.432,0.142,0.25,0,0,1,2
0.432,0.145,0.25,0,0,1,2
0.432,0.148,0.25,0,0,1,2
0.432,0.151,0.25,0,0,1,2
0.432,0.154,0.25,0,0,1,2
0.432,0.157,0.25,0,0,1,2
0.432,0.16,0.25,0,0,1,2
0.432,0.163,0.25,0,0,1,2
0.432,0.166,0.25,0,0,1,2
0.432,0.169,0.25,0,0,1,2
0.432,0.172,0.25,0,0,1,2
0.432,0.175,0.25,0,0,1,2
0.432,0.178,0.25,0,0,1,2
0.432,0.181,0.25,0,0,1,2
0.432,0.184,0.25,0,0,1,2
0.432,0.187,0.25,0,0,1,2
0.432,0.19,0.25,0,0,1,2
0.432,0.193,0.25,0,0,1,2
0.432,0.196,0.25,0,0,1,2
0.432,0.199,0.25,0,0,1,2
0.432,0.202,0.25,0,0,1,2
0.432,0.205,0.25,0,0,1,2
0.432,0.208,0.25,0,0,1,2
0.432,0.211,0.25,0,0,1,2
0.432,0.214,0.25,0,0,1,2
0.432,0.217,0.25,0,0,1,2
0.432,0.22,0.25,0,0,1,2
0.432,0.223,0.25,0,0,1,2
0.432,0.226,0.25,0,0,1,2
0.432,0.229,0.25,0,0,1,2
0.432,0.232,0.25,0,0,1,2
0.432,0.235,0.25,0,0,1,2
0.432,0.238,0.25,0,0,1,2
0.432,0.241,0.25,0,0,1,2
0.432,0.244,0.25,0,0,1,2
0.432,0.247,0.25,0,0,1,2
0.432,0.25,0.25,0,0,1,2
0.432,0.253,0.25,0,0,1,2
0.432,0.256,0.25,0,0,1,2
0.432,0.259,0.25,0,0,1,2
0.435,0.1,0.25,0,0,1,2
0.435,0.103,0.25,0,0,1,2
0.435,0.106,0.25,0,0,1,2
0.435,0.109,0.25,0,0,1,2
0.435,0.112,0.25,0,0,1,2
0.435,0.115,0.25,0,0,1,2
0.435,0.118,0.25,0,0,1,2
0.435,0.121,0.25,0,0,1,2
0.435,0.124,0.25,0,0,1,2
0.435,0.127,0.25,0,0,1,2
0.435,0.13,0.25,0,0,1,2
0.435,0.133,0.25,0,0,1,2
0.435,0.136,0.25,0,0,1,2
0.435,0.139,0.25,0,0,1,2
0.435,0.142,0.25,0,0,1,2
0.435,0.145,0.25,0,0,1,2
0.435,0.148,0.25,0,0,1,2
0.435,0.151,0.25,0,0,1,2
0.435,0.154,0.25,0,0,1,2
0.435,0.157,0.25,0,0,1,2
0.435,0.16,0.25,0,0,1,2
0.435,0.163,0.25,0,0,1,2
0.435,0.166,0.25,0,0,1,2
0.435,0.169,0.25,0,0,1,2
0.435,0.172,0.25,0,0,1,2
0.435,0.175,0.25,0,0,1,2
0.435,0.178,0.25,0,0,1,2
0.435,0.181,0.25,0,0,1,2
0.435,0.184,0.25,0,0,1,2
0.435,0.187,0.25,0,0,1,2
0.435,0.19,0.25,0,0,1,2
0.435,0.193,0.25,0,0,1,2
0.435,0.196,0.25,0,0,1,2
0.435,0.199,0.25,0,0,1,2
0.435,0.202,0.25,0,0,1,2
0.435,0.205,0.25,0,0,1,2
0.435,0.208,0.25,0,0,1,2
0.435,0.211,0.25,0,0,1,2
0.435,0.214,0.25,0,0,1,2
0.435,0.217,0.25,0,0,1,2
0.435,0.22,0.25,0,0,1,2
0.435,0.223,0.25,0,0,1,2
0.435,0.226,0.25,0,0,1,2
0.435,0.229,0.25,0,0,1,2
0.435,0.232,0.25,0,0,1,2
0.435,0.235,0.25,0,0,1,2
0.435,0.238,0.25,0,0,1,2
0.435,0.241,0.25,0,0,1,2
0.435,0.244,0.25,0,0,1,2
0.435,0.247,0.25,0,0,1,2
0.435,0.25,0.25,0,0,1,2
0.435,0.253,0.25,0,0,1,2
0.435,0.256,0.25,0,0,1,2
0.435,0.259,0.25,0,0,1,2
0.438,0.1,0.25,0,0,1,2
0.438,0.103,0.25,0,0,1,2
0.438,0.106,0.25,0,0,1,2
0.438,0.109,0.25,0,0,1,2
0.438,0.112,0.25,0,0,1,2
0.438,0.115,0.25,0,0,1,2
0.438,0.118,0.25,0,0,1,2
0.438,0.121,0.25,0,0,1,2
0.438,0.124,0.25,0,0,1,2
0.438,0.127,0.25,0,0,1,2
0.438,0.13,0.25,0,0,1,2
0.438,0.133,0.25,0,0,1,2
0.438,0.136,0.25,0,0,1,2
0.438,0.139,0.25,0,0,1,2
0.438,0.142,0.25,0,0,1,2
0.438,0.145,0.25,0,0,1,2
0.438,0.148,0.25,0,0,1,2
0.438,0.151,0.25,0,0,1,2
0.438,0.154,0.25,0,0,1,2
0.438,0.157,0.25,0,0,1,2
0.438,0.16,0.25,0,0,1,2
0.438,0.163,0.25,0,0,1,2
0.438,0.166,0.25,0,0,1,2
0.438,0.169,0.25,0,0,1,2
0.438,0.172,0.25,0,0,1,2
0.438,0.175,0.25,0,0,1,2
0.438,0.178,0.25,0,0,1,2
0.438,0.181,0.25,0,0,1,2
0.438,0.184,0.25,0,0,1,2
0.438,0.187,0.25,0,0,1,2
0.438,0.19,0.25,0,0,1,2
0.438,0.193,0.25,0,0,1,2
0.438,0.196,0.25,0,0,1,2
0.438,0.199,0.25,0,0,1,2
0.438,0.202,0.25,0,0,1,2
0.438,0.205,0.25,0,0,1,2
0.438,0.208,0.25,0,0,1,2
0.438,0.211,0.25,0,0,1,2
0.438,0.214,0.25,0,0,1,2
0.438,0.217,0.25,0,0,1,2
0.438,0.22,0.25,0,0,1,2
0.438,0.223,0.25,0,0,1,2
0.438,0.226,0.25,0,0,1,2
0.438,0.229,0.25,0,0,1,2
0.438,0.232,0.25,0,0,1,2
0.438,0.235,0.25,0,0,1,2
0.438,0.238,0.25,0,0,1,2
0.438,0.241,0.25,0,0,1,2
0.438,0.244,0.25,0,0,1,2
0.438,0.247,0.25,0,0,1,2
0.438,0.25,0.25,0,0,1,2
0.438,0.253,0.25,0,0,1,2
0.438,0.256,0.25,0,0,1,2
0.438,0.259,0.25,0,0,1,2
0.441,0.1,0.25,0,0,1,2
0.441,0.103,0.25,0,0,1,2
0.441,0.106,0.25,0,0,1,2
0.441,0.109,0.25,0,0,1,2
0.441,0.112,0.25,0,0,1,2
0.441,0.115,0.25,0,0,1,2
0.441,0.118,0.25,0,0,1,2
0.441,0.121,0.25,0,0,1,2
0.441,0.124,0.25,0,0,1,2
0.441,0.127,0.25,0,0,1,2
0.441,0.13,0.25,0,0,1,2
0.441,0.133,0.25,0,0,1,2
0.441,0.136,0.25,0,0,1,2
0.441,0.139,0.25,0,0,1,2
0.441,0.142,0.25,0,0,1,2
0.441,0.145,0.25,0,0,1,2
0.441,0.148,0.25,0,0,1,2
0.441,0.151,0.25,0,0,1,2
0.441,0.154,0.25,0,0,1,2
0.441,0.157,0.25,0,0,1,2
0.441,0.16,0.25,0,0,1,2
0.441,0.163,0.25,0,0,1,2
0.441,0.166,0.25,0,0,1,2
0.441,0.169,0.25,0,0,1,2
0.441,0.172,0.25,0,0,1,2
0.441,0.175,0.25,0,0,1,2
0.441,0.178,0.25,0,0,1,2
0.441,0.181,0.25,0,0,1,2
0.441,0.184,0.25,0,0,1,2
0.441,0.187,0.25,0,0,1,2
0.441,0.19,0.25,0,0,1,2
0.441,0.193,0.25,0,0,1,2
0.441,0.196,0.25,0,0,1,2
0.441,0.199,0.25,0,0,1,2
0.441,0.202,0.25,0,0,1,2
0.441,0.205,0.25,0,0,1,2
0.441,0.208,0.25,0,0,1,2
0.441,0.211,0.25,0,0,1,2
0.441,0.214,0.25,0,0,1,2
0.441,0.217,0.25,0,0,1,2
0.441,0.22,0.25,0,0,1,2
0.441,0.223,0.25,0,0,1,2
0.441,0.226,0.25,0,0,1,2
0.441,0.229,0.25,0,0,1,2
0.441,0.232,0.25,0,0,1,2
0.441,0.235,0.25,0,0,1,2
0.441,0.238,0.25,0,0,1,2
0.441,0.241,0.25,0,0,1,2
0.441,0.244,0.25,0,0,1,2
0.441,0.247,0.25,0,0,1,2
0.441,0.25,0.25,0,0,1,2
0.441,0.253,0.25,0,0,1,2
0.441,0.256,0.25,0,0,1,2
0.441,0.259,0.25,0,0,1,2
0.444,0.1,0.25,0,0,1,2
0.444,0.103,0.25,0,0,1,2
0.444,0.106,0.25,0,0,1,2
0.444,0.109,0.25,0,0,1,2
0.444,0.112,0.25,0,0,1,2
0.444,0.115,0.25,0,0,1,2
0.444,0.118,0.25,0,0,1,2
0.444,0.121,0.25,0,0,1,2
0.444,0.124,0.25,0,0,1,2
0.444,0.127,0.25,0,0,1,2
0.444,0.13,0.25,0,0,1,2
0.444,0.133,0.25,0,0,1,2
0.444,0.136,0.25,0,0,1,2
0.444,0.139,0.25,0,0,1,2
0.444,0.142,0.25,0,0,1,2
0.444,0.145,0.25,0,0,1,2
0.444,0.148,0.25,0,0,1,2
0.444,0.151,0.25,0,0,1,2
0.444,0.154,0.25,0,0,1,2
0.444,0.157,0.25,0,0,1,2
0.444,0.16,0.25,0,0,1,2
0.444,0.163,0.25,0,0,1,2
0.444,0.166,0.25,0,0,1,2
0.444,0.169,0.25,0,0,1,2
0.444,0.172,0.25,0,0,1,2
0.444,0.175,0.25,0,0,1,2
0.444,0.178,0.25,0,0,1,2
0.444,0.181,0.25,0,0,1,2
0.444,0.184,0.25,0,0,1,2
0.444,0.187,0.25,0,0,1,2
0.444,0.19,0.25,0,0,1,2
0.444,0.193,0.25,0,0,1,2
0.444,0.196,0.25,0,0,1,2
0.444,0.199,0.25,0,0,1,2
0.444,0.202,0.25,0,0,1,2
0.444,0.205,0.25,0,0,1,2
0.444,0.208,0.25,0,0,1,2
0.444,0.211,0.25,0,0,1,2
0.444,0.214,0.25,0,0,1,2
0.444,0.217,0.25,0,0,1,2
0.444,0.22,0.25,0,0,1,2
0.444,0.223,0.25,0,0,1,2
0.444,0.226,0.25,0,0,1,2
0.444,0.229,0.25,0,0,1,2
0.444,0.232,0.25,0,0,1,2
0.444,0.235,0.25,0,0,1,2
0.444,0.238,0.25,0,0,1,2
0.444,0.241,0.25,0,0,1,2
0.444,0.244,0.25,0,0,1,2
0.444,0.247,0.25,0,0,1,2
0.444,0.25,0.25,0,0,1,2
0.444,0.253,0.25,0,0,1,2
0.444,0.256,0.25,0,0,1,2
0.444,0.259,0.25,0,0,1,2
0.447,0.1,0.25,0,0,1,2
0.447,0.103,0.25,0,0,1,2
0.447,0.106,0.25,0,0,1,2
0.447,0.109,0.25,0,0,1,2
0.447,0.112,0.25,0,0,1,2
0.447,0.115,0.25,0,0,1,2
0.447,0.118,0.25,0,0,1,2
0.447,0.121,0.25,0,0,1,2
0.447,0.124,0.25,0,0,1,2
0.447,0.127,0.25,0,0,1,2
0.447,0.13,0.25,0,0,1,2
0.447,0.133,0.25,0,0,1,2
0.447,0.136,0.25,0,0,1,2
0.447,0.139,0.25,0,0,1,2
0.447,0.142,0.25,0,0,1,2
0.447,0.145,0.25,0,0,1,2
0.447,0.148,0.25,0,0,1,2
0.447,0.151,0.25,0,0,1,2
0.447,0.154,0.25,0,0,1,2
0.447,0.157,0.25,0,0,1,2
0.447,0.16,0.25,0,0,1,2
0.447,0.163,0.25,0,0,1,2
0.447,0.166,0.25,0,0,1,2
0.447,0.169,0.25,0,0,1,2
0.447,0.172,0.25,0,0,1,2
0.447,0.175,0.25,0,0,1,2
0.447,0.178,0.25,0,0,1,2
0.447,0.181,0.25,0,0,1,2
0.447,0.184,0.25,0,0,1,2
0.447,0.187,0.25,0,0,1,2
0.447,0.19,0.25,0,0,1,2
0.447,0.193,0.25,0,0,1,2
0.447,0.196,0.25,0,0,1,2
0.447,0.199,0.25,0,0,1,2
0.447,0.202,0.25,0,0,1,2
0.447,0.205,0.25,0,0,1,2
0.447,0.208,0.25,0,0,1,2
0.447,0.211,0.25,0,0,1,2
0.447,0.214,0.25,0,0,1,2
0.447,0.217,0.25,0,0,1,2
0.447,0.22,0.25,0,0,1,2
0.447,0.223,0.25,0,0,1,2
0.447,0.226,0.25,0,0,1,2
0.447,0.229,0.25,0,0,1,2
0.447,0.232,0.25,0,0,1,2
0.447,0.235,0.25,0,0,1,2
0.447,0.238,0.25,0,0,1,2
0.447,0.241,0.25,0,0,1,2
0.447,0.244,0.25,0,0,1,2
0.447,0.247,0.25,0,0,1,2
0.447,0.25,0.25,0,0,1,2
0.447,0.253,0.25,0,0,1,2
0.447,0.256,0.25,0,0,1,2
0.447,0.259,0.25,0,0,1,2
0.45,0.1,0.25,0,0,1,2
0.45,0.103,0.25,0,0,1,2
0.45,0.106,0.25,0,0,1,2
0.45,0.109,0.25,0,0,1,2
0.45,0.112,0.25,0,0,1,2
0.45,0.115,0.25,0,0,1,2
0.45,0.118,0.25,0,0,1,2
0.45,0.121,0.25,0,0,1,2
0.45,0.124,0.25,0,0,1,2
0.45,0.127,0.25,0,0,1,2
0.45,0.13,0.25,0,0,1,2
0.45,0.133,0.25,0,0,1,2
0.45,0.136,0.25,0,0,1,2
0.45,0.139,0.25,0,0,1,2
0.45,0.142,0.25,0,0,1,2
0.45,0.145,0.25,0,0,1,2
0.45,0.148,0.25,0,0,1,2
0.45,0.151,0.25,0,0,1,2
0.45,0.154,0.25,0,0,1,2
0.45,0.157,0.25,0,0,1,2
0.45,0.16,0.25,0,0,1,2
0.45,0.163,0.25,0,0,1,2
0.45,0.166,0.25,0,0,1,2
0.45,0.169,0.25,0,0,1,2
0.45,0.172,0.25,0,0,1,2
0.45,0.175,0.25,0,0,1,2
0.45,0.178,0.25,0,0,1,2
0.45,0.181,0.25,0,0,1,2
0.45,0.184,0.25,0,0,1,2
0.45,0.187,0.25,0,0,1,2
0.45,0.19,0.25,0,0,1,2
0.45,0.193,0.25,0,0,1,2
0.45,0.196,0.25,0,0,1,2
0.45,0.199,0.25,0,0,1,2
0.45,0.202,0.25,0,0,1,2
0.45,0.205,0.25,0,0,1,2
0.45,0.208,0.25,0,0,1,2
0.45,0.211,0.25,0,0,1,2
0.45,0.214,0.25,0,0,1,2
0.45,0.217,0.25,0,0,1,2
0.45,0.22,0.25,0,0,1,2
0.45,0.223,0.25,0,0,1,2
0.45,0.226,0.25,0,0,1,2
0.45,0.229,0.25,0,0,1,2
0.45,0.232,0.25,0,0,1,2
0.45,0.235,0.25,0,0,1,2
0.45,0.238,0.25,0,0,1,2
0.45,0.241,0.25,0,0,1,2
0.45,0.244,0.25,0,0,1,2
0.45,0.247,0.25,0,0,1,2
0.45,0.25,0.25,0,0,1,2
0.45,0.253,0.25,0,0,1,2
0.45,0.256,0.25,0,0,1,2
0.45,0.259,0.25,0,0,1,2
0.453,0.1,0.25,0,0,1,2
0.453,0.103,0.25,0,0,1,2
0.453,0.106,0.25,0,0,1,2
0.453,0.109,0.25,0,0,1,2
0.453,0.112,0.25,0,0,1,2
0.453,0.115,0.25,0,0,1,2
0.453,0.118,0.25,0,0,1,2
0.453,0.121,0.25,0,0,1,2
0.453,0.124,0.25,0,0,1,2
0.453,0.127,0.25,0,0,1,2
0.453,0.13,0.25,0,0,1,2
0.453,0.133,0.25,0,0,1,2
0.453,0.136,0.25,0,0,1,2
0.453,0.139,0.25,0,0,1,2
0.453,0.142,0.25,0,0,1,2
0.453,0.145,0.25,0,0,1,2
0.453,0.148,0.25,0,0,1,2
0.453,0.151,0.25,0,0,1,2
0.453,0.154,0.25,0,0,1,2
0.453,0.157,0.25,0,0,1,2
0.453,0.16,0.25,0,0,1,2
0.453,0.163,0.25,0,0,1,2
0.453,0.166,0.25,0,0,1,2
0.453,0.169,0.25,0,0,1,2
0.453,0.172,0.25,0,0,1,2
0.453,0.175,0.25,0,0,1,2
0.453,0.178,0.25,0,0,1,2
0.453,0.181,0.25,0,0,1,2
0.453,0.184,0.25,0,0,1,2
0.453,0.187,0.25,0,0,1,2
0.453,0.19,0.25,0,0,1,2
0.453,0.193,0.25,0,0,1,2
0.453,0.196,0.25,0,0,1,2
0.453,0.199,0.25,0,0,1,2
0.453,0.202,0.25,0,0,1,2
0.453,0.205,0.25,0,0,1,2
0.453,0.208,0.25,0,0,1,2
0.453,0.211,0.25,0,0,1,2
0.453,0.214,0.25,0,0,1,2
0.453,0.217,0.25,0,0,1,2
0.453,0.22,0.25,0,0,1,2
0.453,0.223,0.25,0,0,1,2
0.453,0.226,0.25,0,0,1,2
0.453,0.229,0.25,0,0,1,2
0.453,0.232,0.25,0,0,1,2
0.453,0.235,0.25,0,0,1,2
0.453,0.238,0.25,0,0,1,2
0.453,0.241,0.25,0,0,1,2
0.453,0.244,0.25,0,0,1,2
0.453,0.247,0.25,0,0,1,2
0.453,0.25,0.25,0,0,1,2
0.453,0.253,0.25,0,0,1,2
0.453,0.256,0.25,0,0,1,2
0.453,0.259,0.25,0,0,1,2
0.456,0.1,0.25,0,0,1,2
0.456,0.103,0.25,0,0,1,2
0.456,0.106,0.25,0,0,1,2
0.456,0.109,0.25,0,0,1,2
0.456,0.112,0.25,0,0,1,2
0.456,0.115,0.25,0,0,1,2
0.456,0.118,0.25,0,0,1,2
0.456,0.121,0.25,0,0,1,2
0.456,0.124,0.25,0,0,1,2
0.456,0.127,0.25,0,0,1,2
0.456,0.13,0.25,0,0,1,2
0.456,0.133,0.25,0,0,1,2
0.456,0.136,0.25,0,0,1,2
0.456,0.139,0.25,0,0,1,2
0.456,0.142,0.25,0,0,1,2
0.456,0.145,0.25,0,0,1,2
0.456,0.148,0.25,0,0,1,2
0.456,0.151,0.25,0,0,1,2
0.456,0.154,0.25,0,0,1,2
0.456,0.157,0.25,0,0,1,2
0.456,0.16,0.25,0,0,1,2
0.456,0.163,0.25,0,0,1,2
0.456,0.166,0.25,0,0,1,2
0.456,0.169,0.25,0,0,1,2
0.456,0.172,0.25,0,0,1,2
0.456,0.175,0.25,0,0,1,2
0.456,0.178,0.25,0,0,1,2
0.456,0.181,0.25,0,0,1,2
0.456,0.184,0.25,0,0,1,2
0.456,0.187,0.25,0,0,1,2
0.456,0.19,0.25,0,0,1,2
0.456,0.193,0.25,0,0,1,2
0.456,0.196,0.25,0,0,1,2
0.456,0.199,0.25,0,0,1,2
0.456,0.202,0.25,0,0,1,2
0.456,0.205,0.25,0,0,1,2
0.456,0.208,0.25,0,0,1,2
0.456,0.211,0.25,0,0,1,2
0.456,0.214,0.25,0,0,1,2
0.456,0.217,0.25,0,0,1,2
0.456,0.22,0.25,0,0,1,2
0.456,0.223,0.25,0,0,1,2
0.456,0.226,0.25,0,0,1,2
0.456,0.229,0.25,0,0,1,2
0.456,0.232,0.25,0,0,1,2
0.456,0.235,0.25,0,0,1,2
0.456,0.238,0.25,0,0,1,2
0.456,0.241,0.25,0,0,1,2
0.456,0.244,0.25,0,0,1,2
0.456,0.247,0.25,0,0,1,2
0.456,0.25,0.25,0,0,1,2
0.456,0.253,0.25,0,0,1,2
0.456,0.256,0.25,0,0,1,2
0.456,0.259,0.25,0,0,1,2
0.459,0.1,0.25,0,0,1,2
0.459,0.103,0.25,0,0,1,2
0.459,0.106,0.25,0,0,1,2
0.459,0.109,0.25,0,0,1,2
0.459,0.112,0.25,0,0,1,2
0.459,0.115,0.25,0,0,1,2
0.459,0.118,0.25,0,0,1,2
0.459,0.121,0.25,0,0,1,2
0.459,0.124,0.25,0,0,1,2
0.459,0.127,0.25,0,0,1,2
0.459,0.13,0.25,0,0,1,2
0.459,0.133,0.25,0,0,1,2
0.459,0.136,0.25,0,0,1,2
0.459,0.139,0.25,0,0,1,2
0.459,0.142,0.25,0,0,1,2
0.459,0.145,0.25,0,0,1,2
0.459,0.148,0.25,0,0,1,2
0.459,0.151,0.25,0,0,1,2
0.459,0.154,0.25,0,0,1,2
0.459,0.157,0.25,0,0,1,2
0.459,0.16,0.25,0,0,1,2
0.459,0.163,0.25,0,0,1,2
0.459,0.166,0.25,0,0,1,2
0.459,0.169,0.25,0,0,1,2
0.459,0.172,0.25,0,0,1,2
0.459,0.175,0.25,0,0,1,2
0.459,0.178,0.25,0,0,1,2
0.459,0.181,0.25,0,0,1,2
0.459,0.184,0.25,0,0,1,2
0.459,0.187,0.25,0,0,1,2
0.459,0.19,0.25,0,0,1,2
0.459,0.193,0.25,0,0,1,2
0.459,0.196,0.25,0,0,1,2
0.459,0.199,0.25,0,0,1,2
0.459,0.202,0.25,0,0,1,2
0.459,0.205,0.25,0,0,1,2
0.459,0.208,0.25,0,0,1,2
0.459,0.211,0.25,0,0,1,2
0.459,0.214,0.25,0,0,1,2
0.459,0.217,0.25,0,0,1,2
0.459,0.22,0.25,0,0,1,2
0.459,0.223,0.25,0,0,1,2
0.459,0.226,0.25,0,0,1,2
0.459,0.229,0.25,0,0,1,2
0.459,0.232,0.25,0,0,1,2
0.459,0.235,0.25,0,0,1,2
0.459,0.238,0.25,0,0,1,2
0.459,0.241,0.25,0,0,1,2
0.459,0.244,0.25,0,0,1,2
0.459,0.247,0.25,0,0,1,2
0.459,0.25,0.25,0,0,1,2
0.459,0.253,0.25,0,0,1,2
0.459,0.256,0.25,0,0,1,2
0.459,0.259,0.25,0,0,1,2
0.462,0.1,0.25,0,0,1,2
0.462,0.103,0.25,0,0,1,2
0.462,0.106,0.25,0,0,1,2
0.462,0.109,0.25,0,0,1,2
0.462,0.112,0.25,0,0,1,2
0.462,0.115,0.25,0,0,1,2
0.462,0.118,0.25,0,0,1,2
0.462,0.121,0.25,0,0,1,2
0.462,0.124,0.25,0,0,1,2
0.462,0.127,0.25,0,0,1,2
0.462,0.13,0.25,0,0,1,2
0.462,0.133,0.25,0,0,1,2
0.462,0.136,0.25,0,0,1,2
0.462,0.139,0.25,0,0,1,2
0.462,0.142,0.25,0,0,1,2
0.462,0.145,0.25,0,0,1,2
0.462,0.148,0.25,0,0,1,2
0.462,0.151,0.25,0,0,1,2
0.462,0.154,0.25,0,0,1,2
0.462,0.157,0.25,0,0,1,2
0.462,0.16,0.25,0,0,1,2
0.462,0.163,0.25,0,0,1,2
0.462,0.166,0.25,0,0,1,2
0.462,0.169,0.25,0,0,1,2
0.462,0.172,0.25,0,0,1,2
0.462,0.175,0.25,0,0,1,2
0.462,0.178,0.25,0,0,1,2
0.462,0.181,0.25,0,0,1,2
0.462,0.184,0.25,0,0,1,2
0.462,0.187,0.25,0,0,1,2
0.462,0.19,0.25,0,0,1,2
0.462,0.193,0.25,0,0,1,2
0.462,0.196,0.25,0,0,1,2
0.462,0.199,0.25,0,0,1,2
0.462,0.202,0.25,0,0,1,2
0.462,0.205,0.25,0,0,1,2
0.462,0.208,0.25,0,0,1,2
0.462,0.211,0.25,0,0,1,2
0.462,0.214,0.25,0,0,1,2
0.462,0.217,0.25,0,0,1,2
0.462,0.22,0.25,0,0,1,2
0.462,0.223,0.25,0,0,1,2
0.462,0.226,0.25,0,0,1,2
0.462,0.229,0.25,0,0,1,2
0.462,0.232,0.25,0,0,1,2
0.462,0.235,0.25,0,0,1,2
0.462,0.238,0.25,0,0,1,2
0.462,0.241,0.25,0,0,1,2
0.462,0.244,0.25,0,0,1,2
0.462,0.247,0.25,0,0,1,2
0.462,0.25,0.25,0,0,1,2
0.462,0.253,0.25,0,0,1,2
0.462,0.256,0.25,0,0,1,2
0.462,0.259,0.25,0,0,1,2
0.465,0.1,0.25,0,0,1,2
0.465,0.103,0.25,0,0,1,2
0.465,0.106,0.25,0,0,1,2
0.465,0.109,0.25,0,0,1,2
0.465,0.112,0.25,0,0,1,2
0.465,0.115,0.25,0,0,1,2
0.465,0.118,0.25,0,0,1,2
0.465,0.121,0.25,0,0,1,2
0.465,0.124,0.25,0,0,1,2
0.465,0.127,0.25,0,0,1,2
0.465,0.13,0.25,0,0,1,2
0.465,0.133,0.25,0,0,1,2
0.465,0.136,0.25,0,0,1,2
0.465,0.139,0.25,0,0,1,2
0.465,0.142,0.25,0,0,1,2
0.465,0.145,0.25,0,0,1,2
0.465,0.148,0.25,0,0,1,2
0.465,0.151,0.25,0,0,1,2
0.465,0.154,0.25,0,0,1,2
0.465,0.157,0.25,0,0,1,2
0.465,0.16,0.25,0,0,1,2
0.465,0.163,0.25,0,0,1,2
0.465,0.166,0.25,0,0,1,2
0.465,0.169,0.25,0,0,1,2
0.465,0.172,0.25,0,0,1,2
0.465,0.175,0.25,0,0,1,2
0.465,0.178,0.25,0,0,1,2
0.465,0.181,0.25,0,0,1,2
0.465,0.184,0.25,0,0,1,2
0.465,0.187,0.25,0,0,1,2
0.465,0.19,0.25,0,0,1,2
0.465,0.193,0.25,0,0,1,2
0.465,0.196,0.25,0,0,1,2
0.465,0.199,0.25,0,0,1,2
0.465,0.202,0.25,0,0,1,2
0.465,0.205,0.25,0,0,1,2
0.465,0.208,0.25,0,0,1,2
0.465,0.211,0.25,0,0,1,2
0.465,0.214,0.25,0,0,1,2
0.465,0.217,0.25,0,0,1,2
0.465,0.22,0.25,0,0,1,2
0.465,0.223,0.25,0,0,1,2
0.465,0.226,0.25,0,0,1,2
0.465,0.229,0.25,0,0,1,2
0.465,0.232,0.25,0,0,1,2
0.465,0.235,0.25,0,0,1,2
0.465,0.238,0.25,0,0,1,2
0.465,0.241,0.25,0,0,1,2
0.465,0.244,0.25,0,0,1,2
0.465,0.247,0.25,0,0,1,2
0.465,0.25,0.25,0,0,1,2
0.465,0.253,0.25,0,0,1,2
0.465,0.256,0.25,0,0,1,2
0.465,0.259,0.25,0,0,1,2
0.468,0.1,0.25,0,0,1,2
0.468,0.103,0.25,0,0,1,2
0.468,0.106,0.25,0,0,1,2
0.468,0.109,0.25,0,0,1,2
0.468,0.112,0.25,0,0,1,2
0.468,0.115,0.25,0,0,1,2
0.468,0.118,0.25,0,0,1,2
0.468,0.121,0.25,0,0,1,2
0.468,0.124,0.25,0,0,1,2
0.468,0.127,0.25,0,0,1,2
0.468,0.13,0.25,0,0,1,2
0.468,0.133,0.25,0,0,1,2
0.468,0.136,0.25,0,0,1,2
0.468,0.139,0.25,0,0,1,2
0.468,0.142,0.25,0,0,1,2
0.468,0.145,0.25,0,0,1,2
0.468,0.148,0.25,0,0,1,2
0.468,0.151,0.25,0,0,1,2
0.468,0.154,0.25,0,0,1,2
0.468,0.157,0.25,0,0,1,2
0.468,0.16,0.25,0,0,1,2
0.468,0.163,0.25,0,0,1,2
0.468,0.166,0.25,0,0,1,2
0.468,0.169,0.25,0,0,1,2
0.468,0.172,0.25,0,0,1,2
0.468,0.175,0.25,0,0,1,2
0.468,0.178,0.25,0,0,1,2
0.468,0.181,0.25,0,0,1,2
0.468,0.184,0.25,0,0,1,2
0.468,0.187,0.25,0,0,1,2
0.468,0.19,0.25,0,0,1,2
0.468,0.193,0.25,0,0,1,2
0.468,0.196,0.25,0,0,1,2
0.468,0.199,0.25,0,0,1,2
0.468,0.202,0.25,0,0,1,2
0.468,0.205,0.25,0,0,1,2
0.468,0.208,0.25,0,0,1,2
0.468,0.211,0.25,0,0,1,2
0.468,0.214,0.25,0,0,1,2
0.468,0.217,0.25,0,0,1,2
0.468,0.22,0.25,0,0,1,2
0.468,0.223,0.25,0,0,1,2
0.468,0.226,0.25,0,0,1,2
0.468,0.229,0.25,0,0,1,2
0.468,0.232,0.25,0,0,1,2
0.468,0.235,0.25,0,0,1,2
0.468,0.238,0.25,0,0,1,2
0.468,0.241,0.25,0,0,1,2
0.468,0.244,0.25,0,0,1,2
0.468,0.247,0.25,0,0,1,2
0.468,0.25,0.25,0,0,1,2
0.468,0.253,0.25,0,0,1,2
0.468,0.256,0.25,0,0,1,2
0.468,0.259,0.25,0,0,1,2
0.471,0.1,0.25,0,0,1,2
0.471,0.103,0.25,0,0,1,2
0.471,0.106,0.25,0,0,1,2
0.471,0.109,0.25,0,0,1,2
0.471,0.112,0.25,0,0,1,2
0.471,0.115,0.25,0,0,1,2
0.471,0.118,0.25,0,0,1,2
0.471,0.121,0.25,0,0,1,2
0.471,0.124,0.25,0,0,1,2
0.471,0.127,0.25,0,0,1,2
0.471,0.13,0.25,0,0,1,2
0.471,0.133,0.25,0,0,1,2
0.471,0.136,0.25,0,0,1,2
0.471,0.139,0.25,0,0,1,2
0.471,0.142,0.25,0,0,1,2
0.471,0.145,0.25,0,0,1,2
0.471,0.148,0.25,0,0,1,2
0.471,0.151,0.25,0,0,1,2
0.471,0.154,0.25,0,0,1,2
0.471,0.157,0.25,0,0,1,2
0.471,0.16,0.25,0,0,1,2
0.471,0.163,0.25,0,0,1,2
0.471,0.166,0.25,0,0,1,2
0.471,0.169,0.25,0,0,1,2
0.471,0.172,0.25,0,0,1,2
0.471,0.175,0.25,0,0,1,2
0.471,0.178,0.25,0,0,1,2
0.471,0.181,0.25,0,0,1,2
0.471,0.184,0.25,0,0,1,2
0.471,0.187,0.25,0,0,1,2
0.471,0.19,0.25,0,0,1,2
0.471,0.193,0.25,0,0,1,2
0.471,0.196,0.25,0,0,1,2
0.471,0.199,0.25,0,0,1,2
0.471,0.202,0.25,0,0,1,2
0.471,0.205,0.25,0,0,1,2
0.471,0.208,0.25,0,0,1,2
0.471,0.211,0.25,0,0,1,2
0.471,0.214,0.25,0,0,1,2
0.471,0.217,0.25,0,0,1,2
0.471,0.22,0.25,0,0,1,2
0.471,0.223,0.25,0,0,1,2
0.471,0.226,0.25,0,0,1,2
0.471,0.229,0.25,0,0,1,2
0.471,0.232,0.25,0,0,1,2
0.471,0.235,0.25,0,0,1,2
0.471,0.238,0.25,0,0,1,2
0.471,0.241,0.25,0,0,1,2
0.471,0.244,0.25,0,0,1,2
0.471,0.247,0.25,0,0,1,2
0.471,0.25,0.25,0,0,1,2
0.471,0.253,0.25,0,0,1,2
0.471,0.256,0.25,0,0,1,2
0.471,0.259,0.25,0,0,1,2
0.474,0.1,0.25,0,0,1,2
0.474,0.103,0.25,0,0,1,2
0.474,0.106,0.25,0,0,1,2
0.474,0.109,0.25,0,0,1,2
0.474,0.112,0.25,0,0,1,2
0.474,0.115,0.25,0,0,1,2
0.474,0.118,0.25,0,0,1,2
0.474,0.121,0.25,0,0,1,2
0.474,0.124,0.25,0,0,1,2
0.474,0.127,0.25,0,0,1,2
0.474,0.13,0.25,0,0,1,2
0.474,0.133,0.25,0,0,1,2
0.474,0.136,0.25,0,0,1,2
0.474,0.139,0.25,0,0,1,2
0.474,0.142,0.25,0,0,1,2
0.474,0.145,0.25,0,0,1,2
0.474,0.148,0.25,0,0,1,2
0.474,0.151,0.25,0,0,1,2
0.474,0.154,0.25,0,0,1,2
0.474,0.157,0.25,0,0,1,2
0.474,0.16,0.25,0,0,1,2
0.474,0.163,0.25,0,0,1,2
0.474,0.166,0.25,0,0,1,2
0.474,0.169,0.25,0,0,1,2
0.474,0.172,0.25,0,0,1,2
0.474,0.175,0.25,0,0,1,2
0.474,0.178,0.25,0,0,1,2
0.474,0.181,0.25,0,0,1,2
0.474,0.184,0.25,0,0,1,2
0.474,0.187,0.25,0,0,1,2
0.474,0.19,0.25,0,0,1,2
0.474,0.193,0.25,0,0,1,2
0.474,0.196,0.25,0,0,1,2
0.474,0.199,0.25,0,0,1,2
0.474,0.202,0.25,0,0,1,2
0.474,0.205,0.25,0,0,1,2
0.474,0.208,0.25,0,0,1,2
0.474,0.211,0.25,0,0,1,2
0.474,0.214,0.25,0,0,1,2
0.474,0.217,0.25,0,0,1,2
0.474,0.22,0.25,0,0,1,2
0.474,0.223,0.25,0,0,1,2
0.474,0.226,0.25,0,0,1,2
0.474,0.229,0.25,0,0,1,2
0.474,0.232,0.25,0,0,1,2
0.474,0.235,0.25,0,0,1,2
0.474,0.238,0.25,0,0,1,2
0.474,0.241,0.25,0,0,1,2
0.474,0.244,0.25,0,0,1,2
0.474,0.247,0.25,0,0,1,2
0.474,0.25,0.25,0,0,1,2
0.474,0.253,0.25,0,0,1,2
0.474,0.256,0.25,0,0,1,2
0.474,0.259,0.25,0,0,1,2
0.477,0.1,0.25,0,0,1,2
0.477,0.103,0.25,0,0,1,2
0.477,0.106,0.25,0,0,1,2
0.477,0.109,0.25,0,0,1,2
0.477,0.112,0.25,0,0,1,2
0.477,0.115,0.25,0,0,1,2
0.477,0.118,0.25,0,0,1,2
0.477,0.121,0.25,0,0,1,2
0.477,0.124,0.25,0,0,1,2
0.477,0.127,0.25,0,0,1,2
0.477,0.13,0.25,0,0,1,2
0.477,0.133,0.25,0,0,1,2
0.477,0.136,0.25,0,0,1,2
0.477,0.139,0.25,0,0,1,2
0.477,0.142,0.25,0,0,1,2
0.477,0.145,0.25,0,0,1,2
0.477,0.148,0.25,0,0,1,2
0.477,0.151,0.25,0,0,1,2
0.477,0.154,0.25,0,0,1,2
0.477,0.157,0.25,0,0,1,2
0.477,0.16,0.25,0,0,1,2
0.477,0.163,0.25,0,0,1,2
0.477,0.166,0.25,0,0,1,2
0.477,0.169,0.25,0,0,1,2
0.477,0.172,0.25,0,0,1,2
0.477,0.175,0.25,0,0,1,2
0.477,0.178,0.25,0,0,1,2
0.477,0.181,0.25,0,0,1,2
0.477,0.184,0.25,0,0,1,2
0.477,0.187,0.25,0,0,1,2
0.477,0.19,0.25,0,0,1,2
0.477,0.193,0.25,0,0,1,2
0.477,0.196,0.25,0,0,1,2
0.477,0.199,0.25,0,0,1,2
0.477,0.202,0.25,0,0,1,2
0.477,0.205,0.25,0,0,1,2
0.477,0.208,0.25,0,0,1,2
0.477,0.211,0.25,0,0,1,2
0.477,0.214,0.25,0,0,1,2
0.477,0.217,0.25,0,0,1,2
0.477,0.22,0.25,0,0,1,2
0.477,0.223,0.25,0,0,1,2
0.477,0.226,0.25,0,0,1,2
0.477,0.229,0.25,0,0,1,2
0.477,0.232,0.25,0,0,1,2
0.477,0.235,0.25,0,0,1,2
0.477,0.238,0.25,0,0,1,2
0.477,0.241,0.25,0,0,1,2
0.477,0.244,0.25,0,0,1,2
0.477,0.247,0.25,0,0,1,2
0.477,0.25,0.25,0,0,1,2
0.477,0.253,0.25,0,0,1,2
0.477,0.256,0.25,0,0,1,2
0.477,0.259,0.25,0,0,1,2
0.48,0.1,0.25,0,0,1,2
0.48,0.103,0.25,0,0,1,2
0.48,0.106,0.25,0,0,1,2
0.48,0.109,0.25,0,0,1,2
0.48,0.112,0.25,0,0,1,2
0.48,0.115,0.25,0,0,1,2
0.48,0.118,0.25,0,0,1,2
0.48,0.121,0.25,0,0,1,2
0.48,0.124,0.25,0,0,1,2
0.48,0.127,0.25,0,0,1,2
0.48,0.13,0.25,0,0,1,2
0.48,0.133,0.25,0,0,1,2
0.48,0.136,0.25,0,0,1,2
0.48,0.139,0.25,0,0,1,2
0.48,0.142,0.25,0,0,1,2
0.48,0.145,0.25,0,0,1,2
0.48,0.148,0.25,0,0,1,2
0.48,0.151,0.25,0,0,1,2
0.48,0.154,0.25,0,0,1,2
0.48,0.157,0.25,0,0,1,2
0.48,0.16,0.25,0,0,1,2
0.48,0.163,0.25,0,0,1,2
0.48,0.166,0.25,0,0,1,2
0.48,0.169,0.25,0,0,1,2
0.48,0.172,0.25,0,0,1,2
0.48,0.175,0.25,0,0,1,2
0.48,0.178,0.25,0,0,1,2
0.48,0.181,0.25,0,0,1,2
0.48,0.184,0.25,0,0,1,2
0.48,0.187,0.25,0,0,1,2
0.48,0.19,0.25,0,0,1,2
0.48,0.193,0.25,0,0,1,2
0.48,0.196,0.25,0,0,1,2
0.48,0.199,0.25,0,0,1,2
0.48,0.202,0.25,0,0,1,2
0.48,0.205,0.25,0,0,1,2
0.48,0.208,0.25,0,0,1,2
0.48,0.211,0.25,0,0,1,2
0.48,0.214,0.25,0,0,1,2
0.48,0.217,0.25,0,0,1,2
0.48,0.22,0.25,0,0,1,2
0.48,0.223,0.25,0,0,1,2
0.48,0.226,0.25,0,0,1,2
0.48,0.229,0.25,0,0,1,2
0.48,0.232,0.25,0,0,1,2
0.48,0.235,0.25,0,0,1,2
0.48,0.238,0.25,0,0,1,2
0.48,0.241,0.25,0,0,1,2
0.48,0.244,0.25,0,0,1,2
0.48,0.247,0.25,0,0,1,2
0.48,0.25,0.25,0,0,1,2
0.48,0.253,0.25,0,0,1,2
0.48,0.256,0.25,0,0,1,2
0.48,0.259,0.25,0,0,1,2
0.483,0.1,0.25,0,0,1,2
0.483,0.103,0.25,0,0,1,2
0.483,0.106,0.25,0,0,1,2
0.483,0.109,0.25,0,0,1,2
0.483,0.112,0.25,0,0,1,2
0.483,0.115,0.25,0,0,1,2
0.483,0.118,0.25,0,0,1,2
0.483,0.121,0.25,0,0,1,2
0.483,0.124,0.25,0,0,1,2
0.483,0.127,0.25,0,0,1,2
0.483,0.13,0.25,0,0,1,2
0.483,0.133,0.25,0,0,1,2
0.483,0.136,0.25,0,0,1,2
0.483,0.139,0.25,0,0,1,2
0.483,0.142,0.25,0,0,1,2
0.483,0.145,0.25,0,0,1,2
0.483,0.148,0.25,0,0,1,2
0.483,0.151,0.25,0,0,1,2
0.483,0.154,0.25,0,0,1,2
0.483,0.157,0.25,0,0,1,2
0.483,0.16,0.25,0,0,1,2
0.483,0.163,0.25,0,0,1,2
0.483,0.166,0.25,0,0,1,2
0.483,0.169,0.25,0,0,1,2
0.483,0.172,0.25,0,0,1,2
0.483,0.175,0.25,0,0,1,2
0.483,0.178,0.25,0,0,1,2
0.483,0.181,0.25,0,0,1,2
0.483,0.184,0.25,0,0,1,2
0.483,0.187,0.25,0,0,1,2
0.483,0.19,0.25,0,0,1,2
0.483,0.193,0.25,0,0,1,2
0.483,0.196,0.25,0,0,1,2
0.483,0.199,0.25,0,0,1,2
0.483,0.202,0.25,0,0,1,2
0.483,0.205,0.25,0,0,1,2
0.483,0.208,0.25,0,0,1,2
0.483,0.211,0.25,0,0,1,2
0.483,0.214,0.25,0,0,1,2
0.483,0.217,0.25,0,0,1,2
0.483,0.22,0.25,0,0,1,2
0.483,0.223,0.25,0,0,1,2
0.483,0.226,0.25,0,0,1,2
0.483,0.229,0.25,0,0,1,2
0.483,0.232,0.25,0,0,1,2
0.483,0.235,0.25,0,0,1,2
0.483,0.238,0.25,0,0,1,2
0.483,0.241,0.25,0,0,1,2
0.483,0.244,0.25,0,0,1,2
0.483,0.247,0.25,0,0,1,2
0.483,0.25,0.25,0,0,1,2
0.483,0.253,0.25,0,0,1,2
0.483,0.256,0.25,0,0,1,2
0.483,0.259,0.25,0,0,1,2
0.486,0.1,0.25,0,0,1,2
0.486,0.103,0.25,0,0,1,2
0.486,0.106,0.25,0,0,1,2
0.486,0.109,0.25,0,0,1,2
0.486,0.112,0.25,0,0,1,2
0.486,0.115,0.25,0,0,1,2
0.486,0.118,0.25,0,0,1,2
0.486,0.121,0.25,0,0,1,2
0.486,0.124,0.25,0,0,1,2
0.486,0.127,0.25,0,0,1,2
0.486,0.13,0.25,0,0,1,2
0.486,0.133,0.25,0,0,1,2
0.486,0.136,0.25,0,0,1,2
0.486,0.139,0.25,0,0,1,2
0.486,0.142,0.25,0,0,1,2
0.486,0.145,0.25,0,0,1,2
0.486,0.148,0.25,0,0,1,2
0.486,0.151,0.25,0,0,1,2
0.486,0.154,0.25,0,0,1,2
0.486,0.157,0.25,0,0,1,2
0.486,0.16,0.25,0,0,1,2
0.486,0.163,0.25,0,0,1,2
0.486,0.166,0.25,0,0,1,2
0.486,0.169,0.25,0,0,1,2
0.486,0.172,0.25,0,0,1,2
0.486,0.175,0.25,0,0,1,2
0.486,0.178,0.25,0,0,1,2
0.486,0.181,0.25,0,0,1,2
0.486,0.184,0.25,0,0,1,2
0.486,0.187,0.25,0,0,1,2
0.486,0.19,0.25,0,0,1,2
0.486,0.193,0.25,0,0,1,2
0.486,0.196,0.25,0,0,1,2
0.486,0.199,0.25,0,0,1,2
0.486,0.202,0.25,0,0,1,2
0.486,0.205,0.25,0,0,1,2
0.486,0.208,0.25,0,0,1,2
0.486,0.211,0.25,0,0,1,2
0.486,0.214,0.25,0,0,1,2
0.486,0.217,0.25,0,0,1,2
0.486,0.22,0.25,0,0,1,2
0.486,0.223,0.25,0,0,1,2
0.486,0.226,0.25,0,0,1,2
0.486,0.229,0.25,0,0,1,2
0.486,0.232,0.25,0,0,1,2
0.486,0.235,0.25,0,0,1,2
0.486,0.238,0.25,0,0,1,2
0.486,0.241,0.25,0,0,1,2
0.486,0.244,0.25,0,0,1,2
0.486,0.247,0.25,0,0,1,2
0.486,0.25,0.25,0,0,1,2
0.486,0.253,0.25,0,0,1,2
0.486,0.256,0.25,0,0,1,2
0.486,0.259,0.25,0,0,1,2
0.489,0.1,0.25,0,0,1,2
0.489,0.103,0.25,0,0,1,2
0.489,0.106,0.25,0,0,1,2
0.489,0.109,0.25,0,0,1,2
0.489,0.112,0.25,0,0,1,2
0.489,0.115,0.25,0,0,1,2
0.489,0.118,0.25,0,0,1,2
0.489,0.121,0.25,0,0,1,2
0.489,0.124,0.25,0,0,1,2
0.489,0.127,0.25,0,0,1,2
0.489,0.13,0.25,0,0,1,2
0.489,0.133,0.25,0,0,1,2
0.489,0.136,0.25,0,0,1,2
0.489,0.139,0.25,0,0,1,2
0.489,0.142,0.25,0,0,1,2
0.489,0.145,0.25,0,0,1,2
0.489,0.148,0.25,0,0,1,2
0.489,0.151,0.25,0,0,1,2
0.489,0.154,0.25,0,0,1,2
0.489,0.157,0.25,0,0,1,2
0.489,0.16,0.25,0,0,1,2
0.489,0.163,0.25,0,0,1,2
0.489,0.166,0.25,0,0,1,2
0.489,0.169,0.25,0,0,1,2
0.489,0.172,0.25,0,0,1,2
0.489,0.175,0.25,0,0,1,2
0.489,0.178,0.25,0,0,1,2
0.489,0.181,0.25,0,0,1,2
0.489,0.184,0.25,0,0,1,2
0.489,0.187,0.25,0,0,1,2
0.489,0.19,0.25,0,0,1,2
0.489,0.193,0.25,0,0,1,2
0.489,0.196,0.25,0,0,1,2
0.489,0.199,0.25,0,0,1,2
0.489,0.202,0.25,0,0,1,2
0.489,0.205,0.25,0,0,1,2
0.489,0.208,0.25,0,0,1,2
0.489,0.211,0.25,0,0,1,2
0.489,0.214,0.25,0,0,1,2
0.489,0.217,0.25,0,0,1,2
0.489,0.22,0.25,0,0,1,2
0.489,0.223,0.25,0,0,1,2
0.489,0.226,0.25,0,0,1,2
0.489,0.229,0.25,0,0,1,2
0.489,0.232,0.25,0,0,1,2
0.489,0.235,0.25,0,0,1,2
0.489,0.238,0.25,0,0,1,2
0.489,0.241,0.25,0,0,1,2
0.489,0.244,0.25,0,0,1,2
0.489,0.247,0.25,0,0,1,2
0.489,0.25,0.25,0,0,1,2
0.489,0.253,0.25,0,0,1,2
0.489,0.256,0.25,0,0,1,2
0.489,0.259,0.25,0,0,1,2
0.492,0.1,0.25,0,0,1,2
0.492,0.103,0.25,0,0,1,2
0.492,0.106,0.25,0,0,1,2
0.492,0.109,0.25,0,0,1,2
0.492,0.112,0.25,0,0,1,2
0.492,0.115,0.25,0,0,1,2
0.492,0.118,0.25,0,0,1,2
0.492,0.121,0.25,0,0,1,2
0.492,0.124,0.25,0,0,1,2
0.492,0.127,0.25,0,0,1,2
0.492,0.13,0.25,0,0,1,2
0.492,0.133,0.25,0,0,1,2
0.492,0.136,0.25,0,0,1,2
0.492,0.139,0.25,0,0,1,2
0.492,0.142,0.25,0,0,1,2
0.492,0.145,0.25,0,0,1,2
0.492,0.148,0.25,0,0,1,2
0.492,0.151,0.25,0,0,1,2
0.492,0.154,0.25,0,0,1,2
0.492,0.157,0.25,0,0,1,2
0.492,0.16,0.25,0,0,1,2
0.492,0.163,0.25,0,0,1,2
0.492,0.166,0.25,0,0,1,2
0.492,0.169,0.25,0,0,1,2
0.492,0.172,0.25,0,0,1,2
0.492,0.175,0.25,0,0,1,2
0.492,0.178,0.25,0,0,1,2
0.492,0.181,0.25,0,0,1,2
0.492,0.184,0.25,0,0,1,2
0.492,0.187,0.25,0,0,1,2
0.492,0.19,0.25,0,0,1,2
0.492,0.193,0.25,0,0,1,2
0.492,0.196,0.25,0,0,1,2
0.492,0.199,0.25,0,0,1,2
0.492,0.202,0.25,0,0,1,2
0.492,0.205,0.25,0,0,1,2
0.492,0.208,0.25,0,0,1,2
0.492,0.211,0.25,0,0,1,2
0.492,0.214,0.25,0,0,1,2
0.492,0.217,0.25,0,0,1,2
0.492,0.22,0.25,0,0,1,2
0.492,0.223,0.25,0,0,1,2
0.492,0.226,0.25,0,0,1,2
0.492,0.229,0.25,0,0,1,2
0.492,0.232,0.25,0,0,1,2
0.492,0.235,0.25,0,0,1,2
0.492,0.238,0.25,0,0,1,2
0.492,0.241,0.25,0,0,1,2
0.492,0.244,0.25,0,0,1,2
0.492,0.247,0.25,0,0,1,2
0.492,0.25,0.25,0,0,1,2
0.492,0.253,0.25,0,0,1,2
0.492,0.256,0.25,0,0,1,2
0.492,0.259,0.25,0,0,1,2
0.495,0.1,0.25,0,0,1,2
0.495,0.103,0.25,0,0,1,2
0.495,0.106,0.25,0,0,1,2
0.495,0.109,0.25,0,0,1,2
0.495,0.112,0.25,0,0,1,2
0.495,0.115,0.25,0,0,1,2
0.495,0.118,0.25,0,0,1,2
0.495,0.121,0.25,0,0,1,2
0.495,0.124,0.25,0,0,1,2
0.495,0.127,0.25,0,0,1,2
0.495,0.13,0.25,0,0,1,2
0.495,0.133,0.25,0,0,1,2
0.495,0.136,0.25,0,0,1,2
0.495,0.139,0.25,0,0,1,2
0.495,0.142,0.25,0,0,1,2
0.495,0.145,0.25,0,0,1,2
0.495,0.148,0.25,0,0,1,2
0.495,0.151,0.25,0,0,1,2
0.495,0.154,0.25,0,0,1,2
0.495,0.157,0.25,0,0,1,2
0.495,0.16,0.25,0,0,1,2
0.495,0.163,0.25,0,0,1,2
0.495,0.166,0.25,0,0,1,2
0.495,0.169,0.25,0,0,1,2
0.495,0.172,0.25,0,0,1,2
0.495,0.175,0.25,0,0,1,2
0.495,0.178,0.25,0,0,1,2
0.495,0.181,0.25,0,0,1,2
0.495,0.184,0.25,0,0,1,2
0.495,0.187,0.25,0,0,1,2
0.495,0.19,0.25,0,0,1,2
0.495,0.193,0.25,0,0,1,2
0.495,0.196,0.25,0,0,1,2
0.495,0.199,0.25,0,0,1,2
0.495,0.202,0.25,0,0,1,2
0.495,0.205,0.25,0,0,1,2
0.495,0.208,0.25,0,0,1,2
0.495,0.211,0.25,0,0,1,2
0.495,0.214,0.25,0,0,1,2
0.495,0.217,0.25,0,0,1,2
0.495,0.22,0.25,0,0,1,2
0.495,0.223,0.25,0,0,1,2
0.495,0.226,0.25,0,0,1,2
0.495,0.229,0.25,0,0,1,2
0.495,0.232,0.25,0,0,1,2
0.495,0.235,0.25,0,0,1,2
0.495,0.238,0.25,0,0,1,2
0.495,0.241,0.25,0,0,1,2
0.495,0.244,0.25,0,0,1,2
0.495,0.247,0.25,0,0,1,2
0.495,0.25,0.25,0,0,1,2
0.495,0.253,0.25,0,0,1,2
0.495,0.256,0.25,0,0,1,2
0.495,0.259,0.25,0,0,1,2
0.498,0.1,0.25,0,0,1,2
0.498,0.103,0.25,0,0,1,2
0.498,0.106,0.25,0,0,1,2
0.498,0.109,0.25,0,0,1,2
0.498,0.112,0.25,0,0,1,2
0.498,0.115,0.25,0,0,1,2
0.498,0.118,0.25,0,0,1,2
0.498,0.121,0.25,0,0,1,2
0.498,0.124,0.25,0,0,1,2
0.498,0.127,0.25,0,0,1,2
0.498,0.13,0.25,0,0,1,2
0.498,0.133,0.25,0,0,1,2
0.498,0.136,0.25,0,0,1,2
0.498,0.139,0.25,0,0,1,2
0.498,0.142,0.25,0,0,1,2
0.498,0.145,0.25,0,0,1,2
0.498,0.148,0.25,0,0,1,2
0.498,0.151,0.25,0,0,1,2
0.498,0.154,0.25,0,0,1,2
0.498,0.157,0.25,0,0,1,2
0.498,0.16,0.25,0,0,1,2
0.498,0.163,0.25,0,0,1,2
0.498,0.166,0.25,0,0,1,2
0.498,0.169,0.25,0,0,1,2
0.498,0.172,0.25,0,0,1,2
0.498,0.175,0.25,0,0,1,2
0.498,0.178,0.25,0,0,1,2
0.498,0.181,0.25,0,0,1,2
0.498,0.184,0.25,0,0,1,2
0.498,0.187,0.25,0,0,1,2
0.498,0.19,0.25,0,0,1,2
0.498,0.193,0.25,0,0,1,2
0.498,0.196,0.25,0,0,1,2
0.498,0.199,0.25,0,0,1,2
0.498,0.202,0.25,0,0,1,2
0.498,0.205,0.25,0,0,1,2
0.498,0.208,0.25,0,0,1,2
0.498,0.211,0.25,0,0,1,2
0.498,0.214,0.25,0,0,1,2
0.498,0.217,0.25,0,0,1,2
0.498,0.22,0.25,0,0,1,2
0.498,0.223,0.25,0,0,1,2
0.498,0.226,0.25,0,0,1,2
0.498,0.229,0.25,0,0,1,2
0.498,0.232,0.25,0,0,1,2
0.498,0.235,0.25,0,0,1,2
0.498,0.238,0.25,0,0,1,2
0.498,0.241,0.25,0,0,1,2
0.498,0.244,0.25,0,0,1,2
0.498,0.247,0.25,0,0,1,2
0.498,0.25,0.25,0,0,1,2
0.498,0.253,0.25,0,0,1,2
0.498,0.256,0.25,0,0,1,2
0.498,0.259,0.25,0,0,1,2
0.501,0.1,0.25,0,0,1,2
0.501,0.103,0.25,0,0,1,2
0.501,0.106,0.25,0,0,1,2
0.501,0.109,0.25,0,0,1,2
0.501,0.112,0.25,0,0,1,2
0.501,0.115,0.25,0,0,1,2
0.501,0.118,0.25,0,0,1,2
0.501,0.121,0.25,0,0,1,2
0.501,0.124,0.25,0,0,1,2
0.501,0.127,0.25,0,0,1,2
0.501,0.13,0.25,0,0,1,2
0.501,0.133,0.25,0,0,1,2
0.501,0.136,0.25,0,0,1,2
0.501,0.139,0.25,0,0,1,2
0.501,0.142,0.25,0,0,1,2
0.501,0.145,0.25,0,0,1,2
0.501,0.148,0.25,0,0,1,2
0.501,0.151,0.25,0,0,1,2
0.501,0.154,0.25,0,0,1,2
0.501,0.157,0.25,0,0,1,2
0.501,0.16,0.25,0,0,1,2
0.501,0.163,0.25,0,0,1,2
0.501,0.166,0.25,0,0,1,2
0.501,0.169,0.25,0,0,1,2
0.501,0.172,0.25,0,0,1,2
0.501,0.175,0.25,0,0,1,2
0.501,0.178,0.25,0,0,1,2
0.501,0.181,0.25,0,0,1,2
0.501,0.184,0.25,0,0,1,2
0.501,0.187,0.25,0,0,1,2
0.501,0.19,0.25,0,0,1,2
0.501,0.193,0.25,0,0,1,2
0.501,0.196,0.25,0,0,1,2
0.501,0.199,0.25,0,0,1,2
0.501,0.202,0.25,0,0,1,2
0.501,0.205,0.25,0,0,1,2
0.501,0.208,0.25,0,0,1,2
0.501,0.211,0.25,0,0,1,2
0.501,0.214,0.25,0,0,1,2
0.501,0.217,0.25,0,0,1,2
0.501,0.22,0.25,0,0,1,2
0.501,0.223,0.25,0,0,1,2
0.501,0.226,0.25,0,0,1,2
0.501,0.229,0.25,0,0,1,2
0.501,0.232,0.25,0,0,1,2
0.501,0.235,0.25,0,0,1,2
0.501,0.238,0.25,0,0,1,2
0.501,0.241,0.25,0,0,1,2
0.501,0.244,0.25,0,0,1,2
0.501,0.247,0.25,0,0,1,2
0.501,0.25,0.25,0,0,1,2
0.501,0.253,0.25,0,0,1,2
0.501,0.256,0.25,0,0,1,2
0.501,0.259,0.25,0,0,1,2
0.504,0.1,0.25,0,0,1,2
0.504,0.103,0.25,0,0,1,2
0.504,0.106,0.25,0,0,1,2
0.504,0.109,0.25,0,0,1,2
0.504,0.112,0.25,0,0,1,2
0.504,0.115,0.25,0,0,1,2
0.504,0.118,0.25,0,0,1,2
0.504,0.121,0.25,0,0,1,2
0.504,0.124,0.25,0,0,1,2
0.504,0.127,0.25,0,0,1,2
0.504,0.13,0.25,0,0,1,2
0.504,0.133,0.25,0,0,1,2
0.504,0.136,0.25,0,0,1,2
0.504,0.139,0.25,0,0,1,2
0.504,0.142,0.25,0,0,1,2
0.504,0.145,0.25,0,0,1,2
0.504,0.148,0.25,0,0,1,2
0.504,0.151,0.25,0,0,1,2
0.504,0.154,0.25,0,0,1,2
0.504,0.157,0.25,0,0,1,2
0.504,0.16,0.25,0,0,1,2
0.504,0.163,0.25,0,0,1,2
0.504,0.166,0.25,0,0,1,2
0.504,0.169,0.25,0,0,1,2
0.504,0.172,0.25,0,0,1,2
0.504,0.175,0.25,0,0,1,2
0.504,0.178,0.25,0,0,1,2
0.504,0.181,0.25,0,0,1,2
0.504,0.184,0.25,0,0,1,2
0.504,0.187,0.25,0,0,1,2
0.504,0.19,0.25,0,0,1,2
0.504,0.193,0.25,0,0,1,2
0.504,0.196,0.25,0,0,1,2
0.504,0.199,0.25,0,0,1,2
0.504,0.202,0.25,0,0,1,2
0.504,0.205,0.25,0,0,1,2
0.504,0.208,0.25,0,0,1,2
0.504,0.211,0.25,0,0,1,2
0.504,0.214,0.25,0,0,1,2
0.504,0.217,0.25,0,0,1,2
0.504,0.22,0.25,0,0,1,2
0.504,0.223,0.25,0,0,1,2
0.504,0.226,0.25,0,0,1,2
0.504,0.229,0.25,0,0,1,2
0.504,0.232,0.25,0,0,1,2
0.504,0.235,0.25,0,0,1,2
0.504,0.238,0.25,0,0,1,2
0.504,0.241,0.25,0,0,1,2
0.504,0.244,0.25,0,0,1,2
0.504,0.247,0.25,0,0,1,2
0.504,0.25,0.25,0,0,1,2
0.504,0.253,0.25,0,0,1,2
0.504,0.256,0.25,0,0,1,2
0.504,0.259,0.25,0,0,1,2
0.507,0.1,0.25,0,0,1,2
0.507,0.103,0.25,0,0,1,2
0.507,0.106,0.25,0,0,1,2
0.507,0.109,0.25,0,0,1,2
0.507,0.112,0.25,0,0,1,2
0.507,0.115,0.25,0,0,1,2
0.507,0.118,0.25,0,0,1,2
0.507,0.121,0.25,0,0,1,2
0.507,0.124,0.25,0,0,1,2
0.507,0.127,0.25,0,0,1,2
0.507,0.13,0.25,0,0,1,2
0.507,0.133,0.25,0,0,1,2
0.507,0.136,0.25,0,0,1,2
0.507,0.139,0.25,0,0,1,2
0.507,0.142,0.25,0,0,1,2
0.507,0.145,0.25,0,0,1,2
0.507,0.148,0.25,0,0,1,2
0.507,0.151,0.25,0,0,1,2
0.507,0.154,0.25,0,0,1,2
0.507,0.157,0.25,0,0,1,2
0.507,0.16,0.25,0,0,1,2
0.507,0.163,0.25,0,0,1,2
0.507,0.166,0.25,0,0,1,2
0.507,0.169,0.25,0,0,1,2
0.507,0.172,0.25,0,0,1,2
0.507,0.175,0.25,0,0,1,2
0.507,0.178,0.25,0,0,1,2
0.507,0.181,0.25,0,0,1,2
0.507,0.184,0.25,0,0,1,2
0.507,0.187,0.25,0,0,1,2
0.507,0.19,0.25,0,0,1,2
0.507,0.193,0.25,0,0,1,2
0.507,0.196,0.25,0,0,1,2
0.507,0.199,0.25,0,0,1,2
0.507,0.202,0.25,0,0,1,2
0.507,0.205,0.25,0,0,1,2
0.507,0.208,0.25,0,0,1,2
0.507,0.211,0.25,0,0,1,2
0.507,0.214,0.25,0,0,1,2
0.507,0.217,0.25,0,0,1,2
0.507,0.22,0.25,0,0,1,2
0.507,0.223,0.25,0,0,1,2
0.507,0.226,0.25,0,0,1,2
0.507,0.229,0.25,0,0,1,2
0.507,0.232,0.25,0,0,1,2
0.507,0.235,0.25,0,0,1,2
0.507,0.238,0.25,0,0,1,2
0.507,0.241,0.25,0,0,1,2
0.507,0.244,0.25,0,0,1,2
0.507,0.247,0.25,0,0,1,2
0.507,0.25,0.25,0,0,1,2
0.507,0.253,0.25,0,0,1,2
0.507,0.256,0.25,0,0,1,2
0.507,0.259,0.25,0,0,1,2
0.51,0.1,0.25,0,0,1,2
0.51,0.103,0.25,0,0,1,2
0.51,0.106,0.25,0,0,1,2
0.51,0.109,0.25,0,0,1,2
0.51,0.112,0.25,0,0,1,2
0.51,0.115,0.25,0,0,1,2
0.51,0.118,0.25,0,0,1,2
0.51,0.121,0.25,0,0,1,2
0.51,0.124,0.25,0,0,1,2
0.51,0.127,0.25,0,0,1,2
0.51,0.13,0.25,0,0,1,2
0.51,0.133,0.25,0,0,1,2
0.51,0.136,0.25,0,0,1,2
0.51,0.139,0.25,0,0,1,2
0.51,0.142,0.25,0,0,1,2
0.51,0.145,0.25,0,0,1,2
0.51,0.148,0.25,0,0,1,2
0.51,0.151,0.25,0,0,1,2
0.51,0.154,0.25,0,0,1,2
0.51,0.157,0.25,0,0,1,2
0.51,0.16,0.25,0,0,1,2
0.51,0.163,0.25,0,0,1,2
0.51,0.166,0.25,0,0,1,2
0.51,0.169,0.25,0,0,1,2
0.51,0.172,0.25,0,0,1,2
0.51,0.175,0.25,0,0,1,2
0.51,0.178,0.25,0,0,1,2
0.51,0.181,0.25,0,0,1,2
0.51,0.184,0.25,0,0,1,2
0.51,0.187,0.25,0,0,1,2
0.51,0.19,0.25,0,0,1,2
0.51,0.193,0.25,0,0,1,2
0.51,0.196,0.25,0,0,1,2
0.51,0.199,0.25,0,0,1,2
0.51,0.202,0.25,0,0,1,2
0.51,0.205,0.25,0,0,1,2
0.51,0.208,0.25,0,0,1,2
0.51,0.211,0.25,0,0,1,2
0.51,0.214,0.25,0,0,1,2
0.51,0.217,0.25,0,0,1,2
0.51,0.22,0.25,0,0,1,2
0.51,0.223,0.25,0,0,1,2
0.51,0.226,0.25,0,0,1,2
0.51,0.229,0.25,0,0,1,2
0.51,0.232,0.25,0,0,1,2
0.51,0.235,0.25,0,0,1,2
0.51,0.238,0.25,0,0,1,2
0.51,0.241,0.25,0,0,1,2
0.51,0.244,0.25,0,0,1,2
0.51,0.247,0.25,0,0,1,2
0.51,0.25,0.25,0,0,1,2
0.51,0.253,0.25,0,0,1,2
0.51,0.256,0.25,0,0,1,2
0.51,0.259,0.25,0,0,1,2
0.513,0.1,0.25,0,0,1,2
0.513,0.103,0.25,0,0,1,2
0.513,0.106,0.25,0,0,1,2
0.513,0.109,0.25,0,0,1,2
0.513,0.112,0.25,0,0,1,2
0.513,0.115,0.25,0,0,1,2
0.513,0.118,0.25,0,0,1,2
0.513,0.121,0.25,0,0,1,2
0.513,0.124,0.25,0,0,1,2
0.513,0.127,0.25,0,0,1,2
0.513,0.13,0.25,0,0,1,2
0.513,0.133,0.25,0,0,1,2
0.513,0.136,0.25,0,0,1,2
0.513,0.139,0.25,0,0,1,2
0.513,0.142,0.25,0,0,1,2
0.513,0.145,0.25,0,0,1,2
0.513,0.148,0.25,0,0,1,2
0.513,0.151,0.25,0,0,1,2
0.513,0.154,0.25,0,0,1,2
0.513,0.157,0.25,0,0,1,2
0.513,0.16,0.25,0,0,1,2
0.513,0.163,0.25,0,0,1,2
0.513,0.166,0.25,0,0,1,2
0.513,0.169,0.25,0,0,1,2
0.513,0.172,0.25,0,0,1,2
0.513,0.175,0.25,0,0,1,2
0.513,0.178,0.25,0,0,1,2
0.513,0.181,0.25,0,0,1,2
0.513,0.184,0.25,0,0,1,2
0.513,0.187,0.25,0,0,1,2
0.513,0.19,0.25,0,0,1,2
0.513,0.193,0.25,0,0,1,2
0.513,0.196,0.25,0,0,1,2
0.513,0.199,0.25,0,0,1,2
0.513,0.202,0.25,0,0,1,2
0.513,0.205,0.25,0,0,1,2
0.513,0.208,0.25,0,0,1,2
0.513,0.211,0.25,0,0,1,2
0.513,0.214,0.25,0,0,1,2
0.513,0.217,0.25,0,0,1,2
0.513,0.22,0.25,0,0,1,2
0.513,0.223,0.25,0,0,1,2
0.513,0.226,0.25,0,0,1,2
0.513,0.229,0.25,0,0,1,2
0.513,0.232,0.25,0,0,1,2
0.513,0.235,0.25,0,0,1,2
0.513,0.238,0.25,0,0,1,2
0.513,0.241,0.25,0,0,1,2
0.513,0.244,0.25,0,0,1,2
0.513,0.247,0.25,0,0,1,2
0.513,0.25,0.25,0,0,1,2
0.513,0.253,0.25,0,0,1,2
0.513,0.256,0.25,0,0,1,2
0.513,0.259,0.25,0,0,1,2
0.516,0.1,0.25,0,0,1,2
0.516,0.103,0.25,0,0,1,2
0.516,0.106,0.25,0,0,1,2
0.516,0.109,0.25,0,0,1,2
0.516,0.112,0.25,0,0,1,2
0.516,0.115,0.25,0,0,1,2
0.516,0.118,0.25,0,0,1,2
0.516,0.121,0.25,0,0,1,2
0.516,0.124,0.25,0,0,1,2
0.516,0.127,0.25,0,0,1,2
0.516,0.13,0.25,0,0,1,2
0.516,0.133,0.25,0,0,1,2
0.516,0.136,0.25,0,0,1,2
0.516,0.139,0.25,0,0,1,2
0.516,0.142,0.25,0,0,1,2
0.516,0.145,0.25,0,0,1,2
0.516,0.148,0.25,0,0,1,2
0.516,0.151,0.25,0,0,1,2
0.516,0.154,0.25,0,0,1,2
0.516,0.157,0.25,0,0,1,2
0.516,0.16,0.25,0,0,1,2
0.516,0.163,0.25,0,0,1,2
0.516,0.166,0.25,0,0,1,2
0.516,0.169,0.25,0,0,1,2
0.516,0.172,0.25,0,0,1,2
0.516,0.175,0.25,0,0,1,2
0.516,0.178,0.25,0,0,1,2
0.516,0.181,0.25,0,0,1,2
0.516,0.184,0.25,0,0,1,2
0.516,0.187,0.25,0,0,1,2
0.516,0.19,0.25,0,0,1,2
0.516,0.193,0.25,0,0,1,2
0.516,0.196,0.25,0,0,1,2
0.516,0.199,0.25,0,0,1,2
0.516,0.202,0.25,0,0,1,2
0.516,0.205,0.25,0,0,1,2
0.516,0.208,0.25,0,0,1,2
0.516,0.211,0.25,0,0,1,2
0.516,0.214,0.25,0,0,1,2
0.516,0.217,0.25,0,0,1,2
0.516,0.22,0.25,0,0,1,2
0.516,0.223,0.25,0,0,1,2
0.516,0.226,0.25,0,0,1,2
0.516,0.229,0.25,0,0,1,2
0.516,0.232,0.25,0,0,1,2
0.516,0.235,0.25,0,0,1,2
0.516,0.238,0.25,0,0,1,2
0.516,0.241,0.25,0,0,1,2
0.516,0.244,0.25,0,0,1,2
0.516,0.247,0.25,0,0,1,2
0.516,0.25,0.25,0,0,1,2
0.516,0.253,0.25,0,0,1,2
0.516,0.256,0.25,0,0,1,2
0.516,0.259,0.25,0,0,1,2
0.519,0.1,0.25,0,0,1,2
0.519,0.103,0.25,0,0,1,2
0.519,0.106,0.25,0,0,1,2
0.519,0.109,0.25,0,0,1,2
0.519,0.112,0.25,0,0,1,2
0.519,0.115,0.25,0,0,1,2
0.519,0.118,0.25,0,0,1,2
0.519,0.121,0.25,0,0,1,2
0.519,0.124,0.25,0,0,1,2
0.519,0.127,0.25,0,0,1,2
0.519,0.13,0.25,0,0,1,2
0.519,0.133,0.25,0,0,1,2
0.519,0.136,0.25,0,0,1,2
0.519,0.139,0.25,0,0,1,2
0.519,0.142,0.25,0,0,1,2
0.519,0.145,0.25,0,0,1,2
0.519,0.148,0.25,0,0,1,2
0.519,0.151,0.25,0,0,1,2
0.519,0.154,0.25,0,0,1,2
0.519,0.157,0.25,0,0,1,2
0.519,0.16,0.25,0,0,1,2
0.519,0.163,0.25,0,0,1,2
0.519,0.166,0.25,0,0,1,2
0.519,0.169,0.25,0,0,1,2
0.519,0.172,0.25,0,0,1,2
0.519,0.175,0.25,0,0,1,2
0.519,0.178,0.25,0,0,1,2
0.519,0.181,0.25,0,0,1,2
0.519,0.184,0.25,0,0,1,2
0.519,0.187,0.25,0,0,1,2
0.519,0.19,0.25,0,0,1,2
0.519,0.193,0.25,0,0,1,2
0.519,0.196,0.25,0,0,1,2
0.519,0.199,0.25,0,0,1,2
0.519,0.202,0.25,0,0,1,2
0.519,0.205,0.25,0,0,1,2
0.519,0.208,0.25,0,0,1,2
0.519,0.211,0.25,0,0,1,2
0.519,0.214,0.25,0,0,1,2
0.519,0.217,0.25,0,0,1,2
0.519,0.22,0.25,0,0,1,2
0.519,0.223,0.25,0,0,1,2
0.519,0.226,0.25,0,0,1,2
0.519,0.229,0.25,0,0,1,2
0.519,0.232,0.25,0,0,1,2
0.519,0.235,0.25,0,0,1,2
0.519,0.238,0.25,0,0,1,2
0.519,0.241,0.25,0,0,1,2
0.519,0.244,0.25,0,0,1,2
0.519,0.247,0.25,0,0,1,2
0.519,0.25,0.25,0,0,1,2
0.519,0.253,0.25,0,0,1,2
0.519,0.256,0.25,0,0,1,2
0.519,0.259,0.25,0,0,1,2
0.522,0.1,0.25,0,0,1,2
0.522,0.103,0.25,0,0,1,2
0.522,0.106,0.25,0,0,1,2
0.522,0.109,0.25,0,0,1,2
0.522,0.112,0.25,0,0,1,2
0.522,0.115,0.25,0,0,1,2
0.522,0.118,0.25,0,0,1,2
0.522,0.121,0.25,0,0,1,2
0.522,0.124,0.25,0,0,1,2
0.522,0.127,0.25,0,0,1,2
0.522,0.13,0.25,0,0,1,2
0.522,0.133,0.25,0,0,1,2
0.522,0.136,0.25,0,0,1,2
0.522,0.139,0.25,0,0,1,2
0.522,0.142,0.25,0,0,1,2
0.522,0.145,0.25,0,0,1,2
0.522,0.148,0.25,0,0,1,2
0.522,0.151,0.25,0,0,1,2
0.522,0.154,0.25,0,0,1,2
0.522,0.157,0.25,0,0,1,2
0.522,0.16,0.25,0,0,1,2
0.522,0.163,0.25,0,0,1,2
0.522,0.166,0.25,0,0,1,2
0.522,0.169,0.25,0,0,1,2
0.522,0.172,0.25,0,0,1,2
0.522,0.175,0.25,0,0,1,2
0.522,0.178,0.25,0,0,1,2
0.522,0.181,0.25,0,0,1,2
0.522,0.184,0.25,0,0,1,2
0.522,0.187,0.25,0,0,1,2
0.522,0.19,0.25,0,0,1,2
0.522,0.193,0.25,0,0,1,2
0.522,0.196,0.25,0,0,1,2
0.522,0.199,0.25,0,0,1,2
0.522,0.202,0.25,0,0,1,2
0.522,0.205,0.25,0,0,1,2
0.522,0.208,0.25,0,0,1,2
0.522,0.211,0.25,0,0,1,2
0.522,0.214,0.25,0,0,1,2
0.522,0.217,0.25,0,0,1,2
0.522,0.22,0.25,0,0,1,2
0.522,0.223,0.25,0,0,1,2
0.522,0.226,0.25,0,0,1,2
0.522,0.229,0.25,0,0,1,2
0.522,0.232,0.25,0,0,1,2
0.522,0.235,0.25,0,0,1,2
0.522,0.238,0.25,0,0,1,2
0.522,0.241,0.25,0,0,1,2
0.522,0.244,0.25,0,0,1,2
0.522,0.247,0.25,0,0,1,2
0.522,0.25,0.25,0,0,1,2
0.522,0.253,0.25,0,0,1,2
0.522,0.256,0.25,0,0,1,2
0.522,0.259,0.25,0,0,1,2
0.525,0.1,0.25,0,0,1,2
0.525,0.103,0.25,0,0,1,2
0.525,0.106,0.25,0,0,1,2
0.525,0.109,0.25,0,0,1,2
0.525,0.112,0.25,0,0,1,2
0.525,0.115,0.25,0,0,1,2
0.525,0.118,0.25,0,0,1,2
0.525,0.121,0.25,0,0,1,2
0.525,0.124,0.25,0,0,1,2
0.525,0.127,0.25,0,0,1,2
0.525,0.13,0.25,0,0,1,2
0.525,0.133,0.25,0,0,1,2
0.525,0.136,0.25,0,0,1,2
0.525,0.139,0.25,0,0,1,2
0.525,0.142,0.25,0,0,1,2
0.525,0.145,0.25,0,0,1,2
0.525,0.148,0.25,0,0,1,2
0.525,0.151,0.25,0,0,1,2
0.525,0.154,0.25,0,0,1,2
0.525,0.157,0.25,0,0,1,2
0.525,0.16,0.25,0,0,1,2
0.525,0.163,0.25,0,0,1,2
0.525,0.166,0.25,0,0,1,2
0.525,0.169,0.25,0,0,1,2
0.525,0.172,0.25,0,0,1,2
0.525,0.175,0.25,0,0,1,2
0.525,0.178,0.25,0,0,1,2
0.525,0.181,0.25,0,0,1,2
0.525,0.184,0.25,0,0,1,2
0.525,0.187,0.25,0,0,1,2
0.525,0.19,0.25,0,0,1,2
0.525,0.193,0.25,0,0,1,2
0.525,0.196,0.25,0,0,1,2
0.525,0.199,0.25,0,0,1,2
0.525,0.202,0.25,0,0,1,2
0.525,0.205,0.25,0,0,1,2
0.525,0.208,0.25,0,0,1,2
0.525,0.211,0.25,0,0,1,2
0.525,0.214,0.25,0,0,1,2
0.525,0.217,0.25,0,0,1,2
0.525,0.22,0.25,0,0,1,2
0.525,0.223,0.25,0,0,1,2
0.525,0.226,0.25,0,0,1,2
0.525,0.229,0.25,0,0,1,2
0.525,0.232,0.25,0,0,1,2
0.525,0.235,0.25,0,0,1,2
0.525,0.238,0.25,0,0,1,2
0.525,0.241,0.25,0,0,1,2
0.525,0.244,0.25,0,0,1,2
0.525,0.247,0.25,0,0,1,2
0.525,0.25,0.25,0,0,1,2
0.525,0.253,0.25,0,0,1,2
0.525,0.256,0.25,0,0,1,2
0.525,0.259,0.25,0,0,1,2
0.528,0.1,0.25,0,0,1,2
0.528,0.103,0.25,0,0,1,2
0.528,0.106,0.25,0,0,1,2
0.528,0.109,0.25,0,0,1,2
0.528,0.112,0.25,0,0,1,2
0.528,0.115,0.25,0,0,1,2
0.528,0.118,0.25,0,0,1,2
0.528,0.121,0.25,0,0,1,2
0.528,0.124,0.25,0,0,1,2
0.528,0.127,0.25,0,0,1,2
0.528,0.13,0.25,0,0,1,2
0.528,0.133,0.25,0,0,1,2
0.528,0.136,0.25,0,0,1,2
0.528,0.139,0.25,0,0,1,2
0.528,0.142,0.25,0,0,1,2
0.528,0.145,0.25,0,0,1,2
0.528,0.148,0.25,0,0,1,2
0.528,0.151,0.25,0,0,1,2
0.528,0.154,0.25,0,0,1,2
0.528,0.157,0.25,0,0,1,2
0.528,0.16,0.25,0,0,1,2
0.528,0.163,0.25,0,0,1,2
0.528,0.166,0.25,0,0,1,2
0.528,0.169,0.25,0,0,1,2
0.528,0.172,0.25,0,0,1,2
0.528,0.175,0.25,0,0,1,2
0.528,0.178,0.25,0,0,1,2
0.528,0.181,0.25,0,0,1,2
0.528,0.184,0.25,0,0,1,2
0.528,0.187,0.25,0,0,1,2
0.528,0.19,0.25,0,0,1,2
0.528,0.193,0.25,0,0,1,2
0.528,0.196,0.25,0,0,1,2
0.528,0.199,0.25,0,0,1,2
0.528,0.202,0.25,0,0,1,2
0.528,0.205,0.25,0,0,1,2
0.528,0.208,0.25,0,0,1,2
0.528,0.211,0.25,0,0,1,2
0.528,0.214,0.25,0,0,1,2
0.528,0.217,0.25,0,0,1,2
0.528,0.22,0.25,0,0,1,2
0.528,0.223,0.25,0,0,1,2
0.528,0.226,0.25,0,0,1,2
0.528,0.229,0.25,0,0,1,2
0.528,0.232,0.25,0,0,1,2
0.528,0.235,0.25,0,0,1,2
0.528,0.238,0.25,0,0,1,2
0.528,0.241,0.25,0,0,1,2
0.528,0.244,0.25,0,0,1,2
0.528,0.247,0.25,0,0,1,2
0.528,0.25,0.25,0,0,1,2
0.528,0.253,0.25,0,0,1,2
0.528,0.256,0.25,0,0,1,2
0.528,0.259,0.25,0,0,1,2
0.531,0.1,0.25,0,0,1,2
0.531,0.103,0.25,0,0,1,2
0.531,0.106,0.25,0,0,1,2
0.531,0.109,0.25,0,0,1,2
0.531,0.112,0.25,0,0,1,2
0.531,0.115,0.25,0,0,1,2
0.531,0.118,0.25,0,0,1,2
0.531,0.121,0.25,0,0,1,2
0.531,0.124,0.25,0,0,1,2
0.531,0.127,0.25,0,0,1,2
0.531,0.13,0.25,0,0,1,2
0.531,0.133,0.25,0,0,1,2
0.531,0.136,0.25,0,0,1,2
0.531,0.139,0.25,0,0,1,2
0.531,0.142,0.25,0,0,1,2
0.531,0.145,0.25,0,0,1,2
0.531,0.148,0.25,0,0,1,2
0.531,0.151,0.25,0,0,1,2
0.531,0.154,0.25,0,0,1,2
0.531,0.157,0.25,0,0,1,2
0.531,0.16,0.25,0,0,1,2
0.531,0.163,0.25,0,0,1,2
0.531,0.166,0.25,0,0,1,2
0.531,0.169,0.25,0,0,1,2
0.531,0.172,0.25,0,0,1,2
0.531,0.175,0.25,0,0,1,2
0.531,0.178,0.25,0,0,1,2
0.531,0.181,0.25,0,0,1,2
0.531,0.184,0.25,0,0,1,2
0.531,0.187,0.25,0,0,1,2
0.531,0.19,0.25,0,0,1,2
0.531,0.193,0.25,0,0,1,2
0.531,0.196,0.25,0,0,1,2
0.531,0.199,0.25,0,0,1,2
0.531,0.202,0.25,0,0,1,2
0.531,0.205,0.25,0,0,1,2
0.531,0.208,0.25,0,0,1,2
0.531,0.211,0.25,0,0,1,2
0.531,0.214,0.25,0,0,1,2
0.531,0.217,0.25,0,0,1,2
0.531,0.22,0.25,0,0,1,2
0.531,0.223,0.25,0,0,1,2
0.531,0.226,0.25,0,0,1,2
0.531,0.229,0.25,0,0,1,2
0.531,0.232,0.25,0,0,1,2
0.531,0.235,0.25,0,0,1,2
0.531,0.238,0.25,0,0,1,2
0.531,0.241,0.25,0,0,1,2
0.531,0.244,0.25,0,0,1,2
0.531,0.247,0.25,0,0,1,2
0.531,0.25,0.25,0,0,1,2
0.531,0.253,0.25,0,0,1,2
0.531,0.256,0.25,0,0,1,2
0.531,0.259,0.25,0,0,1,2
0.534,0.1,0.25,0,0,1,2
0.534,0.103,0.25,0,0,1,2
0.534,0.106,0.25,0,0,1,2
0.534,0.109,0.25,0,0,1,2
0.534,0.112,0.25,0,0,1,2
0.534,0.115,0.25,0,0,1,2
0.534,0.118,0.25,0,0,1,2
0.534,0.121,0.25,0,0,1,2
0.534,0.124,0.25,0,0,1,2
0.534,0.127,0.25,0,0,1,2
0.534,0.13,0.25,0,0,1,2
0.534,0.133,0.25,0,0,1,2
0.534,0.136,0.25,0,0,1,2
0.534,0.139,0.25,0,0,1,2
0.534,0.142,0.25,0,0,1,2
0.534,0.145,0.25,0,0,1,2
0.534,0.148,0.25,0,0,1,2
0.534,0.151,0.25,0,0,1,2
0.534,0.154,0.25,0,0,1,2
0.534,0.157,0.25,0,0,1,2
0.534,0.16,0.25,0,0,1,2
0.534,0.163,0.25,0,0,1,2
0.534,0.166,0.25,0,0,1,2
0.534,0.169,0.25,0,0,1,2
0.534,0.172,0.25,0,0,1,2
0.534,0.175,0.25,0,0,1,2
0.534,0.178,0.25,0,0,1,2
0.534,0.181,0.25,0,0,1,2
0.534,0.184,0.25,0,0,1,2
0.534,0.187,0.25,0,0,1,2
0.534,0.19,0.25,0,0,1,2
0.534,0.193,0.25,0,0,1,2
0.534,0.196,0.25,0,0,1,2
0.534,0.199,0.25,0,0,1,2
0.534,0.202,0.25,0,0,1,2
0.534,0.205,0.25,0,0,1,2
0.534,0.208,0.25,0,0,1,2
0.534,0.211,0.25,0,0,1,2
0.534,0.214,0.25,0,0,1,2
0.534,0.217,0.25,0,0,1,2
0.534,0.22,0.25,0,0,1,2
0.534,0.223,0.25,0,0,1,2
0.534,0.226,0.25,0,0,1,2
0.534,0.229,0.25,0,0,1,2
0.534,0.232,0.25,0,0,1,2
0.534,0.235,0.25,0,0,1,2
0.534,0.238,0.25,0,0,1,2
0.534,0.241,0.25,0,0,1,2
0.534,0.244,0.25,0,0,1,2
0.534,0.247,0.25,0,0,1,2
0.534,0.25,0.25,0,0,1,2
0.534,0.253,0.25,0,0,1,2
0.534,0.256,0.25,0,0,1,2
0.534,0.259,0.25,0,0,1,2
0.537,0.1,0.25,0,0,1,2
0.537,0.103,0.25,0,0,1,2
0.537,0.106,0.25,0,0,1,2
0.537,0.109,0.25,0,0,1,2
0.537,0.112,0.25,0,0,1,2
0.537,0.115,0.25,0,0,1,2
0.537,0.118,0.25,0,0,1,2
0.537,0.121,0.25,0,0,1,2
0.537,0.124,0.25,0,0,1,2
0.537,0.127,0.25,0,0,1,2
0.537,0.13,0.25,0,0,1,2
0.537,0.133,0.25,0,0,1,2
0.537,0.136,0.25,0,0,1,2
0.537,0.139,0.25,0,0,1,2
0.537,0.142,0.25,0,0,1,2
0.537,0.145,0.25,0,0,1,2
0.537,0.148,0.25,0,0,1,2
0.537,0.151,0.25,0,0,1,2
0.537,0.154,0.25,0,0,1,2
0.537,0.157,0.25,0,0,1,2
0.537,0.16,0.25,0,0,1,2
0.537,0.163,0.25,0,0,1,2
0.537,0.166,0.25,0,0,1,2
0.537,0.169,0.25,0,0,1,2
0.537,0.172,0.25,0,0,1,2
0.537,0.175,0.25,0,0,1,2
0.537,0.178,0.25,0,0,1,2
0.537,0.181,0.25,0,0,1,2
0.537,0.184,0.25,0,0,1,2
0.537,0.187,0.25,0,0,1,2
0.537,0.19,0.25,0,0,1,2
0.537,0.193,0.25,0,0,1,2
0.537,0.196,0.25,0,0,1,2
0.537,0.199,0.25,0,0,1,2
0.537,0.202,0.25,0,0,1,2
0.537,0.205,0.25,0,0,1,2
0.537,0.208,0.25,0,0,1,2
0.537,0.211,0.25,0,0,1,2
0.537,0.214,0.25,0,0,1,2
0.537,0.217,0.25,0,0,1,2
0.537,0.22,0.25,0,0,1,2
0.537,0.223,0.25,0,0,1,2
0.537,0.226,0.25,0,0,1,2
0.537,0.229,0.25,0,0,1,2
0.537,0.232,0.25,0,0,1,2
0.537,0.235,0.25,0,0,1,2
0.537,0.238,0.25,0,0,1,2
0.537,0.241,0.25,0,0,1,2
0.537,0.244,0.25,0,0,1,2
0.537,0.247,0.25,0,0,1,2
0.537,0.25,0.25,0,0,1,2
0.537,0.253,0.25,0,0,1,2
0.537,0.256,0.25,0,0,1,2
0.537,0.259,0.25,0,0,1,2
0.54,0.1,0.25,0,0,1,2
0.54,0.103,0.25,0,0,1,2
0.54,0.106,0.25,0,0,1,2
0.54,0.109,0.25,0,0,1,2
0.54,0.112,0.25,0,0,1,2
0.54,0.115,0.25,0,0,1,2
0.54,0.118,0.25,0,0,1,2
0.54,0.121,0.25,0,0,1,2
0.54,0.124,0.25,0,0,1,2
0.54,0.127,0.25,0,0,1,2
0.54,0.13,0.25,0,0,1,2
0.54,0.133,0.25,0,0,1,2
0.54,0.136,0.25,0,0,1,2
0.54,0.139,0.25,0,0,1,2
0.54,0.142,0.25,0,0,1,2
0.54,0.145,0.25,0,0,1,2
0.54,0.148,0.25,0,0,1,2
0.54,0.151,0.25,0,0,1,2
0.54,0.154,0.25,0,0,1,2
0.54,0.157,0.25,0,0,1,2
0.54,0.16,0.25,0,0,1,2
0.54,0.163,0.25,0,0,1,2
0.54,0.166,0.25,0,0,1,2
0.54,0.169,0.25,0,0,1,2
0.54,0.172,0.25,0,0,1,2
0.54,0.175,0.25,0,0,1,2
0.54,0.178,0.25,0,0,1,2
0.54,0.181,0.25,0,0,1,2
0.54,0.184,0.25,0,0,1,2
0.54,0.187,0.25,0,0,1,2
0.54,0.19,0.25,0,0,1,2
0.54,0.193,0.25,0,0,1,2
0.54,0.196,0.25,0,0,1,2
0.54,0.199,0.25,0,0,1,2
0.54,0.202,0.25,0,0,1,2
0.54,0.205,0.25,0,0,1,2
0.54,0.208,0.25,0,0,1,2
0.54,0.211,0.25,0,0,1,2
0.54,0.214,0.25,0,0,1,2
0.54,0.217,0.25,0,0,1,2
0.54,0.22,0.25,0,0,1,2
0.54,0.223,0.25,0,0,1,2
0.54,0.226,0.25,0,0,1,2
0.54,0.229,0.25,0,0,1,2
0.54,0.232,0.25,0,0,1,2
0.54,0.235,0.25,0,0,1,2
0.54,0.238,0.25,0,0,1,2
0.54,0.241,0.25,0,0,1,2
0.54,0.244,0.25,0,0,1,2
0.54,0.247,0.25,0,0,1,2
0.54,0.25,0.25,0,0,1,2
0.54,0.253,0.25,0,0,1,2
0.54,0.256,0.25,0,0,1,2
0.54,0.259,0.25,0,0,1,2
0.543,0.1,0.25,0,0,1,2
0.543,0.103,0.25,0,0,1,2
0.543,0.106,0.25,0,0,1,2
0.543,0.109,0.25,0,0,1,2
0.543,0.112,0.25,0,0,1,2
0.543,0.115,0.25,0,0,1,2
0.543,0.118,0.25,0,0,1,2
0.543,0.121,0.25,0,0,1,2
0.543,0.124,0.25,0,0,1,2
0.543,0.127,0.25,0,0,1,2
0.543,0.13,0.25,0,0,1,2
0.543,0.133,0.25,0,0,1,2
0.543,0.136,0.25,0,0,1,2
0.543,0.139,0.25,0,0,1,2
0.543,0.142,0.25,0,0,1,2
0.543,0.145,0.25,0,0,1,2
0.543,0.148,0.25,0,0,1,2
0.543,0.151,0.25,0,0,1,2
0.543,0.154,0.25,0,0,1,2
0.543,0.157,0.25,0,0,1,2
0.543,0.16,0.25,0,0,1,2
0.543,0.163,0.25,0,0,1,2
0.543,0.166,0.25,0,0,1,2
0.543,0.169,0.25,0,0,1,2
0.543,0.172,0.25,0,0,1,2
0.543,0.175,0.25,0,0,1,2
0.543,0.178,0.25,0,0,1,2
0.543,0.181,0.25,0,0,1,2
0.543,0.184,0.25,0,0,1,2
0.543,0.187,0.25,0,0,1,2
0.543,0.19,0.25,0,0,1,2
0.543,0.193,0.25,0,0,1,2
0.543,0.196,0.25,0,0,1,2
0.543,0.199,0.25,0,0,1,2
0.543,0.202,0.25,0,0,1,2
0.543,0.205,0.25,0,0,1,2
0.543,0.208,0.25,0,0,1,2
0.543,0.211,0.25,0,0,1,2
0.543,0.214,0.25,0,0,1,2
0.543,0.217,0.25,0,0,1,2
0.543,0.22,0.25,0,0,1,2
0.543,0.223,0.25,0,0,1,2
0.543,0.226,0.25,0,0,1,2
0.543,0.229,0.25,0,0,1,2
0.543,0.232,0.25,0,0,1,2
0.543,0.235,0.25,0,0,1,2
0.543,0.238,0.25,0,0,1,2
0.543,0.241,0.25,0,0,1,2
0.543,0.244,0.25,0,0,1,2
0.543,0.247,0.25,0,0,1,2
0.543,0.25,0.25,0,0,1,2
0.543,0.253,0.25,0,0,1,2
0.543,0.256,0.25,0,0,1,2
0.543,0.259,0.25,0,0,1,2
0.546,0.1,0.25,0,0,1,2
0.546,0.103,0.25,0,0,1,2
0.546,0.106,0.25,0,0,1,2
0.546,0.109,0.25,0,0,1,2
0.546,0.112,0.25,0,0,1,2
0.546,0.115,0.25,0,0,1,2
0.546,0.118,0.25,0,0,1,2
0.546,0.121,0.25,0,0,1,2
0.546,0.124,0.25,0,0,1,2
0.546,0.127,0.25,0,0,1,2
0.546,0.13,0.25,0,0,1,2
0.546,0.133,0.25,0,0,1,2
0.546,0.136,0.25,0,0,1,2
0.546,0.139,0.25,0,0,1,2
0.546,0.142,0.25,0,0,1,2
0.546,0.145,0.25,0,0,1,2
0.546,0.148,0.25,0,0,1,2
0.546,0.151,0.25,0,0,1,2
0.546,0.154,0.25,0,0,1,2
0.546,0.157,0.25,0,0,1,2
0.546,0.16,0.25,0,0,1,2
0.546,0.163,0.25,0,0,1,2
0.546,0.166,0.25,0,0,1,2
0.546,0.169,0.25,0,0,1,2
0.546,0.172,0.25,0,0,1,2
0.546,0.175,0.25,0,0,1,2
0.546,0.178,0.25,0,0,1,2
0.546,0.181,0.25,0,0,1,2
0.546,0.184,0.25,0,0,1,2
0.546,0.187,0.25,0,0,1,2
0.546,0.19,0.25,0,0,1,2
0.546,0.193,0.25,0,0,1,2
0.546,0.196,0.25,0,0,1,2
0.546,0.199,0.25,0,0,1,2
0.546,0.202,0.25,0,0,1,2
0.546,0.205,0.25,0,0,1,2
0.546,0.208,0.25,0,0,1,2
0.546,0.211,0.25,0,0,1,2
0.546,0.214,0.25,0,0,1,2
0.546,0.217,0.25,0,0,1,2
0.546,0.22,0.25,0,0,1,2
0.546,0.223,0.25,0,0,1,2
0.546,0.226,0.25,0,0,1,2
0.546,0.229,0.25,0,0,1,2
0.546,0.232,0.25,0,0,1,2
0.546,0.235,0.25,0,0,1,2
0.546,0.238,0.25,0,0,1,2
0.546,0.241,0.25,0,0,1,2
0.546,0.244,0.25,0,0,1,2
0.546,0.247,0.25,0,0,1,2
0.546,0.25,0.25,0,0,1,2
0.546,0.253,0.25,0,0,1,2
0.546,0.256,0.25,0,0,1,2
0.546,0.259,0.25,0,0,1,2
0.549,0.1,0.25,0,0,1,2
0.549,0.103,0.25,0,0,1,2
0.549,0.106,0.25,0,0,1,2
0.549,0.109,0.25,0,0,1,2
0.549,0.112,0.25,0,0,1,2
0.549,0.115,0.25,0,0,1,2
0.549,0.118,0.25,0,0,1,2
0.549,0.121,0.25,0,0,1,2
0.549,0.124,0.25,0,0,1,2
0.549,0.127,0.25,0,0,1,2
0.549,0.13,0.25,0,0,1,2
0.549,0.133,0.25,0,0,1,2
0.549,0.136,0.25,0,0,1,2
0.549,0.139,0.25,0,0,1,2
0.549,0.142,0.25,0,0,1,2
0.549,0.145,0.25,0,0,1,2
0.549,0.148,0.25,0,0,1,2
0.549,0.151,0.25,0,0,1,2
0.549,0.154,0.25,0,0,1,2
0.549,0.157,0.25,0,0,1,2
0.549,0.16,0.25,0,0,1,2
0.549,0.163,0.25,0,0,1,2
0.549,0.166,0.25,0,0,1,2
0.549,0.169,0.25,0,0,1,2
0.549,0.172,0.25,0,0,1,2
0.549,0.175,0.25,0,0,1,2
0.549,0.178,0.25,0,0,1,2
0.549,0.181,0.25,0,0,1,2
0.549,0.184,0.25,0,0,1,2
0.549,0.187,0.25,0,0,1,2
0.549,0.19,0.25,0,0,1,2
0.549,0.193,0.25,0,0,1,2
0.549,0.196,0.25,0,0,1,2
0.549,0.199,0.25,0,0,1,2
0.549,0.202,0.25,0,0,1,2
0.549,0.205,0.25,0,0,1,2
0.549,0.208,0.25,0,0,1,2
0.549,0.211,0.25,0,0,1,2
0.549,0.214,0.25,0,0,1,2
0.549,0.217,0.25,0,0,1,2
0.549,0.22,0.25,0,0,1,2
0.549,0.223,0.25,0,0,1,2
0.549,0.226,0.25,0,0,1,2
0.549,0.229,0.25,0,0,1,2
0.549,0.232,0.25,0,0,1,2
0.549,0.235,0.25,0,0,1,2
0.549,0.238,0.25,0,0,1,2
0.549,0.241,0.25,0,0,1,2
0.549,0.244,0.25,0,0,1,2
0.549,0.247,0.25,0,0,1,2
0.549,0.25,0.25,0,0,1,2
0.549,0.253,0.25,0,0,1,2
0.549,0.256,0.25,0,0,1,2
0.549,0.259,0.25,0,0,1,2
0.552,0.1,0.25,0,0,1,2
0.552,0.103,0.25,0,0,1,2
0.552,0.106,0.25,0,0,1,2
0.552,0.109,0.25,0,0,1,2
0.552,0.112,0.25,0,0,1,2
0.552,0.115,0.25,0,0,1,2
0.552,0.118,0.25,0,0,1,2
0.552,0.121,0.25,0,0,1,2
0.552,0.124,0.25,0,0,1,2
0.552,0.127,0.25,0,0,1,2
0.552,0.13,0.25,0,0,1,2
0.552,0.133,0.25,0,0,1,2
0.552,0.136,0.25,0,0,1,2
0.552,0.139,0.25,0,0,1,2
0.552,0.142,0.25,0,0,1,2
0.552,0.145,0.25,0,0,1,2
0.552,0.148,0.25,0,0,1,2
0.552,0.151,0.25,0,0,1,2
0.552,0.154,0.25,0,0,1,2
0.552,0.157,0.25,0,0,1,2
0.552,0.16,0.25,0,0,1,2
0.552,0.163,0.25,0,0,1,2
0.552,0.166,0.25,0,0,1,2
0.552,0.169,0.25,0,0,1,2
0.552,0.172,0.25,0,0,1,2
0.552,0.175,0.25,0,0,1,2
0.552,0.178,0.25,0,0,1,2
0.552,0.181,0.25,0,0,1,2
0.552,0.184,0.25,0,0,1,2
0.552,0.187,0.25,0,0,1,2
0.552,0.19,0.25,0,0,1,2
0.552,0.193,0.25,0,0,1,2
0.552,0.196,0.25,0,0,1,2
0.552,0.199,0.25,0,0,1,2
0.552,0.202,0.25,0,0,1,2
0.552,0.205,0.25,0,0,1,2
0.552,0.208,0.25,0,0,1,2
0.552,0.211,0.25,0,0,1,2
0.552,0.214,0.25,0,0,1,2
0.552,0.217,0.25,0,0,1,2
0.552,0.22,0.25,0,0,1,2
0.552,0.223,0.25,0,0,1,2
0.552,0.226,0.25,0,0,1,2
0.552,0.229,0.25,0,0,1,2
0.552,0.232,0.25,0,0,1,2
0.552,0.235,0.25,0,0,1,2
0.552,0.238,0.25,0,0,1,2
0.552,0.241,0.25,0,0,1,2
0.552,0.244,0.25,0,0,1,2
0.552,0.247,0.25,0,0,1,2
0.552,0.25,0.25,0,0,1,2
0.552,0.253,0.25,0,0,1,2
0.552,0.256,0.25,0,0,1,2
0.552,0.259,0.25,0,0,1,2
0.555,0.1,0.25,0,0,1,2
0.555,0.103,0.25,0,0,1,2
0.555,0.106,0.25,0,0,1,2
0.555,0.109,0.25,0,0,1,2
0.555,0.112,0.25,0,0,1,2
0.555,0.115,0.25,0,0,1,2
0.555,0.118,0.25,0,0,1,2
0.555,0.121,0.25,0,0,1,2
0.555,0.124,0.25,0,0,1,2
0.555,0.127,0.25,0,0,1,2
0.555,0.13,0.25,0,0,1,2
0.555,0.133,0.25,0,0,1,2
0.555,0.136,0.25,0,0,1,2
0.555,0.139,0.25,0,0,1,2
0.555,0.142,0.25,0,0,1,2
0.555,0.145,0.25,0,0,1,2
0.555,0.148,0.25,0,0,1,2
0.555,0.151,0.25,0,0,1,2
0.555,0.154,0.25,0,0,1,2
0.555,0.157,0.25,0,0,1,2
0.555,0.16,0.25,0,0,1,2
0.555,0.163,0.25,0,0,1,2
0.555,0.166,0.25,0,0,1,2
0.555,0.169,0.25,0,0,1,2
0.555,0.172,0.25,0,0,1,2
0.555,0.175,0.25,0,0,1,2
0.555,0.178,0.25,0,0,1,2
0.555,0.181,0.25,0,0,1,2
0.555,0.184,0.25,0,0,1,2
0.555,0.187,0.25,0,0,1,2
0.555,0.19,0.25,0,0,1,2
0.555,0.193,0.25,0,0,1,2
0.555,0.196,0.25,0,0,1,2
0.555,0.199,0.25,0,0,1,2
0.555,0.202,0.25,0,0,1,2
0.555,0.205,0.25,0,0,1,2
0.555,0.208,0.25,0,0,1,2
0.555,0.211,0.25,0,0,1,2
0.555,0.214,0.25,0,0,1,2
0.555,0.217,0.25,0,0,1,2
0.555,0.22,0.25,0,0,1,2
0.555,0.223,0.25,0,0,1,2
0.555,0.226,0.25,0,0,1,2
0.555,0.229,0.25,0,0,1,2
0.555,0.232,0.25,0,0,1,2
0.555,0.235,0.25,0,0,1,2
0.555,0.238,0.25,0,0,1,2
0.555,0.241,0.25,0,0,1,2
0.555,0.244,0.25,0,0,1,2
0.555,0.247,0.25,0,0,1,2
0.555,0.25,0.25,0,0,1,2
0.555,0.253,0.25,0,0,1,2
0.555,0.256,0.25,0,0,1,2
0.555,0.259,0.25,0,0,1,2
0.558,0.1,0.25,0,0,1,2
0.558,0.103,0.25,0,0,1,2
0.558,0.106,0.25,0,0,1,2
0.558,0.109,0.25,0,0,1,2
0.558,0.112,0.25,0,0,1,2
0.558,0.115,0.25,0,0,1,2
0.558,0.118,0.25,0,0,1,2
0.558,0.121,0.25,0,0,1,2
0.558,0.124,0.25,0,0,1,2
0.558,0.127,0.25,0,0,1,2
0.558,0.13,0.25,0,0,1,2
0.558,0.133,0.25,0,0,1,2
0.558,0.136,0.25,0,0,1,2
0.558,0.139,0.25,0,0,1,2
0.558,0.142,0.25,0,0,1,2
0.558,0.145,0.25,0,0,1,2
0.558,0.148,0.25,0,0,1,2
0.558,0.151,0.25,0,0,1,2
0.558,0.154,0.25,0,0,1,2
0.558,0.157,0.25,0,0,1,2
0.558,0.16,0.25,0,0,1,2
0.558,0.163,0.25,0,0,1,2
0.558,0.166,0.25,0,0,1,2
0.558,0.169,0.25,0,0,1,2
0.558,0.172,0.25,0,0,1,2
0.558,0.175,0.25,0,0,1,2
0.558,0.178,0.25,0,0,1,2
0.558,0.181,0.25,0,0,1,2
0.558,0.184,0.25,0,0,1,2
0.558,0.187,0.25,0,0,1,2
0.558,0.19,0.25,0,0,1,2
0.558,0.193,0.25,0,0,1,2
0.558,0.196,0.25,0,0,1,2
0.558,0.199,0.25,0,0,1,2
0.558,0.202,0.25,0,0,1,2
0.558,0.205,0.25,0,0,1,2
0.558,0.208,0.25,0,0,1,2
0.558,0.211,0.25,0,0,1,2
0.558,0.214,0.25,0,0,1,2
0.558,0.217,0.25,0,0,1,2
0.558,0.22,0.25,0,0,1,2
0.558,0.223,0.25,0,0,1,2
0.558,0.226,0.25,0,0,1,2
0.558,0.229,0.25,0,0,1,2
0.558,0.232,0.25,0,0,1,2
0.558,0.235,0.25,0,0,1,2
0.558,0.238,0.25,0,0,1,2
0.558,0.241,0.25,0,0,1,2
0.558,0.244,0.25,0,0,1,2
0.558,0.247,0.25,0,0,1,2
0.558,0.25,0.25,0,0,1,2
0.558,0.253,0.25,0,0,1,2
0.558,0.256,0.25,0,0,1,2
0.558,0.259,0.25,0,0,1,2
0.561,0.1,0.25,0,0,1,2
0.561,0.103,0.25,0,0,1,2
0.561,0.106,0.25,0,0,1,2
0.561,0.109,0.25,0,0,1,2
0.561,0.112,0.25,0,0,1,2
0.561,0.115,0.25,0,0,1,2
0.561,0.118,0.25,0,0,1,2
0.561,0.121,0.25,0,0,1,2
0.561,0.124,0.25,0,0,1,2
0.561,0.127,0.25,0,0,1,2
0.561,0.13,0.25,0,0,1,2
0.561,0.133,0.25,0,0,1,2
0.561,0.136,0.25,0,0,1,2
0.561,0.139,0.25,0,0,1,2
0.561,0.142,0.25,0,0,1,2
0.561,0.145,0.25,0,0,1,2
0.561,0.148,0.25,0,0,1,2
0.561,0.151,0.25,0,0,1,2
0.561,0.154,0.25,0,0,1,2
0.561,0.157,0.25,0,0,1,2
0.561,0.16,0.25,0,0,1,2
0.561,0.163,0.25,0,0,1,2
0.561,0.166,0.25,0,0,1,2
0.561,0.169,0.25,0,0,1,2
0.561,0.172,0.25,0,0,1,2
0.561,0.175,0.25,0,0,1,2
0.561,0.178,0.25,0,0,1,2
0.561,0.181,0.25,0,0,1,2
0.561,0.184,0.25,0,0,1,2
0.561,0.187,0.25,0,0,1,2
0.561,0.19,0.25,0,0,1,2
0.561,0.193,0.25,0,0,1,2
0.561,0.196,0.25,0,0,1,2
0.561,0.199,0.25,0,0,1,2
0.561,0.202,0.25,0,0,1,2
0.561,0.205,0.25,0,0,1,2
0.561,0.208,0.25,0,0,1,2
0.561,0.211,0.25,0,0,1,2
0.561,0.214,0.25,0,0,1,2
0.561,0.217,0.25,0,0,1,2
0.561,0.22,0.25,0,0,1,2
0.561,0.223,0.25,0,0,1,2
0.561,0.226,0.25,0,0,1,2
0.561,0.229,0.25,0,0,1,2
0.561,0.232,0.25,0,0,1,2
0.561,0.235,0.25,0,0,1,2
0.561,0.238,0.25,0,0,1,2
0.561,0.241,0.25,0,0,1,2
0.561,0.244,0.25,0,0,1,2
0.561,0.247,0.25,0,0,1,2
0.561,0.25,0.25,0,0,1,2
0.561,0.253,0.25,0,0,1,2
0.561,0.256,0.25,0,0,1,2
0.561,0.259,0.25,0,0,1,2
0.564,0.1,0.25,0,0,1,2
0.564,0.103,0.25,0,0,1,2
0.564,0.106,0.25,0,0,1,2
0.564,0.109,0.25,0,0,1,2
0.564,0.112,0.25,0,0,1,2
0.564,0.115,0.25,0,0,1,2
0.564,0.118,0.25,0,0,1,2
0.564,0.121,0.25,0,0,1,2
0.564,0.124,0.25,0,0,1,2
0.564,0.127,0.25,0,0,1,2
0.564,0.13,0.25,0,0,1,2
0.564,0.133,0.25,0,0,1,2
0.564,0.136,0.25,0,0,1,2
0.564,0.139,0.25,0,0,1,2
0.564,0.142,0.25,0,0,1,2
0.564,0.145,0.25,0,0,1,2
0.564,0.148,0.25,0,0,1,2
0.564,0.151,0.25,0,0,1,2
0.564,0.154,0.25,0,0,1,2
0.564,0.157,0.25,0,0,1,2
0.564,0.16,0.25,0,0,1,2
0.564,0.163,0.25,0,0,1,2
0.564,0.166,0.25,0,0,1,2
0.564,0.169,0.25,0,0,1,2
0.564,0.172,0.25,0,0,1,2
0.564,0.175,0.25,0,0,1,2
0.564,0.178,0.25,0,0,1,2
0.564,0.181,0.25,0,0,1,2
0.564,0.184,0.25,0,0,1,2
0.564,0.187,0.25,0,0,1,2
0.564,0.19,0.25,0,0,1,2
0.564,0.193,0.25,0,0,1,2
0.564,0.196,0.25,0,0,1,2
0.564,0.199,0.25,0,0,1,2
0.564,0.202,0.25,0,0,1,2
0.564,0.205,0.25,0,0,1,2
0.564,0.208,0.25,0,0,1,2
0.564,0.211,0.25,0,0,1,2
0.564,0.214,0.25,0,0,1,2
0.564,0.217,0.25,0,0,1,2
0.564,0.22,0.25,0,0,1,2
0.564,0.223,0.25,0,0,1,2
0.564,0.226,0.25,0,0,1,2
0.564,0.229,0.25,0,0,1,2
0.564,0.232,0.25,0,0,1,2
0.564,0.235,0.25,0,0,1,2
0.564,0.238,0.25,0,0,1,2
0.564,0.241,0.25,0,0,1,2
0.564,0.244,0.25,0,0,1,2
0.564,0.247,0.25,0,0,1,2
0.564,0.25,0.25,0,0,1,2
0.564,0.253,0.25,0,0,1,2
0.564,0.256,0.25,0,0,1,2
0.564,0.259,0.25,0,0,1,2
0.567,0.1,0.25,0,0,1,2
0.567,0.103,0.25,0,0,1,2
0.567,0.106,0.25,0,0,1,2
0.567,0.109,0.25,0,0,1,2
0.567,0.112,0.25,0,0,1,2
0.567,0.115,0.25,0,0,1,2
0.567,0.118,0.25,0,0,1,2
0.567,0.121,0.25,0,0,1,2
0.567,0.124,0.25,0,0,1,2
0.567,0.127,0.25,0,0,1,2
0.567,0.13,0.25,0,0,1,2
0.567,0.133,0.25,0,0,1,2
0.567,0.136,0.25,0,0,1,2
0.567,0.139,0.25,0,0,1,2
0.567,0.142,0.25,0,0,1,2
0.567,0.145,0.25,0,0,1,2
0.567,0.148,0.25,0,0,1,2
0.567,0.151,0.25,0,0,1,2
0.567,0.154,0.25,0,0,1,2
0.567,0.157,0.25,0,0,1,2
0.567,0.16,0.25,0,0,1,2
0.567,0.163,0.25,0,0,1,2
0.567,0.166,0.25,0,0,1,2
0.567,0.169,0.25,0,0,1,2
0.567,0.172,0.25,0,0,1,2
0.567,0.175,0.25,0,0,1,2
0.567,0.178,0.25,0,0,1,2
0.567,0.181,0.25,0,0,1,2
0.567,0.184,0.25,0,0,1,2
0.567,0.187,0.25,0,0,1,2
0.567,0.19,0.25,0,0,1,2
0.567,0.193,0.25,0,0,1,2
0.567,0.196,0.25,0,0,1,2
0.567,0.199,0.25,0,0,1,2
0.567,0.202,0.25,0,0,1,2
0.567,0.205,0.25,0,0,1,2
0.567,0.208,0.25,0,0,1,2
0.567,0.211,0.25,0,0,1,2
0.567,0.214,0.25,0,0,1,2
0.567,0.217,0.25,0,0,1,2
0.567,0.22,0.25,0,0,1,2
0.567,0.223,0.25,0,0,1,2
0.567,0.226,0.25,0,0,1,2
0.567,0.229,0.25,0,0,1,2
0.567,0.232,0.25,0,0,1,2
0.567,0.235,0.25,0,0,1,2
0.567,0.238,0.25,0,0,1,2
0.567,0.241,0.25,0,0,1,2
0.567,0.244,0.25,0,0,1,2
0.567,0.247,0.25,0,0,1,2
0.567,0.25,0.25,0,0,1,2
0.567,0.253,0.25,0,0,1,2
0.567,0.256,0.25,0,0,1,2
0.567,0.259,0.25,0,0,1,2
0.57,0.1,0.25,0,0,1,2
0.57,0.103,0.25,0,0,1,2
0.57,0.106,0.25,0,0,1,2
0.57,0.109,0.25,0,0,1,2
0.57,0.112,0.25,0,0,1,2
0.57,0.115,0.25,0,0,1,2
0.57,0.118,0.25,0,0,1,2
0.57,0.121,0.25,0,0,1,2
0.57,0.124,0.25,0,0,1,2
0.57,0.127,0.25,0,0,1,2
0.57,0.13,0.25,0,0,1,2
0.57,0.133,0.25,0,0,1,2
0.57,0.136,0.25,0,0,1,2
0.57,0.139,0.25,0,0,1,2
0.57,0.142,0.25,0,0,1,2
0.57,0.145,0.25,0,0,1,2
0.57,0.148,0.25,0,0,1,2
0.57,0.151,0.25,0,0,1,2
0.57,0.154,0.25,0,0,1,2
0.57,0.157,0.25,0,0,1,2
0.57,0.16,0.25,0,0,1,2
0.57,0.163,0.25,0,0,1,2
0.57,0.166,0.25,0,0,1,2
0.57,0.169,0.25,0,0,1,2
0.57,0.172,0.25,0,0,1,2
0.57,0.175,0.25,0,0,1,2
0.57,0.178,0.25,0,0,1,2
0.57,0.181,0.25,0,0,1,2
0.57,0.184,0.25,0,0,1,2
0.57,0.187,0.25,0,0,1,2
0.57,0.19,0.25,0,0,1,2
0.57,0.193,0.25,0,0,1,2
0.57,0.196,0.25,0,0,1,2
0.57,0.199,0.25,0,0,1,2
0.57,0.202,0.25,0,0,1,2
0.57,0.205,0.25,0,0,1,2
0.57,0.208,0.25,0,0,1,2
0.57,0.211,0.25,0,0,1,2
0.57,0.214,0.25,0,0,1,2
0.57,0.217,0.25,0,0,1,2
0.57,0.22,0.25,0,0,1,2
0.57,0.223,0.25,0,0,1,2
0.57,0.226,0.25,0,0,1,2
0.57,0.229,0.25,0,0,1,2
0.57,0.232,0.25,0,0,1,2
0.57,0.235,0.25,0,0,1,2
0.57,0.238,0.25,0,0,1,2
0.57,0.241,0.25,0,0,1,2
0.57,0.244,0.25,0,0,1,2
0.57,0.247,0.25,0,0,1,2
0.57,0.25,0.25,0,0,1,2
0.57,0.253,0.25,0,0,1,2
0.57,0.256,0.25,0,0,1,2
0.57,0.259,0.25,0,0,1,2
0.39,0.1,0.45,0,0,1,2
0.39,0.103,0.45,0,0,1,2
0.39,0.106,0.45,0,0,1,2
0.39,0.109,0.45,0,0,1,2
0.39,0.112,0.45,0,0,1,2
0.39,0.115,0.45,0,0,1,2
0.39,0.118,0.45,0,0,1,2
0.39,0.121,0.45,0,0,1,2
0.39,0.124,0.45,0,0,1,2
0.39,0.127,0.45,0,0,1,2
0.39,0.13,0.45,0,0,1,2
0.39,0.133,0.45,0,0,1,2
0.39,0.136,0.45,0,0,1,2
0.39,0.139,0.45,0,0,1,2
0.39,0.142,0.45,0,0,1,2
0.39,0.145,0.45,0,0,1,2
0.39,0.148,0.45,0,0,1,2
0.39,0.151,0.45,0,0,1,2
0.39,0.154,0.45,0,0,1,2
0.39,0.157,0.45,0,0,1,2
0.39,0.16,0.45,0,0,1,2
0.39,0.163,0.45,0,0,1,2
0.39,0.166,0.45,0,0,1,2
0.39,0.169,0.45,0,0,1,2
0.39,0.172,0.45,0,0,1,2
0.39,0.175,0.45,0,0,1,2
0.39,0.178,0.45,0,0,1,2
0.39,0.181,0.45,0,0,1,2
0.39,0.184,0.45,0,0,1,2
0.39,0.187,0.45,0,0,1,2
0.39,0.19,0.45,0,0,1,2
0.39,0.193,0.45,0,0,1,2
0.39,0.196,0.45,0,0,1,2
0.39,0.199,0.45,0,0,1,2
0.39,0.202,0.45,0,0,1,2
0.39,0.205,0.45,0,0,1,2
0.39,0.208,0.45,0,0,1,2
0.39,0.211,0.45,0,0,1,2
0.39,0.214,0.45,0,0,1,2
0.39,0.217,0.45,0,0,1,2
0.39,0.22,0.45,0,0,1,2
0.39,0.223,0.45,0,0,1,2
0.39,0.226,0.45,0,0,1,2
0.39,0.229,0.45,0,0,1,2
0.39,0.232,0.45,0,0,1,2
0.39,0.235,0.45,0,0,1,2
0.39,0.238,0.45,0,0,1,2
0.39,0.241,0.45,0,0,1,2
0.39,0.244,0.45,0,0,1,2
0.39,0.247,0.45,0,0,1,2
0.39,0.25,0.45,0,0,1,2
0.39,0.253,0.45,0,0,1,2
0.39,0.256,0.45,0,0,1,2
0.39,0.259,0.45,0,0,1,2
0.393,0.1,0.45,0,0,1,2
0.393,0.103,0.45,0,0,1,2
0.393,0.106,0.45,0,0,1,2
0.393,0.109,0.45,0,0,1,2
0.393,0.112,0.45,0,0,1,2
0.393,0.115,0.45,0,0,1,2
0.393,0.118,0.45,0,0,1,2
0.393,0.121,0.45,0,0,1,2
0.393,0.124,0.45,0,0,1,2
0.393,0.127,0.45,0,0,1,2
0.393,0.13,0.45,0,0,1,2
0.393,0.133,0.45,0,0,1,2
0.393,0.136,0.45,0,0,1,2
0.393,0.139,0.45,0,0,1,2
0.393,0.142,0.45,0,0,1,2
0.393,0.145,0.45,0,0,1,2
0.393,0.148,0.45,0,0,1,2
0.393,0.151,0.45,0,0,1,2
0.393,0.154,0.45,0,0,1,2
0.393,0.157,0.45,0,0,1,2
0.393,0.16,0.45,0,0,1,2
0.393,0.163,0.45,0,0,1,2
0.393,0.166,0.45,0,0,1,2
0.393,0.169,0.45,0,0,1,2
0.393,0.172,0.45,0,0,1,2
0.393,0.175,0.45,0,0,1,2
0.393,0.178,0.45,0,0,1,2
0.393,0.181,0.45,0,0,1,2
0.393,0.184,0.45,0,0,1,2
0.393,0.187,0.45,0,0,1,2
0.393,0.19,0.45,0,0,1,2
0.393,0.193,0.45,0,0,1,2
0.393,0.196,0.45,0,0,1,2
0.393,0.199,0.45,0,0,1,2
0.393,0.202,0.45,0,0,1,2
0.393,0.205,0.45,0,0,1,2
0.393,0.208,0.45,0,0,1,2
0.393,0.211,0.45,0,0,1,2
0.393,0.214,0.45,0,0,1,2
0.393,0.217,0.45,0,0,1,2
0.393,0.22,0.45,0,0,1,2
0.393,0.223,0.45,0,0,1,2
0.393,0.226,0.45,0,0,1,2
0.393,0.229,0.45,0,0,1,2
0.393,0.232,0.45,0,0,1,2
0.393,0.235,0.45,0,0,1,2
0.393,0.238,0.45,0,0,1,2
0.393,0.241,0.45,0,0,1,2
0.393,0.244,0.45,0,0,1,2
0.393,0.247,0.45,0,0,1,2
0.393,0.25,0.45,0,0,1,2
0.393,0.253,0.45,0,0,1,2
0.393,0.256,0.45,0,0,1,2
0.393,0.259,0.45,0,0,1,2
0.396,0.1,0.45,0,0,1,2
0.396,0.103,0.45,0,0,1,2
0.396,0.106,0.45,0,0,1,2
0.396,0.109,0.45,0,0,1,2
0.396,0.112,0.45,0,0,1,2
0.396,0.115,0.45,0,0,1,2
0.396,0.118,0.45,0,0,1,2
0.396,0.121,0.45,0,0,1,2
0.396,0.124,0.45,0,0,1,2
0.396,0.127,0.45,0,0,1,2
0.396,0.13,0.45,0,0,1,2
0.396,0.133,0.45,0,0,1,2
0.396,0.136,0.45,0,0,1,2
0.396,0.139,0.45,0,0,1,2
0.396,0.142,0.45,0,0,1,2
0.396,0.145,0.45,0,0,1,2
0.396,0.148,0.45,0,0,1,2
0.396,0.151,0.45,0,0,1,2
0.396,0.154,0.45,0,0,1,2
0.396,0.157,0.45,0,0,1,2
0.396,0.16,0.45,0,0,1,2
0.396,0.163,0.45,0,0,1,2
0.396,0.166,0.45,0,0,1,2
0.396,0.169,0.45,0,0,1,2
0.396,0.172,0.45,0,0,1,2
0.396,0.175,0.45,0,0,1,2
0.396,0.178,0.45,0,0,1,2
0.396,0.181,0.45,0,0,1,2
0.396,0.184,0.45,0,0,1,2
0.396,0.187,0.45,0,0,1,2
0.396,0.19,0.45,0,0,1,2
0.396,0.193,0.45,0,0,1,2
0.396,0.196,0.45,0,0,1,2
0.396,0.199,0.45,0,0,1,2
0.396,0.202,0.45,0,0,1,2
0.396,0.205,0.45,0,0,1,2
0.396,0.208,0.45,0,0,1,2
0.396,0.211,0.45,0,0,1,2
0.396,0.214,0.45,0,0,1,2
0.396,0.217,0.45,0,0,1,2
0.396,0.22,0.45,0,0,1,2
0.396,0.223,0.45,0,0,1,2
0.396,0.226,0.45,0,0,1,2
0.396,0.229,0.45,0,0,1,2
0.396,0.232,0.45,0,0,1,2
0.396,0.235,0.45,0,0,1,2
0.396,0.238,0.45,0,0,1,2
0.396,0.241,0.45,0,0,1,2
0.396,0.244,0.45,0,0,1,2
0.396,0.247,0.45,0,0,1,2
0.396,0.25,0.45,0,0,1,2
0.396,0.253,0.45,0,0,1,2
0.396,0.256,0.45,0,0,1,2
0.396,0.259,0.45,0,0,1,2
0.399,0.1,0.45,0,0,1,2
0.399,0.103,0.45,0,0,1,2
0.399,0.106,0.45,0,0,1,2
0.399,0.109,0.45,0,0,1,2
0.399,0.112,0.45,0,0,1,2
0.399,0.115,0.45,0,0,1,2
0.399,0.118,0.45,0,0,1,2
0.399,0.121,0.45,0,0,1,2
0.399,0.124,0.45,0,0,1,2
0.399,0.127,0.45,0,0,1,2
0.399,0.13,0.45,0,0,1,2
0.399,0.133,0.45,0,0,1,2
0.399,0.136,0.45,0,0,1,2
0.399,0.139,0.45,0,0,1,2
0.399,0.142,0.45,0,0,1,2
0.399,0.145,0.45,0,0,1,2
0.399,0.148,0.45,0,0,1,2
0.399,0.151,0.45,0,0,1,2
0.399,0.154,0.45,0,0,1,2
0.399,0.157,0.45,0,0,1,2
0.399,0.16,0.45,0,0,1,2
0.399,0.163,0.45,0,0,1,2
0.399,0.166,0.45,0,0,1,2
0.399,0.169,0.45,0,0,1,2
0.399,0.172,0.45,0,0,1,2
0.399,0.175,0.45,0,0,1,2
0.399,0.178,0.45,0,0,1,2
0.399,0.181,0.45,0,0,1,2
0.399,0.184,0.45,0,0,1,2
0.399,0.187,0.45,0,0,1,2
0.399,0.19,0.45,0,0,1,2
0.399,0.193,0.45,0,0,1,2
0.399,0.196,0.45,0,0,1,2
0.399,0.199,0.45,0,0,1,2
0.399,0.202,0.45,0,0,1,2
0.399,0.205,0.45,0,0,1,2
0.399,0.208,0.45,0,0,1,2
0.399,0.211,0.45,0,0,1,2
0.399,0.214,0.45,0,0,1,2
0.399,0.217,0.45,0,0,1,2
0.399,0.22,0.45,0,0,1,2
0.399,0.223,0.45,0,0,1,2
0.399,0.226,0.45,0,0,1,2
0.399,0.229,0.45,0,0,1,2
0.399,0.232,0.45,0,0,1,2
0.399,0.235,0.45,0,0,1,2
0.399,0.238,0.45,0,0,1,2
0.399,0.241,0.45,0,0,1,2
0.399,0.244,0.45,0,0,1,2
0.399,0.247,0.45,0,0,1,2
0.399,0.25,0.45,0,0,1,2
0.399,0.253,0.45,0,0,1,2
0.399,0.256,0.45,0,0,1,2
0.399,0.259,0.45,0,0,1,2
0.402,0.1,0.45,0,0,1,2
0.402,0.103,0.45,0,0,1,2
0.402,0.106,0.45,0,0,1,2
0.402,0.109,0.45,0,0,1,2
0.402,0.112,0.45,0,0,1,2
0.402,0.115,0.45,0,0,1,2
0.402,0.118,0.45,0,0,1,2
0.402,0.121,0.45,0,0,1,2
0.402,0.124,0.45,0,0,1,2
0.402,0.127,0.45,0,0,1,2
0.402,0.13,0.45,0,0,1,2
0.402,0.133,0.45,0,0,1,2
0.402,0.136,0.45,0,0,1,2
0.402,0.139,0.45,0,0,1,2
0.402,0.142,0.45,0,0,1,2
0.402,0.145,0.45,0,0,1,2
0.402,0.148,0.45,0,0,1,2
0.402,0.151,0.45,0,0,1,2
0.402,0.154,0.45,0,0,1,2
0.402,0.157,0.45,0,0,1,2
0.402,0.16,0.45,0,0,1,2
0.402,0.163,0.45,0,0,1,2
0.402,0.166,0.45,0,0,1,2
0.402,0.169,0.45,0,0,1,2
0.402,0.172,0.45,0,0,1,2
0.402,0.175,0.45,0,0,1,2
0.402,0.178,0.45,0,0,1,2
0.402,0.181,0.45,0,0,1,2
0.402,0.184,0.45,0,0,1,2
0.402,0.187,0.45,0,0,1,2
0.402,0.19,0.45,0,0,1,2
0.402,0.193,0.45,0,0,1,2
0.402,0.196,0.45,0,0,1,2
0.402,0.199,0.45,0,0,1,2
0.402,0.202,0.45,0,0,1,2
0.402,0.205,0.45,0,0,1,2
0.402,0.208,0.45,0,0,1,2
0.402,0.211,0.45,0,0,1,2
0.402,0.214,0.45,0,0,1,2
0.402,0.217,0.45,0,0,1,2
0.402,0.22,0.45,0,0,1,2
0.402,0.223,0.45,0,0,1,2
0.402,0.226,0.45,0,0,1,2
0.402,0.229,0.45,0,0,1,2
0.402,0.232,0.45,0,0,1,2
0.402,0.235,0.45,0,0,1,2
0.402,0.238,0.45,0,0,1,2
0.402,0.241,0.45,0,0,1,2
0.402,0.244,0.45,0,0,1,2
0.402,0.247,0.45,0,0,1,2
0.402,0.25,0.45,0,0,1,2
0.402,0.253,0.45,0,0,1,2
0.402,0.256,0.45,0,0,1,2
0.402,0.259,0.45,0,0,1,2
0.405,0.1,0.45,0,0,1,2
0.405,0.103,0.45,0,0,1,2
0.405,0.106,0.45,0,0,1,2
0.405,0.109,0.45,0,0,1,2
0.405,0.112,0.45,0,0,1,2
0.405,0.115,0.45,0,0,1,2
0.405,0.118,0.45,0,0,1,2
0.405,0.121,0.45,0,0,1,2
0.405,0.124,0.45,0,0,1,2
0.405,0.127,0.45,0,0,1,2
0.405,0.13,0.45,0,0,1,2
0.405,0.133,0.45,0,0,1,2
0.405,0.136,0.45,0,0,1,2
0.405,0.139,0.45,0,0,1,2
0.405,0.142,0.45,0,0,1,2
0.405,0.145,0.45,0,0,1,2
0.405,0.148,0.45,0,0,1,2
0.405,0.151,0.45,0,0,1,2
0.405,0.154,0.45,0,0,1,2
0.405,0.157,0.45,0,0,1,2
0.405,0.16,0.45,0,0,1,2
0.405,0.163,0.45,0,0,1,2
0.405,0.166,0.45,0,0,1,2
0.405,0.169,0.45,0,0,1,2
0.405,0.172,0.45,0,0,1,2
0.405,0.175,0.45,0,0,1,2
0.405,0.178,0.45,0,0,1,2
0.405,0.181,0.45,0,0,1,2
0.405,0.184,0.45,0,0,1,2
0.405,0.187,0.45,0,0,1,2
0.405,0.19,0.45,0,0,1,2
0.405,0.193,0.45,0,0,1,2
0.405,0.196,0.45,0,0,1,2
0.405,0.199,0.45,0,0,1,2
0.405,0.202,0.45,0,0,1,2
0.405,0.205,0.45,0,0,1,2
0.405,0.208,0.45,0,0,1,2
0.405,0.211,0.45,0,0,1,2
0.405,0.214,0.45,0,0,1,2
0.405,0.217,0.45,0,0,1,2
0.405,0.22,0.45,0,0,1,2
0.405,0.223,0.45,0,0,1,2
0.405,0.226,0.45,0,0,1,2
0.405,0.229,0.45,0,0,1,2
0.405,0.232,0.45,0,0,1,2
0.405,0.235,0.45,0,0,1,2
0.405,0.238,0.45,0,0,1,2
0.405,0.241,0.45,0,0,1,2
0.405,0.244,0.45,0,0,1,2
0.405,0.247,0.45,0,0,1,2
0.405,0.25,0.45,0,0,1,2
0.405,0.253,0.45,0,0,1,2
0.405,0.256,0.45,0,0,1,2
0.405,0.259,0.45,0,0,1,2
0.408,0.1,0.45,0,0,1,2
0.408,0.103,0.45,0,0,1,2
0.408,0.106,0.45,0,0,1,2
0.408,0.109,0.45,0,0,1,2
0.408,0.112,0.45,0,0,1,2
0.408,0.115,0.45,0,0,1,2
0.408,0.118,0.45,0,0,1,2
0.408,0.121,0.45,0,0,1,2
0.408,0.124,0.45,0,0,1,2
0.408,0.127,0.45,0,0,1,2
0.408,0.13,0.45,0,0,1,2
0.408,0.133,0.45,0,0,1,2
0.408,0.136,0.45,0,0,1,2
0.408,0.139,0.45,0,0,1,2
0.408,0.142,0.45,0,0,1,2
0.408,0.145,0.45,0,0,1,2
0.408,0.148,0.45,0,0,1,2
0.408,0.151,0.45,0,0,1,2
0.408,0.154,0.45,0,0,1,2
0.408,0.157,0.45,0,0,1,2
0.408,0.16,0.45,0,0,1,2
0.408,0.163,0.45,0,0,1,2
0.408,0.166,0.45,0,0,1,2
0.408,0.169,0.45,0,0,1,2
0.408,0.172,0.45,0,0,1,2
0.408,0.175,0.45,0,0,1,2
0.408,0.178,0.45,0,0,1,2
0.408,0.181,0.45,0,0,1,2
0.408,0.184,0.45,0,0,1,2
0.408,0.187,0.45,0,0,1,2
0.408,0.19,0.45,0,0,1,2
0.408,0.193,0.45,0,0,1,2
0.408,0.196,0.45,0,0,1,2
0.408,0.199,0.45,0,0,1,2
0.408,0.202,0.45,0,0,1,2
0.408,0.205,0.45,0,0,1,2
0.408,0.208,0.45,0,0,1,2
0.408,0.211,0.45,0,0,1,2
0.408,0.214,0.45,0,0,1,2
0.408,0.217,0.45,0,0,1,2
0.408,0.22,0.45,0,0,1,2
0.408,0.223,0.45,0,0,1,2
0.408,0.226,0.45,0,0,1,2
0.408,0.229,0.45,0,0,1,2
0.408,0.232,0.45,0,0,1,2
0.408,0.235,0.45,0,0,1,2
0.408,0.238,0.45,0,0,1,2
0.408,0.241,0.45,0,0,1,2
0.408,0.244,0.45,0,0,1,2
0.408,0.247,0.45,0,0,1,2
0.408,0.25,0.45,0,0,1,2
0.408,0.253,0.45,0,0,1,2
0.408,0.256,0.45,0,0,1,2
0.408,0.259,0.45,0,0,1,2
0.411,0.1,0.45,0,0,1,2
0.411,0.103,0.45,0,0,1,2
0.411,0.106,0.45,0,0,1,2
0.411,0.109,0.45,0,0,1,2
0.411,0.112,0.45,0,0,1,2
0.411,0.115,0.45,0,0,1,2
0.411,0.118,0.45,0,0,1,2
0.411,0.121,0.45,0,0,1,2
0.411,0.124,0.45,0,0,1,2
0.411,0.127,0.45,0,0,1,2
0.411,0.13,0.45,0,0,1,2
0.411,0.133,0.45,0,0,1,2
0.411,0.136,0.45,0,0,1,2
0.411,0.139,0.45,0,0,1,2
0.411,0.142,0.45,0,0,1,2
0.411,0.145,0.45,0,0,1,2
0.411,0.148,0.45,0,0,1,2
0.411,0.151,0.45,0,0,1,2
0.411,0.154,0.45,0,0,1,2
0.411,0.157,0.45,0,0,1,2
0.411,0.16,0.45,0,0,1,2
0.411,0.163,0.45,0,0,1,2
0.411,0.166,0.45,0,0,1,2
0.411,0.169,0.45,0,0,1,2
0.411,0.172,0.45,0,0,1,2
0.411,0.175,0.45,0,0,1,2
0.411,0.178,0.45,0,0,1,2
0.411,0.181,0.45,0,0,1,2
0.411,0.184,0.45,0,0,1,2
0.411,0.187,0.45,0,0,1,2
0.411,0.19,0.45,0,0,1,2
0.411,0.193,0.45,0,0,1,2
0.411,0.196,0.45,0,0,1,2
0.411,0.199,0.45,0,0,1,2
0.411,0.202,0.45,0,0,1,2
0.411,0.205,0.45,0,0,1,2
0.411,0.208,0.45,0,0,1,2
0.411,0.211,0.45,0,0,1,2
0.411,0.214,0.45,0,0,1,2
0.411,0.217,0.45,0,0,1,2
0.411,0.22,0.45,0,0,1,2
0.411,0.223,0.45,0,0,1,2
0.411,0.226,0.45,0,0,1,2
0.411,0.229,0.45,0,0,1,2
0.411,0.232,0.45,0,0,1,2
0.411,0.235,0.45,0,0,1,2
0.411,0.238,0.45,0,0,1,2
0.411,0.241,0.45,0,0,1,2
0.411,0.244,0.45,0,0,1,2
0.411,0.247,0.45,0,0,1,2
0.411,0.25,0.45,0,0,1,2
0.411,0.253,0.45,0,0,1,2
0.411,0.256,0.45,0,0,1,2
0.411,0.259,0.45,0,0,1,2
0.414,0.1,0.45,0,0,1,2
0.414,0.103,0.45,0,0,1,2
0.414,0.106,0.45,0,0,1,2
0.414,0.109,0.45,0,0,1,2
0.414,0.112,0.45,0,0,1,2
0.414,0.115,0.45,0,0,1,2
0.414,0.118,0.45,0,0,1,2
0.414,0.121,0.45,0,0,1,2
0.414,0.124,0.45,0,0,1,2
0.414,0.127,0.45,0,0,1,2
0.414,0.13,0.45,0,0,1,2
0.414,0.133,0.45,0,0,1,2
0.414,0.136,0.45,0,0,1,2
0.414,0.139,0.45,0,0,1,2
0.414,0.142,0.45,0,0,1,2
0.414,0.145,0.45,0,0,1,2
0.414,0.148,0.45,0,0,1,2
0.414,0.151,0.45,0,0,1,2
0.414,0.154,0.45,0,0,1,2
0.414,0.157,0.45,0,0,1,2
0.414,0.16,0.45,0,0,1,2
0.414,0.163,0.45,0,0,1,2
0.414,0.166,0.45,0,0,1,2
0.414,0.169,0.45,0,0,1,2
0.414,0.172,0.45,0,0,1,2
0.414,0.175,0.45,0,0,1,2
0.414,0.178,0.45,0,0,1,2
0.414,0.181,0.45,0,0,1,2
0.414,0.184,0.45,0,0,1,2
0.414,0.187,0.45,0,0,1,2
0.414,0.19,0.45,0,0,1,2
0.414,0.193,0.45,0,0,1,2
0.414,0.196,0.45,0,0,1,2
0.414,0.199,0.45,0,0,1,2
0.414,0.202,0.45,0,0,1,2
0.414,0.205,0.45,0,0,1,2
0.414,0.208,0.45,0,0,1,2
0.414,0.211,0.45,0,0,1,2
0.414,0.214,0.45,0,0,1,2
0.414,0.217,0.45,0,0,1,2
0.414,0.22,0.45,0,0,1,2
0.414,0.223,0.45,0,0,1,2
0.414,0.226,0.45,0,0,1,2
0.414,0.229,0.45,0,0,1,2
0.414,0.232,0.45,0,0,1,2
0.414,0.235,0.45,0,0,1,2
0.414,0.238,0.45,0,0,1,2
0.414,0.241,0.45,0,0,1,2
0.414,0.244,0.45,0,0,1,2
0.414,0.247,0.45,0,0,1,2
0.414,0.25,0.45,0,0,1,2
0.414,0.253,0.45,0,0,1,2
0.414,0.256,0.45,0,0,1,2
0.414,0.259,0.45,0,0,1,2
0.417,0.1,0.45,0,0,1,2
0.417,0.103,0.45,0,0,1,2
0.417,0.106,0.45,0,0,1,2
0.417,0.109,0.45,0,0,1,2
0.417,0.112,0.45,0,0,1,2
0.417,0.115,0.45,0,0,1,2
0.417,0.118,0.45,0,0,1,2
0.417,0.121,0.45,0,0,1,2
0.417,0.124,0.45,0,0,1,2
0.417,0.127,0.45,0,0,1,2
0.417,0.13,0.45,0,0,1,2
0.417,0.133,0.45,0,0,1,2
0.417,0.136,0.45,0,0,1,2
0.417,0.139,0.45,0,0,1,2
0.417,0.142,0.45,0,0,1,2
0.417,0.145,0.45,0,0,1,2
0.417,0.148,0.45,0,0,1,2
0.417,0.151,0.45,0,0,1,2
0.417,0.154,0.45,0,0,1,2
0.417,0.157,0.45,0,0,1,2
0.417,0.16,0.45,0,0,1,2
0.417,0.163,0.45,0,0,1,2
0.417,0.166,0.45,0,0,1,2
0.417,0.169,0.45,0,0,1,2
0.417,0.172,0.45,0,0,1,2
0.417,0.175,0.45,0,0,1,2
0.417,0.178,0.45,0,0,1,2
0.417,0.181,0.45,0,0,1,2
0.417,0.184,0.45,0,0,1,2
0.417,0.187,0.45,0,0,1,2
0.417,0.19,0.45,0,0,1,2
0.417,0.193,0.45,0,0,1,2
0.417,0.196,0.45,0,0,1,2
0.417,0.199,0.45,0,0,1,2
0.417,0.202,0.45,0,0,1,2
0.417,0.205,0.45,0,0,1,2
0.417,0.208,0.45,0,0,1,2
0.417,0.211,0.45,0,0,1,2
0.417,0.214,0.45,0,0,1,2
0.417,0.217,0.45,0,0,1,2
0.417,0.22,0.45,0,0,1,2
0.417,0.223,0.45,0,0,1,2
0.417,0.226,0.45,0,0,1,2
0.417,0.229,0.45,0,0,1,2
0.417,0.232,0.45,0,0,1,2
0.417,0.235,0.45,0,0,1,2
0.417,0.238,0.45,0,0,1,2
0.417,0.241,0.45,0,0,1,2
0.417,0.244,0.45,0,0,1,2
0.417,0.247,0.45,0,0,1,2
0.417,0.25,0.45,0,0,1,2
0.417,0.253,0.45,0,0,1,2
0.417,0.256,0.45,0,0,1,2
0.417,0.259,0.45,0,0,1,2
0.42,0.1,0.45,0,0,1,2
0.42,0.103,0.45,0,0,1,2
0.42,0.106,0.45,0,0,1,2
0.42,0.109,0.45,0,0,1,2
0.42,0.112,0.45,0,0,1,2
0.42,0.115,0.45,0,0,1,2
0.42,0.118,0.45,0,0,1,2
0.42,0.121,0.45,0,0,1,2
0.42,0.124,0.45,0,0,1,2
0.42,0.127,0.45,0,0,1,2
0.42,0.13,0.45,0,0,1,2
0.42,0.133,0.45,0,0,1,2
0.42,0.136,0.45,0,0,1,2
0.42,0.139,0.45,0,0,1,2
0.42,0.142,0.45,0,0,1,2
0.42,0.145,0.45,0,0,1,2
0.42,0.148,0.45,0,0,1,2
0.42,0.151,0.45,0,0,1,2
0.42,0.154,0.45,0,0,1,2
0.42,0.157,0.45,0,0,1,2
0.42,0.16,0.45,0,0,1,2
0.42,0.163,0.45,0,0,1,2
0.42,0.166,0.45,0,0,1,2
0.42,0.169,0.45,0,0,1,2
0.42,0.172,0.45,0,0,1,2
0.42,0.175,0.45,0,0,1,2
0.42,0.178,0.45,0,0,1,2
0.42,0.181,0.45,0,0,1,2
0.42,0.184,0.45,0,0,1,2
0.42,0.187,0.45,0,0,1,2
0.42,0.19,0.45,0,0,1,2
0.42,0.193,0.45,0,0,1,2
0.42,0.196,0.45,0,0,1,2
0.42,0.199,0.45,0,0,1,2
0.42,0.202,0.45,0,0,1,2
0.42,0.205,0.45,0,0,1,2
0.42,0.208,0.45,0,0,1,2
0.42,0.211,0.45,0,0,1,2
0.42,0.214,0.45,0,0,1,2
0.42,0.217,0.45,0,0,1,2
0.42,0.22,0.45,0,0,1,2
0.42,0.223,0.45,0,0,1,2
0.42,0.226,0.45,0,0,1,2
0.42,0.229,0.45,0,0,1,2
0.42,0.232,0.45,0,0,1,2
0.42,0.235,0.45,0,0,1,2
0.42,0.238,0.45,0,0,1,2
0.42,0.241,0.45,0,0,1,2
0.42,0.244,0.45,0,0,1,2
0.42,0.247,0.45,0,0,1,2
0.42,0.25,0.45,0,0,1,2
0.42,0.253,0.45,0,0,1,2
0.42,0.256,0.45,0,0,1,2
0.42,0.259,0.45,0,0,1,2
0.423,0.1,0.45,0,0,1,2
0.423,0.103,0.45,0,0,1,2
0.423,0.106,0.45,0,0,1,2
0.423,0.109,0.45,0,0,1,2
0.423,0.112,0.45,0,0,1,2
0.423,0.115,0.45,0,0,1,2
0.423,0.118,0.45,0,0,1,2
0.423,0.121,0.45,0,0,1,2
0.423,0.124,0.45,0,0,1,2
0.423,0.127,0.45,0,0,1,2
0.423,0.13,0.45,0,0,1,2
0.423,0.133,0.45,0,0,1,2
0.423,0.136,0.45,0,0,1,2
0.423,0.139,0.45,0,0,1,2
0.423,0.142,0.45,0,0,1,2
0.423,0.145,0.45,0,0,1,2
0.423,0.148,0.45,0,0,1,2
0.423,0.151,0.45,0,0,1,2
0.423,0.154,0.45,0,0,1,2
0.423,0.157,0.45,0,0,1,2
0.423,0.16,0.45,0,0,1,2
0.423,0.163,0.45,0,0,1,2
0.423,0.166,0.45,0,0,1,2
0.423,0.169,0.45,0,0,1,2
0.423,0.172,0.45,0,0,1,2
0.423,0.175,0.45,0,0,1,2
0.423,0.178,0.45,0,0,1,2
0.423,0.181,0.45,0,0,1,2
0.423,0.184,0.45,0,0,1,2
0.423,0.187,0.45,0,0,1,2
0.423,0.19,0.45,0,0,1,2
0.423,0.193,0.45,0,0,1,2
0.423,0.196,0.45,0,0,1,2
0.423,0.199,0.45,0,0,1,2
0.423,0.202,0.45,0,0,1,2
0.423,0.205,0.45,0,0,1,2
0.423,0.208,0.45,0,0,1,2
0.423,0.211,0.45,0,0,1,2
0.423,0.214,0.45,0,0,1,2
0.423,0.217,0.45,0,0,1,2
0.423,0.22,0.45,0,0,1,2
0.423,0.223,0.45,0,0,1,2
0.423,0.226,0.45,0,0,1,2
0.423,0.229,0.45,0,0,1,2
0.423,0.232,0.45,0,0,1,2
0.423,0.235,0.45,0,0,1,2
0.423,0.238,0.45,0,0,1,2
0.423,0.241,0.45,0,0,1,2
0.423,0.244,0.45,0,0,1,2
0.423,0.247,0.45,0,0,1,2
0.423,0.25,0.45,0,0,1,2
0.423,0.253,0.45,0,0,1,2
0.423,0.256,0.45,0,0,1,2
0.423,0.259,0.45,0,0,1,2
0.426,0.1,0.45,0,0,1,2
0.426,0.103,0.45,0,0,1,2
0.426,0.106,0.45,0,0,1,2
0.426,0.109,0.45,0,0,1,2
0.426,0.112,0.45,0,0,1,2
0.426,0.115,0.45,0,0,1,2
0.426,0.118,0.45,0,0,1,2
0.426,0.121,0.45,0,0,1,2
0.426,0.124,0.45,0,0,1,2
0.426,0.127,0.45,0,0,1,2
0.426,0.13,0.45,0,0,1,2
0.426,0.133,0.45,0,0,1,2
0.426,0.136,0.45,0,0,1,2
0.426,0.139,0.45,0,0,1,2
0.426,0.142,0.45,0,0,1,2
0.426,0.145,0.45,0,0,1,2
0.426,0.148,0.45,0,0,1,2
0.426,0.151,0.45,0,0,1,2
0.426,0.154,0.45,0,0,1,2
0.426,0.157,0.45,0,0,1,2
0.426,0.16,0.45,0,0,1,2
0.426,0.163,0.45,0,0,1,2
0.426,0.166,0.45,0,0,1,2
0.426,0.169,0.45,0,0,1,2
0.426,0.172,0.45,0,0,1,2
0.426,0.175,0.45,0,0,1,2
0.426,0.178,0.45,0,0,1,2
0.426,0.181,0.45,0,0,1,2
0.426,0.184,0.45,0,0,1,2
0.426,0.187,0.45,0,0,1,2
0.426,0.19,0.45,0,0,1,2
0.426,0.193,0.45,0,0,1,2
0.426,0.196,0.45,0,0,1,2
0.426,0.199,0.45,0,0,1,2
0.426,0.202,0.45,0,0,1,2
0.426,0.205,0.45,0,0,1,2
0.426,0.208,0.45,0,0,1,2
0.426,0.211,0.45,0,0,1,2
0.426,0.214,0.45,0,0,1,2
0.426,0.217,0.45,0,0,1,2
0.426,0.22,0.45,0,0,1,2
0.426,0.223,0.45,0,0,1,2
0.426,0.226,0.45,0,0,1,2
0.426,0.229,0.45,0,0,1,2
0.426,0.232,0.45,0,0,1,2
0.426,0.235,0.45,0,0,1,2
0.426,0.238,0.45,0,0,1,2
0.426,0.241,0.45,0,0,1,2
0.426,0.244,0.45,0,0,1,2
0.426,0.247,0.45,0,0,1,2
0.426,0.25,0.45,0,0,1,2
0.426,0.253,0.45,0,0,1,2
0.426,0.256,0.45,0,0,1,2
0.426,0.259,0.45,0,0,1,2
0.429,0.1,0.45,0,0,1,2
0.429,0.103,0.45,0,0,1,2
0.429,0.106,0.45,0,0,1,2
0.429,0.109,0.45,0,0,1,2
0.429,0.112,0.45,0,0,1,2
0.429,0.115,0.45,0,0,1,2
0.429,0.118,0.45,0,0,1,2
0.429,0.121,0.45,0,0,1,2
0.429,0.124,0.45,0,0,1,2
0.429,0.127,0.45,0,0,1,2
0.429,0.13,0.45,0,0,1,2
0.429,0.133,0.45,0,0,1,2
0.429,0.136,0.45,0,0,1,2
0.429,0.139,0.45,0,0,1,2
0.429,0.142,0.45,0,0,1,2
0.429,0.145,0.45,0,0,1,2
0.429,0.148,0.45,0,0,1,2
0.429,0.151,0.45,0,0,1,2
0.429,0.154,0.45,0,0,1,2
0.429,0.157,0.45,0,0,1,2
0.429,0.16,0.45,0,0,1,2
0.429,0.163,0.45,0,0,1,2
0.429,0.166,0.45,0,0,1,2
0.429,0.169,0.45,0,0,1,2
0.429,0.172,0.45,0,0,1,2
0.429,0.175,0.45,0,0,1,2
0.429,0.178,0.45,0,0,1,2
0.429,0.181,0.45,0,0,1,2
0.429,0.184,0.45,0,0,1,2
0.429,0.187,0.45,0,0,1,2
0.429,0.19,0.45,0,0,1,2
0.429,0.193,0.45,0,0,1,2
0.429,0.196,0.45,0,0,1,2
0.429,0.199,0.45,0,0,1,2
0.429,0.202,0.45,0,0,1,2
0.429,0.205,0.45,0,0,1,2
0.429,0.208,0.45,0,0,1,2
0.429,0.211,0.45,0,0,1,2
0.429,0.214,0.45,0,0,1,2
0.429,0.217,0.45,0,0,1,2
0.429,0.22,0.45,0,0,1,2
0.429,0.223,0.45,0,0,1,2
0.429,0.226,0.45,0,0,1,2
0.429,0.229,0.45,0,0,1,2
0.429,0.232,0.45,0,0,1,2
0.429,0.235,0.45,0,0,1,2
0.429,0.238,0.45,0,0,1,2
0.429,0.241,0.45,0,0,1,2
0.429,0.244,0.45,0,0,1,2
0.429,0.247,0.45,0,0,1,2
0.429,0.25,0.45,0,0,1,2
0.429,0.253,0.45,0,0,1,2
0.429,0.256,0.45,0,0,1,2
0.429,0.259,0.45,0,0,1,2
0.432,0.1,0.45,0,0,1,2
0.432,0.103,0.45,0,0,1,2
0.432,0.106,0.45,0,0,1,2
0.432,0.109,0.45,0,0,1,2
0.432,0.112,0.45,0,0,1,2
0.432,0.115,0.45,0,0,1,2
0.432,0.118,0.45,0,0,1,2
0.432,0.121,0.45,0,0,1,2
0.432,0.124,0.45,0,0,1,2
0.432,0.127,0.45,0,0,1,2
0.432,0.13,0.45,0,0,1,2
0.432,0.133,0.45,0,0,1,2
0.432,0.136,0.45,0,0,1,2
0.432,0.139,0.45,0,0,1,2
0.432,0.142,0.45,0,0,1,2
0.432,0.145,0.45,0,0,1,2
0.432,0.148,0.45,0,0,1,2
0.432,0.151,0.45,0,0,1,2
0.432,0.154,0.45,0,0,1,2
0.432,0.157,0.45,0,0,1,2
0.432,0.16,0.45,0,0,1,2
0.432,0.163,0.45,0,0,1,2
0.432,0.166,0.45,0,0,1,2
0.432,0.169,0.45,0,0,1,2
0.432,0.172,0.45,0,0,1,2
0.432,0.175,0.45,0,0,1,2
0.432,0.178,0.45,0,0,1,2
0.432,0.181,0.45,0,0,1,2
0.432,0.184,0.45,0,0,1,2
0.432,0.187,0.45,0,0,1,2
0.432,0.19,0.45,0,0,1,2
0.432,0.193,0.45,0,0,1,2
0.432,0.196,0.45,0,0,1,2
0.432,0.199,0.45,0,0,1,2
0.432,0.202,0.45,0,0,1,2
0.432,0.205,0.45,0,0,1,2
0.432,0.208,0.45,0,0,1,2
0.432,0.211,0.45,0,0,1,2
0.432,0.214,0.45,0,0,1,2
0.432,0.217,0.45,0,0,1,2
0.432,0.22,0.45,0,0,1,2
0.432,0.223,0.45,0,0,1,2
0.432,0.226,0.45,0,0,1,2
0.432,0.229,0.45,0,0,1,2
0.432,0.232,0.45,0,0,1,2
0.432,0.235,0.45,0,0,1,2
0.432,0.238,0.45,0,0,1,2
0.432,0.241,0.45,0,0,1,2
0.432,0.244,0.45,0,0,1,2
0.432,0.247,0.45,0,0,1,2
0.432,0.25,0.45,0,0,1,2
0.432,0.253,0.45,0,0,1,2
0.432,0.256,0.45,0,0,1,2
0.432,0.259,0.45,0,0,1,2
0.435,0.1,0.45,0,0,1,2
0.435,0.103,0.45,0,0,1,2
0.435,0.106,0.45,0,0,1,2
0.435,0.109,0.45,0,0,1,2
0.435,0.112,0.45,0,0,1,2
0.435,0.115,0.45,0,0,1,2
0.435,0.118,0.45,0,0,1,2
0.435,0.121,0.45,0,0,1,2
0.435,0.124,0.45,0,0,1,2
0.435,0.127,0.45,0,0,1,2
0.435,0.13,0.45,0,0,1,2
0.435,0.133,0.45,0,0,1,2
0.435,0.136,0.45,0,0,1,2
0.435,0.139,0.45,0,0,1,2
0.435,0.142,0.45,0,0,1,2
0.435,0.145,0.45,0,0,1,2
0.435,0.148,0.45,0,0,1,2
0.435,0.151,0.45,0,0,1,2
0.435,0.154,0.45,0,0,1,2
0.435,0.157,0.45,0,0,1,2
0.435,0.16,0.45,0,0,1,2
0.435,0.163,0.45,0,0,1,2
0.435,0.166,0.45,0,0,1,2
0.435,0.169,0.45,0,0,1,2
0.435,0.172,0.45,0,0,1,2
0.435,0.175,0.45,0,0,1,2
0.435,0.178,0.45,0,0,1,2
0.435,0.181,0.45,0,0,1,2
0.435,0.184,0.45,0,0,1,2
0.435,0.187,0.45,0,0,1,2
0.435,0.19,0.45,0,0,1,2
0.435,0.193,0.45,0,0,1,2
0.435,0.196,0.45,0,0,1,2
0.435,0.199,0.45,0,0,1,2
0.435,0.202,0.45,0,0,1,2
0.435,0.205,0.45,0,0,1,2
0.435,0.208,0.45,0,0,1,2
0.435,0.211,0.45,0,0,1,2
0.435,0.214,0.45,0,0,1,2
0.435,0.217,0.45,0,0,1,2
0.435,0.22,0.45,0,0,1,2
0.435,0.223,0.45,0,0,1,2
0.435,0.226,0.45,0,0,1,2
0.435,0.229,0.45,0,0,1,2
0.435,0.232,0.45,0,0,1,2
0.435,0.235,0.45,0,0,1,2
0.435,0.238,0.45,0,0,1,2
0.435,0.241,0.45,0,0,1,2
0.435,0.244,0.45,0,0,1,2
0.435,0.247,0.45,0,0,1,2
0.435,0.25,0.45,0,0,1,2
0.435,0.253,0.45,0,0,1,2
0.435,0.256,0.45,0,0,1,2
0.435,0.259,0.45,0,0,1,2
0.438,0.1,0.45,0,0,1,2
0.438,0.103,0.45,0,0,1,2
0.438,0.106,0.45,0,0,1,2
0.438,0.109,0.45,0,0,1,2
0.438,0.112,0.45,0,0,1,2
0.438,0.115,0.45,0,0,1,2
0.438,0.118,0.45,0,0,1,2
0.438,0.121,0.45,0,0,1,2
0.438,0.124,0.45,0,0,1,2
0.438,0.127,0.45,0,0,1,2
0.438,0.13,0.45,0,0,1,2
0.438,0.133,0.45,0,0,1,2
0.438,0.136,0.45,0,0,1,2
0.438,0.139,0.45,0,0,1,2
0.438,0.142,0.45,0,0,1,2
0.438,0.145,0.45,0,0,1,2
0.438,0.148,0.45,0,0,1,2
0.438,0.151,0.45,0,0,1,2
0.438,0.154,0.45,0,0,1,2
0.438,0.157,0.45,0,0,1,2
0.438,0.16,0.45,0,0,1,2
0.438,0.163,0.45,0,0,1,2
0.438,0.166,0.45,0,0,1,2
0.438,0.169,0.45,0,0,1,2
0.438,0.172,0.45,0,0,1,2
0.438,0.175,0.45,0,0,1,2
0.438,0.178,0.45,0,0,1,2
0.438,0.181,0.45,0,0,1,2
0.438,0.184,0.45,0,0,1,2
0.438,0.187,0.45,0,0,1,2
0.438,0.19,0.45,0,0,1,2
0.438,0.193,0.45,0,0,1,2
0.438,0.196,0.45,0,0,1,2
0.438,0.199,0.45,0,0,1,2
0.438,0.202,0.45,0,0,1,2
0.438,0.205,0.45,0,0,1,2
0.438,0.208,0.45,0,0,1,2
0.438,0.211,0.45,0,0,1,2
0.438,0.214,0.45,0,0,1,2
0.438,0.217,0.45,0,0,1,2
0.438,0.22,0.45,0,0,1,2
0.438,0.223,0.45,0,0,1,2
0.438,0.226,0.45,0,0,1,2
0.438,0.229,0.45,0,0,1,2
0.438,0.232,0.45,0,0,1,2
0.438,0.235,0.45,0,0,1,2
0.438,0.238,0.45,0,0,1,2
0.438,0.241,0.45,0,0,1,2
0.438,0.244,0.45,0,0,1,2
0.438,0.247,0.45,0,0,1,2
0.438,0.25,0.45,0,0,1,2
0.438,0.253,0.45,0,0,1,2
0.438,0.256,0.45,0,0,1,2
0.438,0.259,0.45,0,0,1,2
0.441,0.1,0.45,0,0,1,2
0.441,0.103,0.45,0,0,1,2
0.441,0.106,0.45,0,0,1,2
0.441,0.109,0.45,0,0,1,2
0.441,0.112,0.45,0,0,1,2
0.441,0.115,0.45,0,0,1,2
0.441,0.118,0.45,0,0,1,2
0.441,0.121,0.45,0,0,1,2
0.441,0.124,0.45,0,0,1,2
0.441,0.127,0.45,0,0,1,2
0.441,0.13,0.45,0,0,1,2
0.441,0.133,0.45,0,0,1,2
0.441,0.136,0.45,0,0,1,2
0.441,0.139,0.45,0,0,1,2
0.441,0.142,0.45,0,0,1,2
0.441,0.145,0.45,0,0,1,2
0.441,0.148,0.45,0,0,1,2
0.441,0.151,0.45,0,0,1,2
0.441,0.154,0.45,0,0,1,2
0.441,0.157,0.45,0,0,1,2
0.441,0.16,0.45,0,0,1,2
0.441,0.163,0.45,0,0,1,2
0.441,0.166,0.45,0,0,1,2
0.441,0.169,0.45,0,0,1,2
0.441,0.172,0.45,0,0,1,2
0.441,0.175,0.45,0,0,1,2
0.441,0.178,0.45,0,0,1,2
0.441,0.181,0.45,0,0,1,2
0.441,0.184,0.45,0,0,1,2
0.441,0.187,0.45,0,0,1,2
0.441,0.19,0.45,0,0,1,2
0.441,0.193,0.45,0,0,1,2
0.441,0.196,0.45,0,0,1,2
0.441,0.199,0.45,0,0,1,2
0.441,0.202,0.45,0,0,1,2
0.441,0.205,0.45,0,0,1,2
0.441,0.208,0.45,0,0,1,2
0.441,0.211,0.45,0,0,1,2
0.441,0.214,0.45,0,0,1,2
0.441,0.217,0.45,0,0,1,2
0.441,0.22,0.45,0,0,1,2
0.441,0.223,0.45,0,0,1,2
0.441,0.226,0.45,0,0,1,2
0.441,0.229,0.45,0,0,1,2
0.441,0.232,0.45,0,0,1,2
0.441,0.235,0.45,0,0,1,2
0.441,0.238,0.45,0,0,1,2
0.441,0.241,0.45,0,0,1,2
0.441,0.244,0.45,0,0,1,2
0.441,0.247,0.45,0,0,1,2
0.441,0.25,0.45,0,0,1,2
0.441,0.253,0.45,0,0,1,2
0.441,0.256,0.45,0,0,1,2
0.441,0.259,0.45,0,0,1,2
0.444,0.1,0.45,0,0,1,2
0.444,0.103,0.45,0,0,1,2
0.444,0.106,0.45,0,0,1,2
0.444,0.109,0.45,0,0,1,2
0.444,0.112,0.45,0,0,1,2
0.444,0.115,0.45,0,0,1,2
0.444,0.118,0.45,0,0,1,2
0.444,0.121,0.45,0,0,1,2
0.444,0.124,0.45,0,0,1,2
0.444,0.127,0.45,0,0,1,2
0.444,0.13,0.45,0,0,1,2
0.444,0.133,0.45,0,0,1,2
0.444,0.136,0.45,0,0,1,2
0.444,0.139,0.45,0,0,1,2
0.444,0.142,0.45,0,0,1,2
0.444,0.145,0.45,0,0,1,2
0.444,0.148,0.45,0,0,1,2
0.444,0.151,0.45,0,0,1,2
0.444,0.154,0.45,0,0,1,2
0.444,0.157,0.45,0,0,1,2
0.444,0.16,0.45,0,0,1,2
0.444,0.163,0.45,0,0,1,2
0.444,0.166,0.45,0,0,1,2
0.444,0.169,0.45,0,0,1,2
0.444,0.172,0.45,0,0,1,2
0.444,0.175,0.45,0,0,1,2
0.444,0.178,0.45,0,0,1,2
0.444,0.181,0.45,0,0,1,2
0.444,0.184,0.45,0,0,1,2
0.444,0.187,0.45,0,0,1,2
0.444,0.19,0.45,0,0,1,2
0.444,0.193,0.45,0,0,1,2
0.444,0.196,0.45,0,0,1,2
0.444,0.199,0.45,0,0,1,2
0.444,0.202,0.45,0,0,1,2
0.444,0.205,0.45,0,0,1,2
0.444,0.208,0.45,0,0,1,2
0.444,0.211,0.45,0,0,1,2
0.444,0.214,0.45,0,0,1,2
0.444,0.217,0.45,0,0,1,2
0.444,0.22,0.45,0,0,1,2
0.444,0.223,0.45,0,0,1,2
0.444,0.226,0.45,0,0,1,2
0.444,0.229,0.45,0,0,1,2
0.444,0.232,0.45,0,0,1,2
0.444,0.235,0.45,0,0,1,2
0.444,0.238,0.45,0,0,1,2
0.444,0.241,0.45,0,0,1,2
0.444,0.244,0.45,0,0,1,2
0.444,0.247,0.45,0,0,1,2
0.444,0.25,0.45,0,0,1,2
0.444,0.253,0.45,0,0,1,2
0.444,0.256,0.45,0,0,1,2
0.444,0.259,0.45,0,0,1,2
0.447,0.1,0.45,0,0,1,2
0.447,0.103,0.45,0,0,1,2
0.447,0.106,0.45,0,0,1,2
0.447,0.109,0.45,0,0,1,2
0.447,0.112,0.45,0,0,1,2
0.447,0.115,0.45,0,0,1,2
0.447,0.118,0.45,0,0,1,2
0.447,0.121,0.45,0,0,1,2
0.447,0.124,0.45,0,0,1,2
0.447,0.127,0.45,0,0,1,2
0.447,0.13,0.45,0,0,1,2
0.447,0.133,0.45,0,0,1,2
0.447,0.136,0.45,0,0,1,2
0.447,0.139,0.45,0,0,1,2
0.447,0.142,0.45,0,0,1,2
0.447,0.145,0.45,0,0,1,2
0.447,0.148,0.45,0,0,1,2
0.447,0.151,0.45,0,0,1,2
0.447,0.154,0.45,0,0,1,2
0.447,0.157,0.45,0,0,1,2
0.447,0.16,0.45,0,0,1,2
0.447,0.163,0.45,0,0,1,2
0.447,0.166,0.45,0,0,1,2
0.447,0.169,0.45,0,0,1,2
0.447,0.172,0.45,0,0,1,2
0.447,0.175,0.45,0,0,1,2
0.447,0.178,0.45,0,0,1,2
0.447,0.181,0.45,0,0,1,2
0.447,0.184,0.45,0,0,1,2
0.447,0.187,0.45,0,0,1,2
0.447,0.19,0.45,0,0,1,2
0.447,0.193,0.45,0,0,1,2
0.447,0.196,0.45,0,0,1,2
0.447,0.199,0.45,0,0,1,2
0.447,0.202,0.45,0,0,1,2
0.447,0.205,0.45,0,0,1,2
0.447,0.208,0.45,0,0,1,2
0.447,0.211,0.45,0,0,1,2
0.447,0.214,0.45,0,0,1,2
0.447,0.217,0.45,0,0,1,2
0.447,0.22,0.45,0,0,1,2
0.447,0.223,0.45,0,0,1,2
0.447,0.226,0.45,0,0,1,2
0.447,0.229,0.45,0,0,1,2
0.447,0.232,0.45,0,0,1,2
0.447,0.235,0.45,0,0,1,2
0.447,0.238,0.45,0,0,1,2
0.447,0.241,0.45,0,0,1,2
0.447,0.244,0.45,0,0,1,2
0.447,0.247,0.45,0,0,1,2
0.447,0.25,0.45,0,0,1,2
0.447,0.253,0.45,0,0,1,2
0.447,0.256,0.45,0,0,1,2
0.447,0.259,0.45,0,0,1,2
0.45,0.1,0.45,0,0,1,2
0.45,0.103,0.45,0,0,1,2
0.45,0.106,0.45,0,0,1,2
0.45,0.109,0.45,0,0,1,2
0.45,0.112,0.45,0,0,1,2
0.45,0.115,0.45,0,0,1,2
0.45,0.118,0.45,0,0,1,2
0.45,0.121,0.45,0,0,1,2
0.45,0.124,0.45,0,0,1,2
0.45,0.127,0.45,0,0,1,2
0.45,0.13,0.45,0,0,1,2
0.45,0.133,0.45,0,0,1,2
0.45,0.136,0.45,0,0,1,2
0.45,0.139,0.45,0,0,1,2
0.45,0.142,0.45,0,0,1,2
0.45,0.145,0.45,0,0,1,2
0.45,0.148,0.45,0,0,1,2
0.45,0.151,0.45,0,0,1,2
0.45,0.154,0.45,0,0,1,2
0.45,0.157,0.45,0,0,1,2
0.45,0.16,0.45,0,0,1,2
0.45,0.163,0.45,0,0,1,2
0.45,0.166,0.45,0,0,1,2
0.45,0.169,0.45,0,0,1,2
0.45,0.172,0.45,0,0,1,2
0.45,0.175,0.45,0,0,1,2
0.45,0.178,0.45,0,0,1,2
0.45,0.181,0.45,0,0,1,2
0.45,0.184,0.45,0,0,1,2
0.45,0.187,0.45,0,0,1,2
0.45,0.19,0.45,0,0,1,2
0.45,0.193,0.45,0,0,1,2
0.45,0.196,0.45,0,0,1,2
0.45,0.199,0.45,0,0,1,2
0.45,0.202,0.45,0,0,1,2
0.45,0.205,0.45,0,0,1,2
0.45,0.208,0.45,0,0,1,2
0.45,0.211,0.45,0,0,1,2
0.45,0.214,0.45,0,0,1,2
0.45,0.217,0.45,0,0,1,2
0.45,0.22,0.45,0,0,1,2
0.45,0.223,0.45,0,0,1,2
0.45,0.226,0.45,0,0,1,2
0.45,0.229,0.45,0,0,1,2
0.45,0.232,0.45,0,0,1,2
0.45,0.235,0.45,0,0,1,2
0.45,0.238,0.45,0,0,1,2
0.45,0.241,0.45,0,0,1,2
0.45,0.244,0.45,0,0,1,2
0.45,0.247,0.45,0,0,1,2
0.45,0.25,0.45,0,0,1,2
0.45,0.253,0.45,0,0,1,2
0.45,0.256,0.45,0,0,1,2
0.45,0.259,0.45,0,0,1,2
0.453,0.1,0.45,0,0,1,2
0.453,0.103,0.45,0,0,1,2
0.453,0.106,0.45,0,0,1,2
0.453,0.109,0.45,0,0,1,2
0.453,0.112,0.45,0,0,1,2
0.453,0.115,0.45,0,0,1,2
0.453,0.118,0.45,0,0,1,2
0.453,0.121,0.45,0,0,1,2
0.453,0.124,0.45,0,0,1,2
0.453,0.127,0.45,0,0,1,2
0.453,0.13,0.45,0,0,1,2
0.453,0.133,0.45,0,0,1,2
0.453,0.136,0.45,0,0,1,2
0.453,0.139,0.45,0,0,1,2
0.453,0.142,0.45,0,0,1,2
0.453,0.145,0.45,0,0,1,2
0.453,0.148,0.45,0,0,1,2
0.453,0.151,0.45,0,0,1,2
0.453,0.154,0.45,0,0,1,2
0.453,0.157,0.45,0,0,1,2
0.453,0.16,0.45,0,0,1,2
0.453,0.163,0.45,0,0,1,2
0.453,0.166,0.45,0,0,1,2
0.453,0.169,0.45,0,0,1,2
0.453,0.172,0.45,0,0,1,2
0.453,0.175,0.45,0,0,1,2
0.453,0.178,0.45,0,0,1,2
0.453,0.181,0.45,0,0,1,2
0.453,0.184,0.45,0,0,1,2
0.453,0.187,0.45,0,0,1,2
0.453,0.19,0.45,0,0,1,2
0.453,0.193,0.45,0,0,1,2
0.453,0.196,0.45,0,0,1,2
0.453,0.199,0.45,0,0,1,2
0.453,0.202,0.45,0,0,1,2
0.453,0.205,0.45,0,0,1,2
0.453,0.208,0.45,0,0,1,2
0.453,0.211,0.45,0,0,1,2
0.453,0.214,0.45,0,0,1,2
0.453,0.217,0.45,0,0,1,2
0.453,0.22,0.45,0,0,1,2
0.453,0.223,0.45,0,0,1,2
0.453,0.226,0.45,0,0,1,2
0.453,0.229,0.45,0,0,1,2
0.453,0.232,0.45,0,0,1,2
0.453,0.235,0.45,0,0,1,2
0.453,0.238,0.45,0,0,1,2
0.453,0.241,0.45,0,0,1,2
0.453,0.244,0.45,0,0,1,2
0.453,0.247,0.45,0,0,1,2
0.453,0.25,0.45,0,0,1,2
0.453,0.253,0.45,0,0,1,2
0.453,0.256,0.45,0,0,1,2
0.453,0.259,0.45,0,0,1,2
0.456,0.1,0.45,0,0,1,2
0.456,0.103,0.45,0,0,1,2
0.456,0.106,0.45,0,0,1,2
0.456,0.109,0.45,0,0,1,2
0.456,0.112,0.45,0,0,1,2
0.456,0.115,0.45,0,0,1,2
0.456,0.118,0.45,0,0,1,2
0.456,0.121,0.45,0,0,1,2
0.456,0.124,0.45,0,0,1,2
0.456,0.127,0.45,0,0,1,2
0.456,0.13,0.45,0,0,1,2
0.456,0.133,0.45,0,0,1,2
0.456,0.136,0.45,0,0,1,2
0.456,0.139,0.45,0,0,1,2
0.456,0.142,0.45,0,0,1,2
0.456,0.145,0.45,0,0,1,2
0.456,0.148,0.45,0,0,1,2
0.456,0.151,0.45,0,0,1,2
0.456,0.154,0.45,0,0,1,2
0.456,0.157,0.45,0,0,1,2
0.456,0.16,0.45,0,0,1,2
0.456,0.163,0.45,0,0,1,2
0.456,0.166,0.45,0,0,1,2
0.456,0.169,0.45,0,0,1,2
0.456,0.172,0.45,0,0,1,2
0.456,0.175,0.45,0,0,1,2
0.456,0.178,0.45,0,0,1,2
0.456,0.181,0.45,0,0,1,2
0.456,0.184,0.45,0,0,1,2
0.456,0.187,0.45,0,0,1,2
0.456,0.19,0.45,0,0,1,2
0.456,0.193,0.45,0,0,1,2
0.456,0.196,0.45,0,0,1,2
0.456,0.199,0.45,0,0,1,2
0.456,0.202,0.45,0,0,1,2
0.456,0.205,0.45,0,0,1,2
0.456,0.208,0.45,0,0,1,2
0.456,0.211,0.45,0,0,1,2
0.456,0.214,0.45,0,0,1,2
0.456,0.217,0.45,0,0,1,2
0.456,0.22,0.45,0,0,1,2
0.456,0.223,0.45,0,0,1,2
0.456,0.226,0.45,0,0,1,2
0.456,0.229,0.45,0,0,1,2
0.456,0.232,0.45,0,0,1,2
0.456,0.235,0.45,0,0,1,2
0.456,0.238,0.45,0,0,1,2
0.456,0.241,0.45,0,0,1,2
0.456,0.244,0.45,0,0,1,2
0.456,0.247,0.45,0,0,1,2
0.456,0.25,0.45,0,0,1,2
0.456,0.253,0.45,0,0,1,2
0.456,0.256,0.45,0,0,1,2
0.456,0.259,0.45,0,0,1,2
0.459,0.1,0.45,0,0,1,2
0.459,0.103,0.45,0,0,1,2
0.459,0.106,0.45,0,0,1,2
0.459,0.109,0.45,0,0,1,2
0.459,0.112,0.45,0,0,1,2
0.459,0.115,0.45,0,0,1,2
0.459,0.118,0.45,0,0,1,2
0.459,0.121,0.45,0,0,1,2
0.459,0.124,0.45,0,0,1,2
0.459,0.127,0.45,0,0,1,2
0.459,0.13,0.45,0,0,1,2
0.459,0.133,0.45,0,0,1,2
0.459,0.136,0.45,0,0,1,2
0.459,0.139,0.45,0,0,1,2
0.459,0.142,0.45,0,0,1,2
0.459,0.145,0.45,0,0,1,2
0.459,0.148,0.45,0,0,1,2
0.459,0.151,0.45,0,0,1,2
0.459,0.154,0.45,0,0,1,2
0.459,0.157,0.45,0,0,1,2
0.459,0.16,0.45,0,0,1,2
0.459,0.163,0.45,0,0,1,2
0.459,0.166,0.45,0,0,1,2
0.459,0.169,0.45,0,0,1,2
0.459,0.172,0.45,0,0,1,2
0.459,0.175,0.45,0,0,1,2
0.459,0.178,0.45,0,0,1,2
0.459,0.181,0.45,0,0,1,2
0.459,0.184,0.45,0,0,1,2
0.459,0.187,0.45,0,0,1,2
0.459,0.19,0.45,0,0,1,2
0.459,0.193,0.45,0,0,1,2
0.459,0.196,0.45,0,0,1,2
0.459,0.199,0.45,0,0,1,2
0.459,0.202,0.45,0,0,1,2
0.459,0.205,0.45,0,0,1,2
0.459,0.208,0.45,0,0,1,2
0.459,0.211,0.45,0,0,1,2
0.459,0.214,0.45,0,0,1,2
0.459,0.217,0.45,0,0,1,2
0.459,0.22,0.45,0,0,1,2
0.459,0.223,0.45,0,0,1,2
0.459,0.226,0.45,0,0,1,2
0.459,0.229,0.45,0,0,1,2
0.459,0.232,0.45,0,0,1,2
0.459,0.235,0.45,0,0,1,2
0.459,0.238,0.45,0,0,1,2
0.459,0.241,0.45,0,0,1,2
0.459,0.244,0.45,0,0,1,2
0.459,0.247,0.45,0,0,1,2
0.459,0.25,0.45,0,0,1,2
0.459,0.253,0.45,0,0,1,2
0.459,0.256,0.45,0,0,1,2
0.459,0.259,0.45,0,0,1,2
0.462,0.1,0.45,0,0,1,2
0.462,0.103,0.45,0,0,1,2
0.462,0.106,0.45,0,0,1,2
0.462,0.109,0.45,0,0,1,2
0.462,0.112,0.45,0,0,1,2
0.462,0.115,0.45,0,0,1,2
0.462,0.118,0.45,0,0,1,2
0.462,0.121,0.45,0,0,1,2
0.462,0.124,0.45,0,0,1,2
0.462,0.127,0.45,0,0,1,2
0.462,0.13,0.45,0,0,1,2
0.462,0.133,0.45,0,0,1,2
0.462,0.136,0.45,0,0,1,2
0.462,0.139,0.45,0,0,1,2
0.462,0.142,0.45,0,0,1,2
0.462,0.145,0.45,0,0,1,2
0.462,0.148,0.45,0,0,1,2
0.462,0.151,0.45,0,0,1,2
0.462,0.154,0.45,0,0,1,2
0.462,0.157,0.45,0,0,1,2
0.462,0.16,0.45,0,0,1,2
0.462,0.163,0.45,0,0,1,2
0.462,0.166,0.45,0,0,1,2
0.462,0.169,0.45,0,0,1,2
0.462,0.172,0.45,0,0,1,2
0.462,0.175,0.45,0,0,1,2
0.462,0.178,0.45,0,0,1,2
0.462,0.181,0.45,0,0,1,2
0.462,0.184,0.45,0,0,1,2
0.462,0.187,0.45,0,0,1,2
0.462,0.19,0.45,0,0,1,2
0.462,0.193,0.45,0,0,1,2
0.462,0.196,0.45,0,0,1,2
0.462,0.199,0.45,0,0,1,2
0.462,0.202,0.45,0,0,1,2
0.462,0.205,0.45,0,0,1,2
0.462,0.208,0.45,0,0,1,2
0.462,0.211,0.45,0,0,1,2
0.462,0.214,0.45,0,0,1,2
0.462,0.217,0.45,0,0,1,2
0.462,0.22,0.45,0,0,1,2
0.462,0.223,0.45,0,0,1,2
0.462,0.226,0.45,0,0,1,2
0.462,0.229,0.45,0,0,1,2
0.462,0.232,0.45,0,0,1,2
0.462,0.235,0.45,0,0,1,2
0.462,0.238,0.45,0,0,1,2
0.462,0.241,0.45,0,0,1,2
0.462,0.244,0.45,0,0,1,2
0.462,0.247,0.45,0,0,1,2
0.462,0.25,0.45,0,0,1,2
0.462,0.253,0.45,0,0,1,2
0.462,0.256,0.45,0,0,1,2
0.462,0.259,0.45,0,0,1,2
0.465,0.1,0.45,0,0,1,2
0.465,0.103,0.45,0,0,1,2
0.465,0.106,0.45,0,0,1,2
0.465,0.109,0.45,0,0,1,2
0.465,0.112,0.45,0,0,1,2
0.465,0.115,0.45,0,0,1,2
0.465,0.118,0.45,0,0,1,2
0.465,0.121,0.45,0,0,1,2
0.465,0.124,0.45,0,0,1,2
0.465,0.127,0.45,0,0,1,2
0.465,0.13,0.45,0,0,1,2
0.465,0.133,0.45,0,0,1,2
0.465,0.136,0.45,0,0,1,2
0.465,0.139,0.45,0,0,1,2
0.465,0.142,0.45,0,0,1,2
0.465,0.145,0.45,0,0,1,2
0.465,0.148,0.45,0,0,1,2
0.465,0.151,0.45,0,0,1,2
0.465,0.154,0.45,0,0,1,2
0.465,0.157,0.45,0,0,1,2
0.465,0.16,0.45,0,0,1,2
0.465,0.163,0.45,0,0,1,2
0.465,0.166,0.45,0,0,1,2
0.465,0.169,0.45,0,0,1,2
0.465,0.172,0.45,0,0,1,2
0.465,0.175,0.45,0,0,1,2
0.465,0.178,0.45,0,0,1,2
0.465,0.181,0.45,0,0,1,2
0.465,0.184,0.45,0,0,1,2
0.465,0.187,0.45,0,0,1,2
0.465,0.19,0.45,0,0,1,2
0.465,0.193,0.45,0,0,1,2
0.465,0.196,0.45,0,0,1,2
0.465,0.199,0.45,0,0,1,2
0.465,0.202,0.45,0,0,1,2
0.465,0.205,0.45,0,0,1,2
0.465,0.208,0.45,0,0,1,2
0.465,0.211,0.45,0,0,1,2
0.465,0.214,0.45,0,0,1,2
0.465,0.217,0.45,0,0,1,2
0.465,0.22,0.45,0,0,1,2
0.465,0.223,0.45,0,0,1,2
0.465,0.226,0.45,0,0,1,2
0.465,0.229,0.45,0,0,1,2
0.465,0.232,0.45,0,0,1,2
0.465,0.235,0.45,0,0,1,2
0.465,0.238,0.45,0,0,1,2
0.465,0.241,0.45,0,0,1,2
0.465,0.244,0.45,0,0,1,2
0.465,0.247,0.45,0,0,1,2
0.465,0.25,0.45,0,0,1,2
0.465,0.253,0.45,0,0,1,2
0.465,0.256,0.45,0,0,1,2
0.465,0.259,0.45,0,0,1,2
0.468,0.1,0.45,0,0,1,2
0.468,0.103,0.45,0,0,1,2
0.468,0.106,0.45,0,0,1,2
0.468,0.109,0.45,0,0,1,2
0.468,0.112,0.45,0,0,1,2
0.468,0.115,0.45,0,0,1,2
0.468,0.118,0.45,0,0,1,2
0.468,0.121,0.45,0,0,1,2
0.468,0.124,0.45,0,0,1,2
0.468,0.127,0.45,0,0,1,2
0.468,0.13,0.45,0,0,1,2
0.468,0.133,0.45,0,0,1,2
0.468,0.136,0.45,0,0,1,2
0.468,0.139,0.45,0,0,1,2
0.468,0.142,0.45,0,0,1,2
0.468,0.145,0.45,0,0,1,2
0.468,0.148,0.45,0,0,1,2
0.468,0.151,0.45,0,0,1,2
0.468,0.154,0.45,0,0,1,2
0.468,0.157,0.45,0,0,1,2
0.468,0.16,0.45,0,0,1,2
0.468,0.163,0.45,0,0,1,2
0.468,0.166,0.45,0,0,1,2
0.468,0.169,0.45,0,0,1,2
0.468,0.172,0.45,0,0,1,2
0.468,0.175,0.45,0,0,1,2
0.468,0.178,0.45,0,0,1,2
0.468,0.181,0.45,0,0,1,2
0.468,0.184,0.45,0,0,1,2
0.468,0.187,0.45,0,0,1,2
0.468,0.19,0.45,0,0,1,2
0.468,0.193,0.45,0,0,1,2
0.468,0.196,0.45,0,0,1,2
0.468,0.199,0.45,0,0,1,2
0.468,0.202,0.45,0,0,1,2
0.468,0.205,0.45,0,0,1,2
0.468,0.208,0.45,0,0,1,2
0.468,0.211,0.45,0,0,1,2
0.468,0.214,0.45,0,0,1,2
0.468,0.217,0.45,0,0,1,2
0.468,0.22,0.45,0,0,1,2
0.468,0.223,0.45,0,0,1,2
0.468,0.226,0.45,0,0,1,2
0.468,0.229,0.45,0,0,1,2
0.468,0.232,0.45,0,0,1,2
0.468,0.235,0.45,0,0,1,2
0.468,0.238,0.45,0,0,1,2
0.468,0.241,0.45,0,0,1,2
0.468,0.244,0.45,0,0,1,2
0.468,0.247,0.45,0,0,1,2
0.468,0.25,0.45,0,0,1,2
0.468,0.253,0.45,0,0,1,2
0.468,0.256,0.45,0,0,1,2
0.468,0.259,0.45,0,0,1,2
0.471,0.1,0.45,0,0,1,2
0.471,0.103,0.45,0,0,1,2
0.471,0.106,0.45,0,0,1,2
0.471,0.109,0.45,0,0,1,2
0.471,0.112,0.45,0,0,1,2
0.471,0.115,0.45,0,0,1,2
0.471,0.118,0.45,0,0,1,2
0.471,0.121,0.45,0,0,1,2
0.471,0.124,0.45,0,0,1,2
0.471,0.127,0.45,0,0,1,2
0.471,0.13,0.45,0,0,1,2
0.471,0.133,0.45,0,0,1,2
0.471,0.136,0.45,0,0,1,2
0.471,0.139,0.45,0,0,1,2
0.471,0.142,0.45,0,0,1,2
0.471,0.145,0.45,0,0,1,2
0.471,0.148,0.45,0,0,1,2
0.471,0.151,0.45,0,0,1,2
0.471,0.154,0.45,0,0,1,2
0.471,0.157,0.45,0,0,1,2
0.471,0.16,0.45,0,0,1,2
0.471,0.163,0.45,0,0,1,2
0.471,0.166,0.45,0,0,1,2
0.471,0.169,0.45,0,0,1,2
0.471,0.172,0.45,0,0,1,2
0.471,0.175,0.45,0,0,1,2
0.471,0.178,0.45,0,0,1,2
0.471,0.181,0.45,0,0,1,2
0.471,0.184,0.45,0,0,1,2
0.471,0.187,0.45,0,0,1,2
0.471,0.19,0.45,0,0,1,2
0.471,0.193,0.45,0,0,1,2
0.471,0.196,0.45,0,0,1,2
0.471,0.199,0.45,0,0,1,2
0.471,0.202,0.45,0,0,1,2
0.471,0.205,0.45,0,0,1,2
0.471,0.208,0.45,0,0,1,2
0.471,0.211,0.45,0,0,1,2
0.471,0.214,0.45,0,0,1,2
0.471,0.217,0.45,0,0,1,2
0.471,0.22,0.45,0,0,1,2
0.471,0.223,0.45,0,0,1,2
0.471,0.226,0.45,0,0,1,2
0.471,0.229,0.45,0,0,1,2
0.471,0.232,0.45,0,0,1,2
0.471,0.235,0.45,0,0,1,2
0.471,0.238,0.45,0,0,1,2
0.471,0.241,0.45,0,0,1,2
0.471,0.244,0.45,0,0,1,2
0.471,0.247,0.45,0,0,1,2
0.471,0.25,0.45,0,0,1,2
0.471,0.253,0.45,0,0,1,2
0.471,0.256,0.45,0,0,1,2
0.471,0.259,0.45,0,0,1,2
0.474,0.1,0.45,0,0,1,2
0.474,0.103,0.45,0,0,1,2
0.474,0.106,0.45,0,0,1,2
0.474,0.109,0.45,0,0,1,2
0.474,0.112,0.45,0,0,1,2
0.474,0.115,0.45,0,0,1,2
0.474,0.118,0.45,0,0,1,2
0.474,0.121,0.45,0,0,1,2
0.474,0.124,0.45,0,0,1,2
0.474,0.127,0.45,0,0,1,2
0.474,0.13,0.45,0,0,1,2
0.474,0.133,0.45,0,0,1,2
0.474,0.136,0.45,0,0,1,2
0.474,0.139,0.45,0,0,1,2
0.474,0.142,0.45,0,0,1,2
0.474,0.145,0.45,0,0,1,2
0.474,0.148,0.45,0,0,1,2
0.474,0.151,0.45,0,0,1,2
0.474,0.154,0.45,0,0,1,2
0.474,0.157,0.45,0,0,1,2
0.474,0.16,0.45,0,0,1,2
0.474,0.163,0.45,0,0,1,2
0.474,0.166,0.45,0,0,1,2
0.474,0.169,0.45,0,0,1,2
0.474,0.172,0.45,0,0,1,2
0.474,0.175,0.45,0,0,1,2
0.474,0.178,0.45,0,0,1,2
0.474,0.181,0.45,0,0,1,2
0.474,0.184,0.45,0,0,1,2
0.474,0.187,0.45,0,0,1,2
0.474,0.19,0.45,0,0,1,2
0.474,0.193,0.45,0,0,1,2
0.474,0.196,0.45,0,0,1,2
0.474,0.199,0.45,0,0,1,2
0.474,0.202,0.45,0,0,1,2
0.474,0.205,0.45,0,0,1,2
0.474,0.208,0.45,0,0,1,2
0.474,0.211,0.45,0,0,1,2
0.474,0.214,0.45,0,0,1,2
0.474,0.217,0.45,0,0,1,2
0.474,0.22,0.45,0,0,1,2
0.474,0.223,0.45,0,0,1,2
0.474,0.226,0.45,0,0,1,2
0.474,0.229,0.45,0,0,1,2
0.474,0.232,0.45,0,0,1,2
0.474,0.235,0.45,0,0,1,2
0.474,0.238,0.45,0,0,1,2
0.474,0.241,0.45,0,0,1,2
0.474,0.244,0.45,0,0,1,2
0.474,0.247,0.45,0,0,1,2
0.474,0.25,0.45,0,0,1,2
0.474,0.253,0.45,0,0,1,2
0.474,0.256,0.45,0,0,1,2
0.474,0.259,0.45,0,0,1,2
0.477,0.1,0.45,0,0,1,2
0.477,0.103,0.45,0,0,1,2
0.477,0.106,0.45,0,0,1,2
0.477,0.109,0.45,0,0,1,2
0.477,0.112,0.45,0,0,1,2
0.477,0.115,0.45,0,0,1,2
0.477,0.118,0.45,0,0,1,2
0.477,0.121,0.45,0,0,1,2
0.477,0.124,0.45,0,0,1,2
0.477,0.127,0.45,0,0,1,2
0.477,0.13,0.45,0,0,1,2
0.477,0.133,0.45,0,0,1,2
0.477,0.136,0.45,0,0,1,2
0.477,0.139,0.45,0,0,1,2
0.477,0.142,0.45,0,0,1,2
0.477,0.145,0.45,0,0,1,2
0.477,0.148,0.45,0,0,1,2
0.477,0.151,0.45,0,0,1,2
0.477,0.154,0.45,0,0,1,2
0.477,0.157,0.45,0,0,1,2
0.477,0.16,0.45,0,0,1,2
0.477,0.163,0.45,0,0,1,2
0.477,0.166,0.45,0,0,1,2
0.477,0.169,0.45,0,0,1,2
0.477,0.172,0.45,0,0,1,2
0.477,0.175,0.45,0,0,1,2
0.477,0.178,0.45,0,0,1,2
0.477,0.181,0.45,0,0,1,2
0.477,0.184,0.45,0,0,1,2
0.477,0.187,0.45,0,0,1,2
0.477,0.19,0.45,0,0,1,2
0.477,0.193,0.45,0,0,1,2
0.477,0.196,0.45,0,0,1,2
0.477,0.199,0.45,0,0,1,2
0.477,0.202,0.45,0,0,1,2
0.477,0.205,0.45,0,0,1,2
0.477,0.208,0.45,0,0,1,2
0.477,0.211,0.45,0,0,1,2
0.477,0.214,0.45,0,0,1,2
0.477,0.217,0.45,0,0,1,2
0.477,0.22,0.45,0,0,1,2
0.477,0.223,0.45,0,0,1,2
0.477,0.226,0.45,0,0,1,2
0.477,0.229,0.45,0,0,1,2
0.477,0.232,0.45,0,0,1,2
0.477,0.235,0.45,0,0,1,2
0.477,0.238,0.45,0,0,1,2
0.477,0.241,0.45,0,0,1,2
0.477,0.244,0.45,0,0,1,2
0.477,0.247,0.45,0,0,1,2
0.477,0.25,0.45,0,0,1,2
0.477,0.253,0.45,0,0,1,2
0.477,0.256,0.45,0,0,1,2
0.477,0.259,0.45,0,0,1,2
0.48,0.1,0.45,0,0,1,2
0.48,0.103,0.45,0,0,1,2
0.48,0.106,0.45,0,0,1,2
0.48,0.109,0.45,0,0,1,2
0.48,0.112,0.45,0,0,1,2
0.48,0.115,0.45,0,0,1,2
0.48,0.118,0.45,0,0,1,2
0.48,0.121,0.45,0,0,1,2
0.48,0.124,0.45,0,0,1,2
0.48,0.127,0.45,0,0,1,2
0.48,0.13,0.45,0,0,1,2
0.48,0.133,0.45,0,0,1,2
0.48,0.136,0.45,0,0,1,2
0.48,0.139,0.45,0,0,1,2
0.48,0.142,0.45,0,0,1,2
0.48,0.145,0.45,0,0,1,2
0.48,0.148,0.45,0,0,1,2
0.48,0.151,0.45,0,0,1,2
0.48,0.154,0.45,0,0,1,2
0.48,0.157,0.45,0,0,1,2
0.48,0.16,0.45,0,0,1,2
0.48,0.163,0.45,0,0,1,2
0.48,0.166,0.45,0,0,1,2
0.48,0.169,0.45,0,0,1,2
0.48,0.172,0.45,0,0,1,2
0.48,0.175,0.45,0,0,1,2
0.48,0.178,0.45,0,0,1,2
0.48,0.181,0.45,0,0,1,2
0.48,0.184,0.45,0,0,1,2
0.48,0.187,0.45,0,0,1,2
0.48,0.19,0.45,0,0,1,2
0.48,0.193,0.45,0,0,1,2
0.48,0.196,0.45,0,0,1,2
0.48,0.199,0.45,0,0,1,2
0.48,0.202,0.45,0,0,1,2
0.48,0.205,0.45,0,0,1,2
0.48,0.208,0.45,0,0,1,2
0.48,0.211,0.45,0,0,1,2
0.48,0.214,0.45,0,0,1,2
0.48,0.217,0.45,0,0,1,2
0.48,0.22,0.45,0,0,1,2
0.48,0.223,0.45,0,0,1,2
0.48,0.226,0.45,0,0,1,2
0.48,0.229,0.45,0,0,1,2
0.48,0.232,0.45,0,0,1,2
0.48,0.235,0.45,0,0,1,2
0.48,0.238,0.45,0,0,1,2
0.48,0.241,0.45,0,0,1,2
0.48,0.244,0.45,0,0,1,2
0.48,0.247,0.45,0,0,1,2
0.48,0.25,0.45,0,0,1,2
0.48,0.253,0.45,0,0,1,2
0.48,0.256,0.45,0,0,1,2
0.48,0.259,0.45,0,0,1,2
0.483,0.1,0.45,0,0,1,2
0.483,0.103,0.45,0,0,1,2
0.483,0.106,0.45,0,0,1,2
0.483,0.109,0.45,0,0,1,2
0.483,0.112,0.45,0,0,1,2
0.483,0.115,0.45,0,0,1,2
0.483,0.118,0.45,0,0,1,2
0.483,0.121,0.45,0,0,1,2
0.483,0.124,0.45,0,0,1,2
0.483,0.127,0.45,0,0,1,2
0.483,0.13,0.45,0,0,1,2
0.483,0.133,0.45,0,0,1,2
0.483,0.136,0.45,0,0,1,2
0.483,0.139,0.45,0,0,1,2
0.483,0.142,0.45,0,0,1,2
0.483,0.145,0.45,0,0,1,2
0.483,0.148,0.45,0,0,1,2
0.483,0.151,0.45,0,0,1,2
0.483,0.154,0.45,0,0,1,2
0.483,0.157,0.45,0,0,1,2
0.483,0.16,0.45,0,0,1,2
0.483,0.163,0.45,0,0,1,2
0.483,0.166,0.45,0,0,1,2
0.483,0.169,0.45,0,0,1,2
0.483,0.172,0.45,0,0,1,2
0.483,0.175,0.45,0,0,1,2
0.483,0.178,0.45,0,0,1,2
0.483,0.181,0.45,0,0,1,2
0.483,0.184,0.45,0,0,1,2
0.483,0.187,0.45,0,0,1,2
0.483,0.19,0.45,0,0,1,2
0.483,0.193,0.45,0,0,1,2
0.483,0.196,0.45,0,0,1,2
0.483,0.199,0.45,0,0,1,2
0.483,0.202,0.45,0,0,1,2
0.483,0.205,0.45,0,0,1,2
0.483,0.208,0.45,0,0,1,2
0.483,0.211,0.45,0,0,1,2
0.483,0.214,0.45,0,0,1,2
0.483,0.217,0.45,0,0,1,2
0.483,0.22,0.45,0,0,1,2
0.483,0.223,0.45,0,0,1,2
0.483,0.226,0.45,0,0,1,2
0.483,0.229,0.45,0,0,1,2
0.483,0.232,0.45,0,0,1,2
0.483,0.235,0.45,0,0,1,2
0.483,0.238,0.45,0,0,1,2
0.483,0.241,0.45,0,0,1,2
0.483,0.244,0.45,0,0,1,2
0.483,0.247,0.45,0,0,1,2
0.483,0.25,0.45,0,0,1,2
0.483,0.253,0.45,0,0,1,2
0.483,0.256,0.45,0,0,1,2
0.483,0.259,0.45,0,0,1,2
0.486,0.1,0.45,0,0,1,2
0.486,0.103,0.45,0,0,1,2
0.486,0.106,0.45,0,0,1,2
0.486,0.109,0.45,0,0,1,2
0.486,0.112,0.45,0,0,1,2
0.486,0.115,0.45,0,0,1,2
0.486,0.118,0.45,0,0,1,2
0.486,0.121,0.45,0,0,1,2
0.486,0.124,0.45,0,0,1,2
0.486,0.127,0.45,0,0,1,2
0.486,0.13,0.45,0,0,1,2
0.486,0.133,0.45,0,0,1,2
0.486,0.136,0.45,0,0,1,2
0.486,0.139,0.45,0,0,1,2
0.486,0.142,0.45,0,0,1,2
0.486,0.145,0.45,0,0,1,2
0.486,0.148,0.45,0,0,1,2
0.486,0.151,0.45,0,0,1,2
0.486,0.154,0.45,0,0,1,2
0.486,0.157,0.45,0,0,1,2
0.486,0.16,0.45,0,0,1,2
0.486,0.163,0.45,0,0,1,2
0.486,0.166,0.45,0,0,1,2
0.486,0.169,0.45,0,0,1,2
0.486,0.172,0.45,0,0,1,2
0.486,0.175,0.45,0,0,1,2
0.486,0.178,0.45,0,0,1,2
0.486,0.181,0.45,0,0,1,2
0.486,0.184,0.45,0,0,1,2
0.486,0.187,0.45,0,0,1,2
0.486,0.19,0.45,0,0,1,2
0.486,0.193,0.45,0,0,1,2
0.486,0.196,0.45,0,0,1,2
0.486,0.199,0.45,0,0,1,2
0.486,0.202,0.45,0,0,1,2
0.486,0.205,0.45,0,0,1,2
0.486,0.208,0.45,0,0,1,2
0.486,0.211,0.45,0,0,1,2
0.486,0.214,0.45,0,0,1,2
0.486,0.217,0.45,0,0,1,2
0.486,0.22,0.45,0,0,1,2
0.486,0.223,0.45,0,0,1,2
0.486,0.226,0.45,0,0,1,2
0.486,0.229,0.45,0,0,1,2
0.486,0.232,0.45,0,0,1,2
0.486,0.235,0.45,0,0,1,2
0.486,0.238,0.45,0,0,1,2
0.486,0.241,0.45,0,0,1,2
0.486,0.244,0.45,0,0,1,2
0.486,0.247,0.45,0,0,1,2
0.486,0.25,0.45,0,0,1,2
0.486,0.253,0.45,0,0,1,2
0.486,0.256,0.45,0,0,1,2
0.486,0.259,0.45,0,0,1,2
0.489,0.1,0.45,0,0,1,2
0.489,0.103,0.45,0,0,1,2
0.489,0.106,0.45,0,0,1,2
0.489,0.109,0.45,0,0,1,2
0.489,0.112,0.45,0,0,1,2
0.489,0.115,0.45,0,0,1,2
0.489,0.118,0.45,0,0,1,2
0.489,0.121,0.45,0,0,1,2
0.489,0.124,0.45,0,0,1,2
0.489,0.127,0.45,0,0,1,2
0.489,0.13,0.45,0,0,1,2
0.489,0.133,0.45,0,0,1,2
0.489,0.136,0.45,0,0,1,2
0.489,0.139,0.45,0,0,1,2
0.489,0.142,0.45,0,0,1,2
0.489,0.145,0.45,0,0,1,2
0.489,0.148,0.45,0,0,1,2
0.489,0.151,0.45,0,0,1,2
0.489,0.154,0.45,0,0,1,2
0.489,0.157,0.45,0,0,1,2
0.489,0.16,0.45,0,0,1,2
0.489,0.163,0.45,0,0,1,2
0.489,0.166,0.45,0,0,1,2
0.489,0.169,0.45,0,0,1,2
0.489,0.172,0.45,0,0,1,2
0.489,0.175,0.45,0,0,1,2
0.489,0.178,0.45,0,0,1,2
0.489,0.181,0.45,0,0,1,2
0.489,0.184,0.45,0,0,1,2
0.489,0.187,0.45,0,0,1,2
0.489,0.19,0.45,0,0,1,2
0.489,0.193,0.45,0,0,1,2
0.489,0.196,0.45,0,0,1,2
0.489,0.199,0.45,0,0,1,2
0.489,0.202,0.45,0,0,1,2
0.489,0.205,0.45,0,0,1,2
0.489,0.208,0.45,0,0,1,2
0.489,0.211,0.45,0,0,1,2
0.489,0.214,0.45,0,0,1,2
0.489,0.217,0.45,0,0,1,2
0.489,0.22,0.45,0,0,1,2
0.489,0.223,0.45,0,0,1,2
0.489,0.226,0.45,0,0,1,2
0.489,0.229,0.45,0,0,1,2
0.489,0.232,0.45,0,0,1,2
0.489,0.235,0.45,0,0,1,2
0.489,0.238,0.45,0,0,1,2
0.489,0.241,0.45,0,0,1,2
0.489,0.244,0.45,0,0,1,2
0.489,0.247,0.45,0,0,1,2
0.489,0.25,0.45,0,0,1,2
0.489,0.253,0.45,0,0,1,2
0.489,0.256,0.45,0,0,1,2
0.489,0.259,0.45,0,0,1,2
0.492,0.1,0.45,0,0,1,2
0.492,0.103,0.45,0,0,1,2
0.492,0.106,0.45,0,0,1,2
0.492,0.109,0.45,0,0,1,2
0.492,0.112,0.45,0,0,1,2
0.492,0.115,0.45,0,0,1,2
0.492,0.118,0.45,0,0,1,2
0.492,0.121,0.45,0,0,1,2
0.492,0.124,0.45,0,0,1,2
0.492,0.127,0.45,0,0,1,2
0.492,0.13,0.45,0,0,1,2
0.492,0.133,0.45,0,0,1,2
0.492,0.136,0.45,0,0,1,2
0.492,0.139,0.45,0,0,1,2
0.492,0.142,0.45,0,0,1,2
0.492,0.145,0.45,0,0,1,2
0.492,0.148,0.45,0,0,1,2
0.492,0.151,0.45,0,0,1,2
0.492,0.154,0.45,0,0,1,2
0.492,0.157,0.45,0,0,1,2
0.492,0.16,0.45,0,0,1,2
0.492,0.163,0.45,0,0,1,2
0.492,0.166,0.45,0,0,1,2
0.492,0.169,0.45,0,0,1,2
0.492,0.172,0.45,0,0,1,2
0.492,0.175,0.45,0,0,1,2
0.492,0.178,0.45,0,0,1,2
0.492,0.181,0.45,0,0,1,2
0.492,0.184,0.45,0,0,1,2
0.492,0.187,0.45,0,0,1,2
0.492,0.19,0.45,0,0,1,2
0.492,0.193,0.45,0,0,1,2
0.492,0.196,0.45,0,0,1,2
0.492,0.199,0.45,0,0,1,2
0.492,0.202,0.45,0,0,1,2
0.492,0.205,0.45,0,0,1,2
0.492,0.208,0.45,0,0,1,2
0.492,0.211,0.45,0,0,1,2
0.492,0.214,0.45,0,0,1,2
0.492,0.217,0.45,0,0,1,2
0.492,0.22,0.45,0,0,1,2
0.492,0.223,0.45,0,0,1,2
0.492,0.226,0.45,0,0,1,2
0.492,0.229,0.45,0,0,1,2
0.492,0.232,0.45,0,0,1,2
0.492,0.235,0.45,0,0,1,2
0.492,0.238,0.45,0,0,1,2
0.492,0.241,0.45,0,0,1,2
0.492,0.244,0.45,0,0,1,2
0.492,0.247,0.45,0,0,1,2
0.492,0.25,0.45,0,0,1,2
0.492,0.253,0.45,0,0,1,2
0.492,0.256,0.45,0,0,1,2
0.492,0.259,0.45,0,0,1,2
0.495,0.1,0.45,0,0,1,2
0.495,0.103,0.45,0,0,1,2
0.495,0.106,0.45,0,0,1,2
0.495,0.109,0.45,0,0,1,2
0.495,0.112,0.45,0,0,1,2
0.495,0.115,0.45,0,0,1,2
0.495,0.118,0.45,0,0,1,2
0.495,0.121,0.45,0,0,1,2
0.495,0.124,0.45,0,0,1,2
0.495,0.127,0.45,0,0,1,2
0.495,0.13,0.45,0,0,1,2
0.495,0.133,0.45,0,0,1,2
0.495,0.136,0.45,0,0,1,2
0.495,0.139,0.45,0,0,1,2
0.495,0.142,0.45,0,0,1,2
0.495,0.145,0.45,0,0,1,2
0.495,0.148,0.45,0,0,1,2
0.495,0.151,0.45,0,0,1,2
0.495,0.154,0.45,0,0,1,2
0.495,0.157,0.45,0,0,1,2
0.495,0.16,0.45,0,0,1,2
0.495,0.163,0.45,0,0,1,2
0.495,0.166,0.45,0,0,1,2
0.495,0.169,0.45,0,0,1,2
0.495,0.172,0.45,0,0,1,2
0.495,0.175,0.45,0,0,1,2
0.495,0.178,0.45,0,0,1,2
0.495,0.181,0.45,0,0,1,2
0.495,0.184,0.45,0,0,1,2
0.495,0.187,0.45,0,0,1,2
0.495,0.19,0.45,0,0,1,2
0.495,0.193,0.45,0,0,1,2
0.495,0.196,0.45,0,0,1,2
0.495,0.199,0.45,0,0,1,2
0.495,0.202,0.45,0,0,1,2
0.495,0.205,0.45,0,0,1,2
0.495,0.208,0.45,0,0,1,2
0.495,0.211,0.45,0,0,1,2
0.495,0.214,0.45,0,0,1,2
0.495,0.217,0.45,0,0,1,2
0.495,0.22,0.45,0,0,1,2
0.495,0.223,0.45,0,0,1,2
0.495,0.226,0.45,0,0,1,2
0.495,0.229,0.45,0,0,1,2
0.495,0.232,0.45,0,0,1,2
0.495,0.235,0.45,0,0,1,2
0.495,0.238,0.45,0,0,1,2
0.495,0.241,0.45,0,0,1,2
0.495,0.244,0.45,0,0,1,2
0.495,0.247,0.45,0,0,1,2
0.495,0.25,0.45,0,0,1,2
0.495,0.253,0.45,0,0,1,2
0.495,0.256,0.45,0,0,1,2
0.495,0.259,0.45,0,0,1,2
0.498,0.1,0.45,0,0,1,2
0.498,0.103,0.45,0,0,1,2
0.498,0.106,0.45,0,0,1,2
0.498,0.109,0.45,0,0,1,2
0.498,0.112,0.45,0,0,1,2
0.498,0.115,0.45,0,0,1,2
0.498,0.118,0.45,0,0,1,2
0.498,0.121,0.45,0,0,1,2
0.498,0.124,0.45,0,0,1,2
0.498,0.127,0.45,0,0,1,2
0.498,0.13,0.45,0,0,1,2
0.498,0.133,0.45,0,0,1,2
0.498,0.136,0.45,0,0,1,2
0.498,0.139,0.45,0,0,1,2
0.498,0.142,0.45,0,0,1,2
0.498,0.145,0.45,0,0,1,2
0.498,0.148,0.45,0,0,1,2
0.498,0.151,0.45,0,0,1,2
0.498,0.154,0.45,0,0,1,2
0.498,0.157,0.45,0,0,1,2
0.498,0.16,0.45,0,0,1,2
0.498,0.163,0.45,0,0,1,2
0.498,0.166,0.45,0,0,1,2
0.498,0.169,0.45,0,0,1,2
0.498,0.172,0.45,0,0,1,2
0.498,0.175,0.45,0,0,1,2
0.498,0.178,0.45,0,0,1,2
0.498,0.181,0.45,0,0,1,2
0.498,0.184,0.45,0,0,1,2
0.498,0.187,0.45,0,0,1,2
0.498,0.19,0.45,0,0,1,2
0.498,0.193,0.45,0,0,1,2
0.498,0.196,0.45,0,0,1,2
0.498,0.199,0.45,0,0,1,2
0.498,0.202,0.45,0,0,1,2
0.498,0.205,0.45,0,0,1,2
0.498,0.208,0.45,0,0,1,2
0.498,0.211,0.45,0,0,1,2
0.498,0.214,0.45,0,0,1,2
0.498,0.217,0.45,0,0,1,2
0.498,0.22,0.45,0,0,1,2
0.498,0.223,0.45,0,0,1,2
0.498,0.226,0.45,0,0,1,2
0.498,0.229,0.45,0,0,1,2
0.498,0.232,0.45,0,0,1,2
0.498,0.235,0.45,0,0,1,2
0.498,0.238,0.45,0,0,1,2
0.498,0.241,0.45,0,0,1,2
0.498,0.244,0.45,0,0,1,2
0.498,0.247,0.45,0,0,1,2
0.498,0.25,0.45,0,0,1,2
0.498,0.253,0.45,0,0,1,2
0.498,0.256,0.45,0,0,1,2
0.498,0.259,0.45,0,0,1,2
0.501,0.1,0.45,0,0,1,2
0.501,0.103,0.45,0,0,1,2
0.501,0.106,0.45,0,0,1,2
0.501,0.109,0.45,0,0,1,2
0.501,0.112,0.45,0,0,1,2
0.501,0.115,0.45,0,0,1,2
0.501,0.118,0.45,0,0,1,2
0.501,0.121,0.45,0,0,1,2
0.501,0.124,0.45,0,0,1,2
0.501,0.127,0.45,0,0,1,2
0.501,0.13,0.45,0,0,1,2
0.501,0.133,0.45,0,0,1,2
0.501,0.136,0.45,0,0,1,2
0.501,0.139,0.45,0,0,1,2
0.501,0.142,0.45,0,0,1,2
0.501,0.145,0.45,0,0,1,2
0.501,0.148,0.45,0,0,1,2
0.501,0.151,0.45,0,0,1,2
0.501,0.154,0.45,0,0,1,2
0.501,0.157,0.45,0,0,1,2
0.501,0.16,0.45,0,0,1,2
0.501,0.163,0.45,0,0,1,2
0.501,0.166,0.45,0,0,1,2
0.501,0.169,0.45,0,0,1,2
0.501,0.172,0.45,0,0,1,2
0.501,0.175,0.45,0,0,1,2
0.501,0.178,0.45,0,0,1,2
0.501,0.181,0.45,0,0,1,2
0.501,0.184,0.45,0,0,1,2
0.501,0.187,0.45,0,0,1,2
0.501,0.19,0.45,0,0,1,2
0.501,0.193,0.45,0,0,1,2
0.501,0.196,0.45,0,0,1,2
0.501,0.199,0.45,0,0,1,2
0.501,0.202,0.45,0,0,1,2
0.501,0.205,0.45,0,0,1,2
0.501,0.208,0.45,0,0,1,2
0.501,0.211,0.45,0,0,1,2
0.501,0.214,0.45,0,0,1,2
0.501,0.217,0.45,0,0,1,2
0.501,0.22,0.45,0,0,1,2
0.501,0.223,0.45,0,0,1,2
0.501,0.226,0.45,0,0,1,2
0.501,0.229,0.45,0,0,1,2
0.501,0.232,0.45,0,0,1,2
0.501,0.235,0.45,0,0,1,2
0.501,0.238,0.45,0,0,1,2
0.501,0.241,0.45,0,0,1,2
0.501,0.244,0.45,0,0,1,2
0.501,0.247,0.45,0,0,1,2
0.501,0.25,0.45,0,0,1,2
0.501,0.253,0.45,0,0,1,2
0.501,0.256,0.45,0,0,1,2
0.501,0.259,0.45,0,0,1,2
0.504,0.1,0.45,0,0,1,2
0.504,0.103,0.45,0,0,1,2
0.504,0.106,0.45,0,0,1,2
0.504,0.109,0.45,0,0,1,2
0.504,0.112,0.45,0,0,1,2
0.504,0.115,0.45,0,0,1,2
0.504,0.118,0.45,0,0,1,2
0.504,0.121,0.45,0,0,1,2
0.504,0.124,0.45,0,0,1,2
0.504,0.127,0.45,0,0,1,2
0.504,0.13,0.45,0,0,1,2
0.504,0.133,0.45,0,0,1,2
0.504,0.136,0.45,0,0,1,2
0.504,0.139,0.45,0,0,1,2
0.504,0.142,0.45,0,0,1,2
0.504,0.145,0.45,0,0,1,2
0.504,0.148,0.45,0,0,1,2
0.504,0.151,0.45,0,0,1,2
0.504,0.154,0.45,0,0,1,2
0.504,0.157,0.45,0,0,1,2
0.504,0.16,0.45,0,0,1,2
0.504,0.163,0.45,0,0,1,2
0.504,0.166,0.45,0,0,1,2
0.504,0.169,0.45,0,0,1,2
0.504,0.172,0.45,0,0,1,2
0.504,0.175,0.45,0,0,1,2
0.504,0.178,0.45,0,0,1,2
0.504,0.181,0.45,0,0,1,2
0.504,0.184,0.45,0,0,1,2
0.504,0.187,0.45,0,0,1,2
0.504,0.19,0.45,0,0,1,2
0.504,0.193,0.45,0,0,1,2
0.504,0.196,0.45,0,0,1,2
0.504,0.199,0.45,0,0,1,2
0.504,0.202,0.45,0,0,1,2
0.504,0.205,0.45,0,0,1,2
0.504,0.208,0.45,0,0,1,2
0.504,0.211,0.45,0,0,1,2
0.504,0.214,0.45,0,0,1,2
0.504,0.217,0.45,0,0,1,2
0.504,0.22,0.45,0,0,1,2
0.504,0.223,0.45,0,0,1,2
0.504,0.226,0.45,0,0,1,2
0.504,0.229,0.45,0,0,1,2
0.504,0.232,0.45,0,0,1,2
0.504,0.235,0.45,0,0,1,2
0.504,0.238,0.45,0,0,1,2
0.504,0.241,0.45,0,0,1,2
0.504,0.244,0.45,0,0,1,2
0.504,0.247,0.45,0,0,1,2
0.504,0.25,0.45,0,0,1,2
0.504,0.253,0.45,0,0,1,2
0.504,0.256,0.45,0,0,1,2
0.504,0.259,0.45,0,0,1,2
0.507,0.1,0.45,0,0,1,2
0.507,0.103,0.45,0,0,1,2
0.507,0.106,0.45,0,0,1,2
0.507,0.109,0.45,0,0,1,2
0.507,0.112,0.45,0,0,1,2
0.507,0.115,0.45,0,0,1,2
0.507,0.118,0.45,0,0,1,2
0.507,0.121,0.45,0,0,1,2
0.507,0.124,0.45,0,0,1,2
0.507,0.127,0.45,0,0,1,2
0.507,0.13,0.45,0,0,1,2
0.507,0.133,0.45,0,0,1,2
0.507,0.136,0.45,0,0,1,2
0.507,0.139,0.45,0,0,1,2
0.507,0.142,0.45,0,0,1,2
0.507,0.145,0.45,0,0,1,2
0.507,0.148,0.45,0,0,1,2
0.507,0.151,0.45,0,0,1,2
0.507,0.154,0.45,0,0,1,2
0.507,0.157,0.45,0,0,1,2
0.507,0.16,0.45,0,0,1,2
0.507,0.163,0.45,0,0,1,2
0.507,0.166,0.45,0,0,1,2
0.507,0.169,0.45,0,0,1,2
0.507,0.172,0.45,0,0,1,2
0.507,0.175,0.45,0,0,1,2
0.507,0.178,0.45,0,0,1,2
0.507,0.181,0.45,0,0,1,2
0.507,0.184,0.45,0,0,1,2
0.507,0.187,0.45,0,0,1,2
0.507,0.19,0.45,0,0,1,2
0.507,0.193,0.45,0,0,1,2
0.507,0.196,0.45,0,0,1,2
0.507,0.199,0.45,0,0,1,2
0.507,0.202,0.45,0,0,1,2
0.507,0.205,0.45,0,0,1,2
0.507,0.208,0.45,0,0,1,2
0.507,0.211,0.45,0,0,1,2
0.507,0.214,0.45,0,0,1,2
0.507,0.217,0.45,0,0,1,2
0.507,0.22,0.45,0,0,1,2
0.507,0.223,0.45,0,0,1,2
0.507,0.226,0.45,0,0,1,2
0.507,0.229,0.45,0,0,1,2
0.507,0.232,0.45,0,0,1,2
0.507,0.235,0.45,0,0,1,2
0.507,0.238,0.45,0,0,1,2
0.507,0.241,0.45,0,0,1,2
0.507,0.244,0.45,0,0,1,2
0.507,0.247,0.45,0,0,1,2
0.507,0.25,0.45,0,0,1,2
0.507,0.253,0.45,0,0,1,2
0.507,0.256,0.45,0,0,1,2
0.507,0.259,0.45,0,0,1,2
0.51,0.1,0.45,0,0,1,2
0.51,0.103,0.45,0,0,1,2
0.51,0.106,0.45,0,0,1,2
0.51,0.109,0.45,0,0,1,2
0.51,0.112,0.45,0,0,1,2
0.51,0.115,0.45,0,0,1,2
0.51,0.118,0.45,0,0,1,2
0.51,0.121,0.45,0,0,1,2
0.51,0.124,0.45,0,0,1,2
0.51,0.127,0.45,0,0,1,2
0.51,0.13,0.45,0,0,1,2
0.51,0.133,0.45,0,0,1,2
0.51,0.136,0.45,0,0,1,2
0.51,0.139,0.45,0,0,1,2
0.51,0.142,0.45,0,0,1,2
0.51,0.145,0.45,0,0,1,2
0.51,0.148,0.45,0,0,1,2
0.51,0.151,0.45,0,0,1,2
0.51,0.154,0.45,0,0,1,2
0.51,0.157,0.45,0,0,1,2
0.51,0.16,0.45,0,0,1,2
0.51,0.163,0.45,0,0,1,2
0.51,0.166,0.45,0,0,1,2
0.51,0.169,0.45,0,0,1,2
0.51,0.172,0.45,0,0,1,2
0.51,0.175,0.45,0,0,1,2
0.51,0.178,0.45,0,0,1,2
0.51,0.181,0.45,0,0,1,2
0.51,0.184,0.45,0,0,1,2
0.51,0.187,0.45,0,0,1,2
0.51,0.19,0.45,0,0,1,2
0.51,0.193,0.45,0,0,1,2
0.51,0.196,0.45,0,0,1,2
0.51,0.199,0.45,0,0,1,2
0.51,0.202,0.45,0,0,1,2
0.51,0.205,0.45,0,0,1,2
0.51,0.208,0.45,0,0,1,2
0.51,0.211,0.45,0,0,1,2
0.51,0.214,0.45,0,0,1,2
0.51,0.217,0.45,0,0,1,2
0.51,0.22,0.45,0,0,1,2
0.51,0.223,0.45,0,0,1,2
0.51,0.226,0.45,0,0,1,2
0.51,0.229,0.45,0,0,1,2
0.51,0.232,0.45,0,0,1,2
0.51,0.235,0.45,0,0,1,2
0.51,0.238,0.45,0,0,1,2
0.51,0.241,0.45,0,0,1,2
0.51,0.244,0.45,0,0,1,2
0.51,0.247,0.45,0,0,1,2
0.51,0.25,0.45,0,0,1,2
0.51,0.253,0.45,0,0,1,2
0.51,0.256,0.45,0,0,1,2
0.51,0.259,0.45,0,0,1,2
0.513,0.1,0.45,0,0,1,2
0.513,0.103,0.45,0,0,1,2
0.513,0.106,0.45,0,0,1,2
0.513,0.109,0.45,0,0,1,2
0.513,0.112,0.45,0,0,1,2
0.513,0.115,0.45,0,0,1,2
0.513,0.118,0.45,0,0,1,2
0.513,0.121,0.45,0,0,1,2
0.513,0.124,0.45,0,0,1,2
0.513,0.127,0.45,0,0,1,2
0.513,0.13,0.45,0,0,1,2
0.513,0.133,0.45,0,0,1,2
0.513,0.136,0.45,0,0,1,2
0.513,0.139,0.45,0,0,1,2
0.513,0.142,0.45,0,0,1,2
0.513,0.145,0.45,0,0,1,2
0.513,0.148,0.45,0,0,1,2
0.513,0.151,0.45,0,0,1,2
0.513,0.154,0.45,0,0,1,2
0.513,0.157,0.45,0,0,1,2
0.513,0.16,0.45,0,0,1,2
0.513,0.163,0.45,0,0,1,2
0.513,0.166,0.45,0,0,1,2
0.513,0.169,0.45,0,0,1,2
0.513,0.172,0.45,0,0,1,2
0.513,0.175,0.45,0,0,1,2
0.513,0.178,0.45,0,0,1,2
0.513,0.181,0.45,0,0,1,2
0.513,0.184,0.45,0,0,1,2
0.513,0.187,0.45,0,0,1,2
0.513,0.19,0.45,0,0,1,2
0.513,0.193,0.45,0,0,1,2
0.513,0.196,0.45,0,0,1,2
0.513,0.199,0.45,0,0,1,2
0.513,0.202,0.45,0,0,1,2
0.513,0.205,0.45,0,0,1,2
0.513,0.208,0.45,0,0,1,2
0.513,0.211,0.45,0,0,1,2
0.513,0.214,0.45,0,0,1,2
0.513,0.217,0.45,0,0,1,2
0.513,0.22,0.45,0,0,1,2
0.513,0.223,0.45,0,0,1,2
0.513,0.226,0.45,0,0,1,2
0.513,0.229,0.45,0,0,1,2
0.513,0.232,0.45,0,0,1,2
0.513,0.235,0.45,0,0,1,2
0.513,0.238,0.45,0,0,1,2
0.513,0.241,0.45,0,0,1,2
0.513,0.244,0.45,0,0,1,2
0.513,0.247,0.45,0,0,1,2
0.513,0.25,0.45,0,0,1,2
0.513,0.253,0.45,0,0,1,2
0.513,0.256,0.45,0,0,1,2
0.513,0.259,0.45,0,0,1,2
0.516,0.1,0.45,0,0,1,2
0.516,0.103,0.45,0,0,1,2
0.516,0.106,0.45,0,0,1,2
0.516,0.109,0.45,0,0,1,2
0.516,0.112,0.45,0,0,1,2
0.516,0.115,0.45,0,0,1,2
0.516,0.118,0.45,0,0,1,2
0.516,0.121,0.45,0,0,1,2
0.516,0.124,0.45,0,0,1,2
0.516,0.127,0.45,0,0,1,2
0.516,0.13,0.45,0,0,1,2
0.516,0.133,0.45,0,0,1,2
0.516,0.136,0.45,0,0,1,2
0.516,0.139,0.45,0,0,1,2
0.516,0.142,0.45,0,0,1,2
0.516,0.145,0.45,0,0,1,2
0.516,0.148,0.45,0,0,1,2
0.516,0.151,0.45,0,0,1,2
0.516,0.154,0.45,0,0,1,2
0.516,0.157,0.45,0,0,1,2
0.516,0.16,0.45,0,0,1,2
0.516,0.163,0.45,0,0,1,2
0.516,0.166,0.45,0,0,1,2
0.516,0.169,0.45,0,0,1,2
0.516,0.172,0.45,0,0,1,2
0.516,0.175,0.45,0,0,1,2
0.516,0.178,0.45,0,0,1,2
0.516,0.181,0.45,0,0,1,2
0.516,0.184,0.45,0,0,1,2
0.516,0.187,0.45,0,0,1,2
0.516,0.19,0.45,0,0,1,2
0.516,0.193,0.45,0,0,1,2
0.516,0.196,0.45,0,0,1,2
0.516,0.199,0.45,0,0,1,2
0.516,0.202,0.45,0,0,1,2
0.516,0.205,0.45,0,0,1,2
0.516,0.208,0.45,0,0,1,2
0.516,0.211,0.45,0,0,1,2
0.516,0.214,0.45,0,0,1,2
0.516,0.217,0.45,0,0,1,2
0.516,0.22,0.45,0,0,1,2
0.516,0.223,0.45,0,0,1,2
0.516,0.226,0.45,0,0,1,2
0.516,0.229,0.45,0,0,1,2
0.516,0.232,0.45,0,0,1,2
0.516,0.235,0.45,0,0,1,2
0.516,0.238,0.45,0,0,1,2
0.516,0.241,0.45,0,0,1,2
0.516,0.244,0.45,0,0,1,2
0.516,0.247,0.45,0,0,1,2
0.516,0.25,0.45,0,0,1,2
0.516,0.253,0.45,0,0,1,2
0.516,0.256,0.45,0,0,1,2
0.516,0.259,0.45,0,0,1,2
0.519,0.1,0.45,0,0,1,2
0.519,0.103,0.45,0,0,1,2
0.519,0.106,0.45,0,0,1,2
0.519,0.109,0.45,0,0,1,2
0.519,0.112,0.45,0,0,1,2
0.519,0.115,0.45,0,0,1,2
0.519,0.118,0.45,0,0,1,2
0.519,0.121,0.45,0,0,1,2
0.519,0.124,0.45,0,0,1,2
0.519,0.127,0.45,0,0,1,2
0.519,0.13,0.45,0,0,1,2
0.519,0.133,0.45,0,0,1,2
0.519,0.136,0.45,0,0,1,2
0.519,0.139,0.45,0,0,1,2
0.519,0.142,0.45,0,0,1,2
0.519,0.145,0.45,0,0,1,2
0.519,0.148,0.45,0,0,1,2
0.519,0.151,0.45,0,0,1,2
0.519,0.154,0.45,0,0,1,2
0.519,0.157,0.45,0,0,1,2
0.519,0.16,0.45,0,0,1,2
0.519,0.163,0.45,0,0,1,2
0.519,0.166,0.45,0,0,1,2
0.519,0.169,0.45,0,0,1,2
0.519,0.172,0.45,0,0,1,2
0.519,0.175,0.45,0,0,1,2
0.519,0.178,0.45,0,0,1,2
0.519,0.181,0.45,0,0,1,2
0.519,0.184,0.45,0,0,1,2
0.519,0.187,0.45,0,0,1,2
0.519,0.19,0.45,0,0,1,2
0.519,0.193,0.45,0,0,1,2
0.519,0.196,0.45,0,0,1,2
0.519,0.199,0.45,0,0,1,2
0.519,0.202,0.45,0,0,1,2
0.519,0.205,0.45,0,0,1,2
0.519,0.208,0.45,0,0,1,2
0.519,0.211,0.45,0,0,1,2
0.519,0.214,0.45,0,0,1,2
0.519,0.217,0.45,0,0,1,2
0.519,0.22,0.45,0,0,1,2
0.519,0.223,0.45,0,0,1,2
0.519,0.226,0.45,0,0,1,2
0.519,0.229,0.45,0,0,1,2
0.519,0.232,0.45,0,0,1,2
0.519,0.235,0.45,0,0,1,2
0.519,0.238,0.45,0,0,1,2
0.519,0.241,0.45,0,0,1,2
0.519,0.244,0.45,0,0,1,2
0.519,0.247,0.45,0,0,1,2
0.519,0.25,0.45,0,0,1,2
0.519,0.253,0.45,0,0,1,2
0.519,0.256,0.45,0,0,1,2
0.519,0.259,0.45,0,0,1,2
0.522,0.1,0.45,0,0,1,2
0.522,0.103,0.45,0,0,1,2
0.522,0.106,0.45,0,0,1,2
0.522,0.109,0.45,0,0,1,2
0.522,0.112,0.45,0,0,1,2
0.522,0.115,0.45,0,0,1,2
0.522,0.118,0.45,0,0,1,2
0.522,0.121,0.45,0,0,1,2
0.522,0.124,0.45,0,0,1,2
0.522,0.127,0.45,0,0,1,2
0.522,0.13,0.45,0,0,1,2
0.522,0.133,0.45,0,0,1,2
0.522,0.136,0.45,0,0,1,2
0.522,0.139,0.45,0,0,1,2
0.522,0.142,0.45,0,0,1,2
0.522,0.145,0.45,0,0,1,2
0.522,0.148,0.45,0,0,1,2
0.522,0.151,0.45,0,0,1,2
0.522,0.154,0.45,0,0,1,2
0.522,0.157,0.45,0,0,1,2
0.522,0.16,0.45,0,0,1,2
0.522,0.163,0.45,0,0,1,2
0.522,0.166,0.45,0,0,1,2
0.522,0.169,0.45,0,0,1,2
0.522,0.172,0.45,0,0,1,2
0.522,0.175,0.45,0,0,1,2
0.522,0.178,0.45,0,0,1,2
0.522,0.181,0.45,0,0,1,2
0.522,0.184,0.45,0,0,1,2
0.522,0.187,0.45,0,0,1,2
0.522,0.19,0.45,0,0,1,2
0.522,0.193,0.45,0,0,1,2
0.522,0.196,0.45,0,0,1,2
0.522,0.199,0.45,0,0,1,2
0.522,0.202,0.45,0,0,1,2
0.522,0.205,0.45,0,0,1,2
0.522,0.208,0.45,0,0,1,2
0.522,0.211,0.45,0,0,1,2
0.522,0.214,0.45,0,0,1,2
0.522,0.217,0.45,0,0,1,2
0.522,0.22,0.45,0,0,1,2
0.522,0.223,0.45,0,0,1,2
0.522,0.226,0.45,0,0,1,2
0.522,0.229,0.45,0,0,1,2
0.522,0.232,0.45,0,0,1,2
0.522,0.235,0.45,0,0,1,2
0.522,0.238,0.45,0,0,1,2
0.522,0.241,0.45,0,0,1,2
0.522,0.244,0.45,0,0,1,2
0.522,0.247,0.45,0,0,1,2
0.522,0.25,0.45,0,0,1,2
0.522,0.253,0.45,0,0,1,2
0.522,0.256,0.45,0,0,1,2
0.522,0.259,0.45,0,0,1,2
0.525,0.1,0.45,0,0,1,2
0.525,0.103,0.45,0,0,1,2
0.525,0.106,0.45,0,0,1,2
0.525,0.109,0.45,0,0,1,2
0.525,0.112,0.45,0,0,1,2
0.525,0.115,0.45,0,0,1,2
0.525,0.118,0.45,0,0,1,2
0.525,0.121,0.45,0,0,1,2
0.525,0.124,0.45,0,0,1,2
0.525,0.127,0.45,0,0,1,2
0.525,0.13,0.45,0,0,1,2
0.525,0.133,0.45,0,0,1,2
0.525,0.136,0.45,0,0,1,2
0.525,0.139,0.45,0,0,1,2
0.525,0.142,0.45,0,0,1,2
0.525,0.145,0.45,0,0,1,2
0.525,0.148,0.45,0,0,1,2
0.525,0.151,0.45,0,0,1,2
0.525,0.154,0.45,0,0,1,2
0.525,0.157,0.45,0,0,1,2
0.525,0.16,0.45,0,0,1,2
0.525,0.163,0.45,0,0,1,2
0.525,0.166,0.45,0,0,1,2
0.525,0.169,0.45,0,0,1,2
0.525,0.172,0.45,0,0,1,2
0.525,0.175,0.45,0,0,1,2
0.525,0.178,0.45,0,0,1,2
0.525,0.181,0.45,0,0,1,2
0.525,0.184,0.45,0,0,1,2
0.525,0.187,0.45,0,0,1,2
0.525,0.19,0.45,0,0,1,2
0.525,0.193,0.45,0,0,1,2
0.525,0.196,0.45,0,0,1,2
0.525,0.199,0.45,0,0,1,2
0.525,0.202,0.45,0,0,1,2
0.525,0.205,0.45,0,0,1,2
0.525,0.208,0.45,0,0,1,2
0.525,0.211,0.45,0,0,1,2
0.525,0.214,0.45,0,0,1,2
0.525,0.217,0.45,0,0,1,2
0.525,0.22,0.45,0,0,1,2
0.525,0.223,0.45,0,0,1,2
0.525,0.226,0.45,0,0,1,2
0.525,0.229,0.45,0,0,1,2
0.525,0.232,0.45,0,0,1,2
0.525,0.235,0.45,0,0,1,2
0.525,0.238,0.45,0,0,1,2
0.525,0.241,0.45,0,0,1,2
0.525,0.244,0.45,0,0,1,2
0.525,0.247,0.45,0,0,1,2
0.525,0.25,0.45,0,0,1,2
0.525,0.253,0.45,0,0,1,2
0.525,0.256,0.45,0,0,1,2
0.525,0.259,0.45,0,0,1,2
0.528,0.1,0.45,0,0,1,2
0.528,0.103,0.45,0,0,1,2
0.528,0.106,0.45,0,0,1,2
0.528,0.109,0.45,0,0,1,2
0.528,0.112,0.45,0,0,1,2
0.528,0.115,0.45,0,0,1,2
0.528,0.118,0.45,0,0,1,2
0.528,0.121,0.45,0,0,1,2
0.528,0.124,0.45,0,0,1,2
0.528,0.127,0.45,0,0,1,2
0.528,0.13,0.45,0,0,1,2
0.528,0.133,0.45,0,0,1,2
0.528,0.136,0.45,0,0,1,2
0.528,0.139,0.45,0,0,1,2
0.528,0.142,0.45,0,0,1,2
0.528,0.145,0.45,0,0,1,2
0.528,0.148,0.45,0,0,1,2
0.528,0.151,0.45,0,0,1,2
0.528,0.154,0.45,0,0,1,2
0.528,0.157,0.45,0,0,1,2
0.528,0.16,0.45,0,0,1,2
0.528,0.163,0.45,0,0,1,2
0.528,0.166,0.45,0,0,1,2
0.528,0.169,0.45,0,0,1,2
0.528,0.172,0.45,0,0,1,2
0.528,0.175,0.45,0,0,1,2
0.528,0.178,0.45,0,0,1,2
0.528,0.181,0.45,0,0,1,2
0.528,0.184,0.45,0,0,1,2
0.528,0.187,0.45,0,0,1,2
0.528,0.19,0.45,0,0,1,2
0.528,0.193,0.45,0,0,1,2
0.528,0.196,0.45,0,0,1,2
0.528,0.199,0.45,0,0,1,2
0.528,0.202,0.45,0,0,1,2
0.528,0.205,0.45,0,0,1,2
0.528,0.208,0.45,0,0,1,2
0.528,0.211,0.45,0,0,1,2
0.528,0.214,0.45,0,0,1,2
0.528,0.217,0.45,0,0,1,2
0.528,0.22,0.45,0,0,1,2
0.528,0.223,0.45,0,0,1,2
0.528,0.226,0.45,0,0,1,2
0.528,0.229,0.45,0,0,1,2
0.528,0.232,0.45,0,0,1,2
0.528,0.235,0.45,0,0,1,2
0.528,0.238,0.45,0,0,1,2
0.528,0.241,0.45,0,0,1,2
0.528,0.244,0.45,0,0,1,2
0.528,0.247,0.45,0,0,1,2
0.528,0.25,0.45,0,0,1,2
0.528,0.253,0.45,0,0,1,2
0.528,0.256,0.45,0,0,1,2
0.528,0.259,0.45,0,0,1,2
0.531,0.1,0.45,0,0,1,2
0.531,0.103,0.45,0,0,1,2
0.531,0.106,0.45,0,0,1,2
0.531,0.109,0.45,0,0,1,2
0.531,0.112,0.45,0,0,1,2
0.531,0.115,0.45,0,0,1,2
0.531,0.118,0.45,0,0,1,2
0.531,0.121,0.45,0,0,1,2
0.531,0.124,0.45,0,0,1,2
0.531,0.127,0.45,0,0,1,2
0.531,0.13,0.45,0,0,1,2
0.531,0.133,0.45,0,0,1,2
0.531,0.136,0.45,0,0,1,2
0.531,0.139,0.45,0,0,1,2
0.531,0.142,0.45,0,0,1,2
0.531,0.145,0.45,0,0,1,2
0.531,0.148,0.45,0,0,1,2
0.531,0.151,0.45,0,0,1,2
0.531,0.154,0.45,0,0,1,2
0.531,0.157,0.45,0,0,1,2
0.531,0.16,0.45,0,0,1,2
0.531,0.163,0.45,0,0,1,2
0.531,0.166,0.45,0,0,1,2
0.531,0.169,0.45,0,0,1,2
0.531,0.172,0.45,0,0,1,2
0.531,0.175,0.45,0,0,1,2
0.531,0.178,0.45,0,0,1,2
0.531,0.181,0.45,0,0,1,2
0.531,0.184,0.45,0,0,1,2
0.531,0.187,0.45,0,0,1,2
0.531,0.19,0.45,0,0,1,2
0.531,0.193,0.45,0,0,1,2
0.531,0.196,0.45,0,0,1,2
0.531,0.199,0.45,0,0,1,2
0.531,0.202,0.45,0,0,1,2
0.531,0.205,0.45,0,0,1,2
0.531,0.208,0.45,0,0,1,2
0.531,0.211,0.45,0,0,1,2
0.531,0.214,0.45,0,0,1,2
0.531,0.217,0.45,0,0,1,2
0.531,0.22,0.45,0,0,1,2
0.531,0.223,0.45,0,0,1,2
0.531,0.226,0.45,0,0,1,2
0.531,0.229,0.45,0,0,1,2
0.531,0.232,0.45,0,0,1,2
0.531,0.235,0.45,0,0,1,2
0.531,0.238,0.45,0,0,1,2
0.531,0.241,0.45,0,0,1,2
0.531,0.244,0.45,0,0,1,2
0.531,0.247,0.45,0,0,1,2
0.531,0.25,0.45,0,0,1,2
0.531,0.253,0.45,0,0,1,2
0.531,0.256,0.45,0,0,1,2
0.531,0.259,0.45,0,0,1,2
0.534,0.1,0.45,0,0,1,2
0.534,0.103,0.45,0,0,1,2
0.534,0.106,0.45,0,0,1,2
0.534,0.109,0.45,0,0,1,2
0.534,0.112,0.45,0,0,1,2
0.534,0.115,0.45,0,0,1,2
0.534,0.118,0.45,0,0,1,2
0.534,0.121,0.45,0,0,1,2
0.534,0.124,0.45,0,0,1,2
0.534,0.127,0.45,0,0,1,2
0.534,0.13,0.45,0,0,1,2
0.534,0.133,0.45,0,0,1,2
0.534,0.136,0.45,0,0,1,2
0.534,0.139,0.45,0,0,1,2
0.534,0.142,0.45,0,0,1,2
0.534,0.145,0.45,0,0,1,2
0.534,0.148,0.45,0,0,1,2
0.534,0.151,0.45,0,0,1,2
0.534,0.154,0.45,0,0,1,2
0.534,0.157,0.45,0,0,1,2
0.534,0.16,0.45,0,0,1,2
0.534,0.163,0.45,0,0,1,2
0.534,0.166,0.45,0,0,1,2
0.534,0.169,0.45,0,0,1,2
0.534,0.172,0.45,0,0,1,2
0.534,0.175,0.45,0,0,1,2
0.534,0.178,0.45,0,0,1,2
0.534,0.181,0.45,0,0,1,2
0.534,0.184,0.45,0,0,1,2
0.534,0.187,0.45,0,0,1,2
0.534,0.19,0.45,0,0,1,2
0.534,0.193,0.45,0,0,1,2
0.534,0.196,0.45,0,0,1,2
0.534,0.199,0.45,0,0,1,2
0.534,0.202,0.45,0,0,1,2
0.534,0.205,0.45,0,0,1,2
0.534,0.208,0.45,0,0,1,2
0.534,0.211,0.45,0,0,1,2
0.534,0.214,0.45,0,0,1,2
0.534,0.217,0.45,0,0,1,2
0.534,0.22,0.45,0,0,1,2
0.534,0.223,0.45,0,0,1,2
0.534,0.226,0.45,0,0,1,2
0.534,0.229,0.45,0,0,1,2
0.534,0.232,0.45,0,0,1,2
0.534,0.235,0.45,0,0,1,2
0.534,0.238,0.45,0,0,1,2
0.534,0.241,0.45,0,0,1,2
0.534,0.244,0.45,0,0,1,2
0.534,0.247,0.45,0,0,1,2
0.534,0.25,0.45,0,0,1,2
0.534,0.253,0.45,0,0,1,2
0.534,0.256,0.45,0,0,1,2
0.534,0.259,0.45,0,0,1,2
0.537,0.1,0.45,0,0,1,2
0.537,0.103,0.45,0,0,1,2
0.537,0.106,0.45,0,0,1,2
0.537,0.109,0.45,0,0,1,2
0.537,0.112,0.45,0,0,1,2
0.537,0.115,0.45,0,0,1,2
0.537,0.118,0.45,0,0,1,2
0.537,0.121,0.45,0,0,1,2
0.537,0.124,0.45,0,0,1,2
0.537,0.127,0.45,0,0,1,2
0.537,0.13,0.45,0,0,1,2
0.537,0.133,0.45,0,0,1,2
0.537,0.136,0.45,0,0,1,2
0.537,0.139,0.45,0,0,1,2
0.537,0.142,0.45,0,0,1,2
0.537,0.145,0.45,0,0,1,2
0.537,0.148,0.45,0,0,1,2
0.537,0.151,0.45,0,0,1,2
0.537,0.154,0.45,0,0,1,2
0.537,0.157,0.45,0,0,1,2
0.537,0.16,0.45,0,0,1,2
0.537,0.163,0.45,0,0,1,2
0.537,0.166,0.45,0,0,1,2
0.537,0.169,0.45,0,0,1,2
0.537,0.172,0.45,0,0,1,2
0.537,0.175,0.45,0,0,1,2
0.537,0.178,0.45,0,0,1,2
0.537,0.181,0.45,0,0,1,2
0.537,0.184,0.45,0,0,1,2
0.537,0.187,0.45,0,0,1,2
0.537,0.19,0.45,0,0,1,2
0.537,0.193,0.45,0,0,1,2
0.537,0.196,0.45,0,0,1,2
0.537,0.199,0.45,0,0,1,2
0.537,0.202,0.45,0,0,1,2
0.537,0.205,0.45,0,0,1,2
0.537,0.208,0.45,0,0,1,2
0.537,0.211,0.45,0,0,1,2
0.537,0.214,0.45,0,0,1,2
0.537,0.217,0.45,0,0,1,2
0.537,0.22,0.45,0,0,1,2
0.537,0.223,0.45,0,0,1,2
0.537,0.226,0.45,0,0,1,2
0.537,0.229,0.45,0,0,1,2
0.537,0.232,0.45,0,0,1,2
0.537,0.235,0.45,0,0,1,2
0.537,0.238,0.45,0,0,1,2
0.537,0.241,0.45,0,0,1,2
0.537,0.244,0.45,0,0,1,2
0.537,0.247,0.45,0,0,1,2
0.537,0.25,0.45,0,0,1,2
0.537,0.253,0.45,0,0,1,2
0.537,0.256,0.45,0,0,1,2
0.537,0.259,0.45,0,0,1,2
0.54,0.1,0.45,0,0,1,2
0.54,0.103,0.45,0,0,1,2
0.54,0.106,0.45,0,0,1,2
0.54,0.109,0.45,0,0,1,2
0.54,0.112,0.45,0,0,1,2
0.54,0.115,0.45,0,0,1,2
0.54,0.118,0.45,0,0,1,2
0.54,0.121,0.45,0,0,1,2
0.54,0.124,0.45,0,0,1,2
0.54,0.127,0.45,0,0,1,2
0.54,0.13,0.45,0,0,1,2
0.54,0.133,0.45,0,0,1,2
0.54,0.136,0.45,0,0,1,2
0.54,0.139,0.45,0,0,1,2
0.54,0.142,0.45,0,0,1,2
0.54,0.145,0.45,0,0,1,2
0.54,0.148,0.45,0,0,1,2
0.54,0.151,0.45,0,0,1,2
0.54,0.154,0.45,0,0,1,2
0.54,0.157,0.45,0,0,1,2
0.54,0.16,0.45,0,0,1,2
0.54,0.163,0.45,0,0,1,2
0.54,0.166,0.45,0,0,1,2
0.54,0.169,0.45,0,0,1,2
0.54,0.172,0.45,0,0,1,2
0.54,0.175,0.45,0,0,1,2
0.54,0.178,0.45,0,0,1,2
0.54,0.181,0.45,0,0,1,2
0.54,0.184,0.45,0,0,1,2
0.54,0.187,0.45,0,0,1,2
0.54,0.19,0.45,0,0,1,2
0.54,0.193,0.45,0,0,1,2
0.54,0.196,0.45,0,0,1,2
0.54,0.199,0.45,0,0,1,2
0.54,0.202,0.45,0,0,1,2
0.54,0.205,0.45,0,0,1,2
0.54,0.208,0.45,0,0,1,2
0.54,0.211,0.45,0,0,1,2
0.54,0.214,0.45,0,0,1,2
0.54,0.217,0.45,0,0,1,2
0.54,0.22,0.45,0,0,1,2
0.54,0.223,0.45,0,0,1,2
0.54,0.226,0.45,0,0,1,2
0.54,0.229,0.45,0,0,1,2
0.54,0.232,0.45,0,0,1,2
0.54,0.235,0.45,0,0,1,2
0.54,0.238,0.45,0,0,1,2
0.54,0.241,0.45,0,0,1,2
0.54,0.244,0.45,0,0,1,2
0.54,0.247,0.45,0,0,1,2
0.54,0.25,0.45,0,0,1,2
0.54,0.253,0.45,0,0,1,2
0.54,0.256,0.45,0,0,1,2
0.54,0.259,0.45,0,0,1,2
0.543,0.1,0.45,0,0,1,2
0.543,0.103,0.45,0,0,1,2
0.543,0.106,0.45,0,0,1,2
0.543,0.109,0.45,0,0,1,2
0.543,0.112,0.45,0,0,1,2
0.543,0.115,0.45,0,0,1,2
0.543,0.118,0.45,0,0,1,2
0.543,0.121,0.45,0,0,1,2
0.543,0.124,0.45,0,0,1,2
0.543,0.127,0.45,0,0,1,2
0.543,0.13,0.45,0,0,1,2
0.543,0.133,0.45,0,0,1,2
0.543,0.136,0.45,0,0,1,2
0.543,0.139,0.45,0,0,1,2
0.543,0.142,0.45,0,0,1,2
0.543,0.145,0.45,0,0,1,2
0.543,0.148,0.45,0,0,1,2
0.543,0.151,0.45,0,0,1,2
0.543,0.154,0.45,0,0,1,2
0.543,0.157,0.45,0,0,1,2
0.543,0.16,0.45,0,0,1,2
0.543,0.163,0.45,0,0,1,2
0.543,0.166,0.45,0,0,1,2
0.543,0.169,0.45,0,0,1,2
0.543,0.172,0.45,0,0,1,2
0.543,0.175,0.45,0,0,1,2
0.543,0.178,0.45,0,0,1,2
0.543,0.181,0.45,0,0,1,2
0.543,0.184,0.45,0,0,1,2
0.543,0.187,0.45,0,0,1,2
0.543,0.19,0.45,0,0,1,2
0.543,0.193,0.45,0,0,1,2
0.543,0.196,0.45,0,0,1,2
0.543,0.199,0.45,0,0,1,2
0.543,0.202,0.45,0,0,1,2
0.543,0.205,0.45,0,0,1,2
0.543,0.208,0.45,0,0,1,2
0.543,0.211,0.45,0,0,1,2
0.543,0.214,0.45,0,0,1,2
0.543,0.217,0.45,0,0,1,2
0.543,0.22,0.45,0,0,1,2
0.543,0.223,0.45,0,0,1,2
0.543,0.226,0.45,0,0,1,2
0.543,0.229,0.45,0,0,1,2
0.543,0.232,0.45,0,0,1,2
0.543,0.235,0.45,0,0,1,2
0.543,0.238,0.45,0,0,1,2
0.543,0.241,0.45,0,0,1,2
0.543,0.244,0.45,0,0,1,2
0.543,0.247,0.45,0,0,1,2
0.543,0.25,0.45,0,0,1,2
0.543,0.253,0.45,0,0,1,2
0.543,0.256,0.45,0,0,1,2
0.543,0.259,0.45,0,0,1,2
0.546,0.1,0.45,0,0,1,2
0.546,0.103,0.45,0,0,1,2
0.546,0.106,0.45,0,0,1,2
0.546,0.109,0.45,0,0,1,2
0.546,0.112,0.45,0,0,1,2
0.546,0.115,0.45,0,0,1,2
0.546,0.118,0.45,0,0,1,2
0.546,0.121,0.45,0,0,1,2
0.546,0.124,0.45,0,0,1,2
0.546,0.127,0.45,0,0,1,2
0.546,0.13,0.45,0,0,1,2
0.546,0.133,0.45,0,0,1,2
0.546,0.136,0.45,0,0,1,2
0.546,0.139,0.45,0,0,1,2
0.546,0.142,0.45,0,0,1,2
0.546,0.145,0.45,0,0,1,2
0.546,0.148,0.45,0,0,1,2
0.546,0.151,0.45,0,0,1,2
0.546,0.154,0.45,0,0,1,2
0.546,0.157,0.45,0,0,1,2
0.546,0.16,0.45,0,0,1,2
0.546,0.163,0.45,0,0,1,2
0.546,0.166,0.45,0,0,1,2
0.546,0.169,0.45,0,0,1,2
0.546,0.172,0.45,0,0,1,2
0.546,0.175,0.45,0,0,1,2
0.546,0.178,0.45,0,0,1,2
0.546,0.181,0.45,0,0,1,2
0.546,0.184,0.45,0,0,1,2
0.546,0.187,0.45,0,0,1,2
0.546,0.19,0.45,0,0,1,2
0.546,0.193,0.45,0,0,1,2
0.546,0.196,0.45,0,0,1,2
0.546,0.199,0.45,0,0,1,2
0.546,0.202,0.45,0,0,1,2
0.546,0.205,0.45,0,0,1,2
0.546,0.208,0.45,0,0,1,2
0.546,0.211,0.45,0,0,1,2
0.546,0.214,0.45,0,0,1,2
0.546,0.217,0.45,0,0,1,2
0.546,0.22,0.45,0,0,1,2
0.546,0.223,0.45,0,0,1,2
0.546,0.226,0.45,0,0,1,2
0.546,0.229,0.45,0,0,1,2
0.546,0.232,0.45,0,0,1,2
0.546,0.235,0.45,0,0,1,2
0.546,0.238,0.45,0,0,1,2
0.546,0.241,0.45,0,0,1,2
0.546,0.244,0.45,0,0,1,2
0.546,0.247,0.45,0,0,1,2
0.546,0.25,0.45,0,0,1,2
0.546,0.253,0.45,0,0,1,2
0.546,0.256,0.45,0,0,1,2
0.546,0.259,0.45,0,0,1,2
0.549,0.1,0.45,0,0,1,2
0.549,0.103,0.45,0,0,1,2
0.549,0.106,0.45,0,0,1,2
0.549,0.109,0.45,0,0,1,2
0.549,0.112,0.45,0,0,1,2
0.549,0.115,0.45,0,0,1,2
0.549,0.118,0.45,0,0,1,2
0.549,0.121,0.45,0,0,1,2
0.549,0.124,0.45,0,0,1,2
0.549,0.127,0.45,0,0,1,2
0.549,0.13,0.45,0,0,1,2
0.549,0.133,0.45,0,0,1,2
0.549,0.136,0.45,0,0,1,2
0.549,0.139,0.45,0,0,1,2
0.549,0.142,0.45,0,0,1,2
0.549,0.145,0.45,0,0,1,2
0.549,0.148,0.45,0,0,1,2
0.549,0.151,0.45,0,0,1,2
0.549,0.154,0.45,0,0,1,2
0.549,0.157,0.45,0,0,1,2
0.549,0.16,0.45,0,0,1,2
0.549,0.163,0.45,0,0,1,2
0.549,0.166,0.45,0,0,1,2
0.549,0.169,0.45,0,0,1,2
0.549,0.172,0.45,0,0,1,2
0.549,0.175,0.45,0,0,1,2
0.549,0.178,0.45,0,0,1,2
0.549,0.181,0.45,0,0,1,2
0.549,0.184,0.45,0,0,1,2
0.549,0.187,0.45,0,0,1,2
0.549,0.19,0.45,0,0,1,2
0.549,0.193,0.45,0,0,1,2
0.549,0.196,0.45,0,0,1,2
0.549,0.199,0.45,0,0,1,2
0.549,0.202,0.45,0,0,1,2
0.549,0.205,0.45,0,0,1,2
0.549,0.208,0.45,0,0,1,2
0.549,0.211,0.45,0,0,1,2
0.549,0.214,0.45,0,0,1,2
0.549,0.217,0.45,0,0,1,2
0.549,0.22,0.45,0,0,1,2
0.549,0.223,0.45,0,0,1,2
0.549,0.226,0.45,0,0,1,2
0.549,0.229,0.45,0,0,1,2
0.549,0.232,0.45,0,0,1,2
0.549,0.235,0.45,0,0,1,2
0.549,0.238,0.45,0,0,1,2
0.549,0.241,0.45,0,0,1,2
0.549,0.244,0.45,0,0,1,2
0.549,0.247,0.45,0,0,1,2
0.549,0.25,0.45,0,0,1,2
0.549,0.253,0.45,0,0,1,2
0.549,0.256,0.45,0,0,1,2
0.549,0.259,0.45,0,0,1,2
0.552,0.1,0.45,0,0,1,2
0.552,0.103,0.45,0,0,1,2
0.552,0.106,0.45,0,0,1,2
0.552,0.109,0.45,0,0,1,2
0.552,0.112,0.45,0,0,1,2
0.552,0.115,0.45,0,0,1,2
0.552,0.118,0.45,0,0,1,2
0.552,0.121,0.45,0,0,1,2
0.552,0.124,0.45,0,0,1,2
0.552,0.127,0.45,0,0,1,2
0.552,0.13,0.45,0,0,1,2
0.552,0.133,0.45,0,0,1,2
0.552,0.136,0.45,0,0,1,2
0.552,0.139,0.45,0,0,1,2
0.552,0.142,0.45,0,0,1,2
0.552,0.145,0.45,0,0,1,2
0.552,0.148,0.45,0,0,1,2
0.552,0.151,0.45,0,0,1,2
0.552,0.154,0.45,0,0,1,2
0.552,0.157,0.45,0,0,1,2
0.552,0.16,0.45,0,0,1,2
0.552,0.163,0.45,0,0,1,2
0.552,0.166,0.45,0,0,1,2
0.552,0.169,0.45,0,0,1,2
0.552,0.172,0.45,0,0,1,2
0.552,0.175,0.45,0,0,1,2
0.552,0.178,0.45,0,0,1,2
0.552,0.181,0.45,0,0,1,2
0.552,0.184,0.45,0,0,1,2
0.552,0.187,0.45,0,0,1,2
0.552,0.19,0.45,0,0,1,2
0.552,0.193,0.45,0,0,1,2
0.552,0.196,0.45,0,0,1,2
0.552,0.199,0.45,0,0,1,2
0.552,0.202,0.45,0,0,1,2
0.552,0.205,0.45,0,0,1,2
0.552,0.208,0.45,0,0,1,2
0.552,0.211,0.45,0,0,1,2
0.552,0.214,0.45,0,0,1,2
0.552,0.217,0.45,0,0,1,2
0.552,0.22,0.45,0,0,1,2
0.552,0.223,0.45,0,0,1,2
0.552,0.226,0.45,0,0,1,2
0.552,0.229,0.45,0,0,1,2
0.552,0.232,0.45,0,0,1,2
0.552,0.235,0.45,0,0,1,2
0.552,0.238,0.45,0,0,1,2
0.552,0.241,0.45,0,0,1,2
0.552,0.244,0.45,0,0,1,2
0.552,0.247,0.45,0,0,1,2
0.552,0.25,0.45,0,0,1,2
0.552,0.253,0.45,0,0,1,2
0.552,0.256,0.45,0,0,1,2
0.552,0.259,0.45,0,0,1,2
0.555,0.1,0.45,0,0,1,2
0.555,0.103,0.45,0,0,1,2
0.555,0.106,0.45,0,0,1,2
0.555,0.109,0.45,0,0,1,2
0.555,0.112,0.45,0,0,1,2
0.555,0.115,0.45,0,0,1,2
0.555,0.118,0.45,0,0,1,2
0.555,0.121,0.45,0,0,1,2
0.555,0.124,0.45,0,0,1,2
0.555,0.127,0.45,0,0,1,2
0.555,0.13,0.45,0,0,1,2
0.555,0.133,0.45,0,0,1,2
0.555,0.136,0.45,0,0,1,2
0.555,0.139,0.45,0,0,1,2
0.555,0.142,0.45,0,0,1,2
0.555,0.145,0.45,0,0,1,2
0.555,0.148,0.45,0,0,1,2
0.555,0.151,0.45,0,0,1,2
0.555,0.154,0.45,0,0,1,2
0.555,0.157,0.45,0,0,1,2
0.555,0.16,0.45,0,0,1,2
0.555,0.163,0.45,0,0,1,2
0.555,0.166,0.45,0,0,1,2
0.555,0.169,0.45,0,0,1,2
0.555,0.172,0.45,0,0,1,2
0.555,0.175,0.45,0,0,1,2
0.555,0.178,0.45,0,0,1,2
0.555,0.181,0.45,0,0,1,2
0.555,0.184,0.45,0,0,1,2
0.555,0.187,0.45,0,0,1,2
0.555,0.19,0.45,0,0,1,2
0.555,0.193,0.45,0,0,1,2
0.555,0.196,0.45,0,0,1,2
0.555,0.199,0.45,0,0,1,2
0.555,0.202,0.45,0,0,1,2
0.555,0.205,0.45,0,0,1,2
0.555,0.208,0.45,0,0,1,2
0.555,0.211,0.45,0,0,1,2
0.555,0.214,0.45,0,0,1,2
0.555,0.217,0.45,0,0,1,2
0.555,0.22,0.45,0,0,1,2
0.555,0.223,0.45,0,0,1,2
0.555,0.226,0.45,0,0,1,2
0.555,0.229,0.45,0,0,1,2
0.555,0.232,0.45,0,0,1,2
0.555,0.235,0.45,0,0,1,2
0.555,0.238,0.45,0,0,1,2
0.555,0.241,0.45,0,0,1,2
0.555,0.244,0.45,0,0,1,2
0.555,0.247,0.45,0,0,1,2
0.555,0.25,0.45,0,0,1,2
0.555,0.253,0.45,0,0,1,2
0.555,0.256,0.45,0,0,1,2
0.555,0.259,0.45,0,0,1,2
0.558,0.1,0.45,0,0,1,2
0.558,0.103,0.45,0,0,1,2
0.558,0.106,0.45,0,0,1,2
0.558,0.109,0.45,0,0,1,2
0.558,0.112,0.45,0,0,1,2
0.558,0.115,0.45,0,0,1,2
0.558,0.118,0.45,0,0,1,2
0.558,0.121,0.45,0,0,1,2
0.558,0.124,0.45,0,0,1,2
0.558,0.127,0.45,0,0,1,2
0.558,0.13,0.45,0,0,1,2
0.558,0.133,0.45,0,0,1,2
0.558,0.136,0.45,0,0,1,2
0.558,0.139,0.45,0,0,1,2
0.558,0.142,0.45,0,0,1,2
0.558,0.145,0.45,0,0,1,2
0.558,0.148,0.45,0,0,1,2
0.558,0.151,0.45,0,0,1,2
0.558,0.154,0.45,0,0,1,2
0.558,0.157,0.45,0,0,1,2
0.558,0.16,0.45,0,0,1,2
0.558,0.163,0.45,0,0,1,2
0.558,0.166,0.45,0,0,1,2
0.558,0.169,0.45,0,0,1,2
0.558,0.172,0.45,0,0,1,2
0.558,0.175,0.45,0,0,1,2
0.558,0.178,0.45,0,0,1,2
0.558,0.181,0.45,0,0,1,2
0.558,0.184,0.45,0,0,1,2
0.558,0.187,0.45,0,0,1,2
0.558,0.19,0.45,0,0,1,2
0.558,0.193,0.45,0,0,1,2
0.558,0.196,0.45,0,0,1,2
0.558,0.199,0.45,0,0,1,2
0.558,0.202,0.45,0,0,1,2
0.558,0.205,0.45,0,0,1,2
0.558,0.208,0.45,0,0,1,2
0.558,0.211,0.45,0,0,1,2
0.558,0.214,0.45,0,0,1,2
0.558,0.217,0.45,0,0,1,2
0.558,0.22,0.45,0,0,1,2
0.558,0.223,0.45,0,0,1,2
0.558,0.226,0.45,0,0,1,2
0.558,0.229,0.45,0,0,1,2
0.558,0.232,0.45,0,0,1,2
0.558,0.235,0.45,0,0,1,2
0.558,0.238,0.45,0,0,1,2
0.558,0.241,0.45,0,0,1,2
0.558,0.244,0.45,0,0,1,2
0.558,0.247,0.45,0,0,1,2
0.558,0.25,0.45,0,0,1,2
0.558,0.253,0.45,0,0,1,2
0.558,0.256,0.45,0,0,1,2
0.558,0.259,0.45,0,0,1,2
0.561,0.1,0.45,0,0,1,2
0.561,0.103,0.45,0,0,1,2
0.561,0.106,0.45,0,0,1,2
0.561,0.109,0.45,0,0,1,2
0.561,0.112,0.45,0,0,1,2
0.561,0.115,0.45,0,0,1,2
0.561,0.118,0.45,0,0,1,2
0.561,0.121,0.45,0,0,1,2
0.561,0.124,0.45,0,0,1,2
0.561,0.127,0.45,0,0,1,2
0.561,0.13,0.45,0,0,1,2
0.561,0.133,0.45,0,0,1,2
0.561,0.136,0.45,0,0,1,2
0.561,0.139,0.45,0,0,1,2
0.561,0.142,0.45,0,0,1,2
0.561,0.145,0.45,0,0,1,2
0.561,0.148,0.45,0,0,1,2
0.561,0.151,0.45,0,0,1,2
0.561,0.154,0.45,0,0,1,2
0.561,0.157,0.45,0,0,1,2
0.561,0.16,0.45,0,0,1,2
0.561,0.163,0.45,0,0,1,2
0.561,0.166,0.45,0,0,1,2
0.561,0.169,0.45,0,0,1,2
0.561,0.172,0.45,0,0,1,2
0.561,0.175,0.45,0,0,1,2
0.561,0.178,0.45,0,0,1,2
0.561,0.181,0.45,0,0,1,2
0.561,0.184,0.45,0,0,1,2
0.561,0.187,0.45,0,0,1,2
0.561,0.19,0.45,0,0,1,2
0.561,0.193,0.45,0,0,1,2
0.561,0.196,0.45,0,0,1,2
0.561,0.199,0.45,0,0,1,2
0.561,0.202,0.45,0,0,1,2
0.561,0.205,0.45,0,0,1,2
0.561,0.208,0.45,0,0,1,2
0.561,0.211,0.45,0,0,1,2
0.561,0.214,0.45,0,0,1,2
0.561,0.217,0.45,0,0,1,2
0.561,0.22,0.45,0,0,1,2
0.561,0.223,0.45,0,0,1,2
0.561,0.226,0.45,0,0,1,2
0.561,0.229,0.45,0,0,1,2
0.561,0.232,0.45,0,0,1,2
0.561,0.235,0.45,0,0,1,2
0.561,0.238,0.45,0,0,1,2
0.561,0.241,0.45,0,0,1,2
0.561,0.244,0.45,0,0,1,2
0.561,0.247,0.45,0,0,1,2
0.561,0.25,0.45,0,0,1,2
0.561,0.253,0.45,0,0,1,2
0.561,0.256,0.45,0,0,1,2
0.561,0.259,0.45,0,0,1,2
0.564,0.1,0.45,0,0,1,2
0.564,0.103,0.45,0,0,1,2
0.564,0.106,0.45,0,0,1,2
0.564,0.109,0.45,0,0,1,2
0.564,0.112,0.45,0,0,1,2
0.564,0.115,0.45,0,0,1,2
0.564,0.118,0.45,0,0,1,2
0.564,0.121,0.45,0,0,1,2
0.564,0.124,0.45,0,0,1,2
0.564,0.127,0.45,0,0,1,2
0.564,0.13,0.45,0,0,1,2
0.564,0.133,0.45,0,0,1,2
0.564,0.136,0.45,0,0,1,2
0.564,0.139,0.45,0,0,1,2
0.564,0.142,0.45,0,0,1,2
0.564,0.145,0.45,0,0,1,2
0.564,0.148,0.45,0,0,1,2
0.564,0.151,0.45,0,0,1,2
0.564,0.154,0.45,0,0,1,2
0.564,0.157,0.45,0,0,1,2
0.564,0.16,0.45,0,0,1,2
0.564,0.163,0.45,0,0,1,2
0.564,0.166,0.45,0,0,1,2
0.564,0.169,0.45,0,0,1,2
0.564,0.172,0.45,0,0,1,2
0.564,0.175,0.45,0,0,1,2
0.564,0.178,0.45,0,0,1,2
0.564,0.181,0.45,0,0,1,2
0.564,0.184,0.45,0,0,1,2
0.564,0.187,0.45,0,0,1,2
0.564,0.19,0.45,0,0,1,2
0.564,0.193,0.45,0,0,1,2
0.564,0.196,0.45,0,0,1,2
0.564,0.199,0.45,0,0,1,2
0.564,0.202,0.45,0,0,1,2
0.564,0.205,0.45,0,0,1,2
0.564,0.208,0.45,0,0,1,2
0.564,0.211,0.45,0,0,1,2
0.564,0.214,0.45,0,0,1,2
0.564,0.217,0.45,0,0,1,2
0.564,0.22,0.45,0,0,1,2
0.564,0.223,0.45,0,0,1,2
0.564,0.226,0.45,0,0,1,2
0.564,0.229,0.45,0,0,1,2
0.564,0.232,0.45,0,0,1,2
0.564,0.235,0.45,0,0,1,2
0.564,0.238,0.45,0,0,1,2
0.564,0.241,0.45,0,0,1,2
0.564,0.244,0.45,0,0,1,2
0.564,0.247,0.45,0,0,1,2
0.564,0.25,0.45,0,0,1,2
0.564,0.253,0.45,0,0,1,2
0.564,0.256,0.45,0,0,1,2
0.564,0.259,0.45,0,0,1,2
0.567,0.1,0.45,0,0,1,2
0.567,0.103,0.45,0,0,1,2
0.567,0.106,0.45,0,0,1,2
0.567,0.109,0.45,0,0,1,2
0.567,0.112,0.45,0,0,1,2
0.567,0.115,0.45,0,0,1,2
0.567,0.118,0.45,0,0,1,2
0.567,0.121,0.45,0,0,1,2
0.567,0.124,0.45,0,0,1,2
0.567,0.127,0.45,0,0,1,2
0.567,0.13,0.45,0,0,1,2
0.567,0.133,0.45,0,0,1,2
0.567,0.136,0.45,0,0,1,2
0.567,0.139,0.45,0,0,1,2
0.567,0.142,0.45,0,0,1,2
0.567,0.145,0.45,0,0,1,2
0.567,0.148,0.45,0,0,1,2
0.567,0.151,0.45,0,0,1,2
0.567,0.154,0.45,0,0,1,2
0.567,0.157,0.45,0,0,1,2
0.567,0.16,0.45,0,0,1,2
0.567,0.163,0.45,0,0,1,2
0.567,0.166,0.45,0,0,1,2
0.567,0.169,0.45,0,0,1,2
0.567,0.172,0.45,0,0,1,2
0.567,0.175,0.45,0,0,1,2
0.567,0.178,0.45,0,0,1,2
0.567,0.181,0.45,0,0,1,2
0.567,0.184,0.45,0,0,1,2
0.567,0.187,0.45,0,0,1,2
0.567,0.19,0.45,0,0,1,2
0.567,0.193,0.45,0,0,1,2
0.567,0.196,0.45,0,0,1,2
0.567,0.199,0.45,0,0,1,2
0.567,0.202,0.45,0,0,1,2
0.567,0.205,0.45,0,0,1,2
0.567,0.208,0.45,0,0,1,2
0.567,0.211,0.45,0,0,1,2
0.567,0.214,0.45,0,0,1,2
0.567,0.217,0.45,0,0,1,2
0.567,0.22,0.45,0,0,1,2
0.567,0.223,0.45,0,0,1,2
0.567,0.226,0.45,0,0,1,2
0.567,0.229,0.45,0,0,1,2
0.567,0.232,0.45,0,0,1,2
0.567,0.235,0.45,0,0,1,2
0.567,0.238,0.45,0,0,1,2
0.567,0.241,0.45,0,0,1,2
0.567,0.244,0.45,0,0,1,2
0.567,0.247,0.45,0,0,1,2
0.567,0.25,0.45,0,0,1,2
0.567,0.253,0.45,0,0,1,2
0.567,0.256,0.45,0,0,1,2
0.567,0.259,0.45,0,0,1,2
0.57,0.1,0.45,0,0,1,2
0.57,0.103,0.45,0,0,1,2
0.57,0.106,0.45,0,0,1,2
0.57,0.109,0.45,0,0,1,2
0.57,0.112,0.45,0,0,1,2
0.57,0.115,0.45,0,0,1,2
0.57,0.118,0.45,0,0,1,2
0.57,0.121,0.45,0,0,1,2
0.57,0.124,0.45,0,0,1,2
0.57,0.127,0.45,0,0,1,2
0.57,0.13,0.45,0,0,1,2
0.57,0.133,0.45,0,0,1,2
0.57,0.136,0.45,0,0,1,2
0.57,0.139,0.45,0,0,1,2
0.57,0.142,0.45,0,0,1,2
0.57,0.145,0.45,0,0,1,2
0.57,0.148,0.45,0,0,1,2
0.57,0.151,0.45,0,0,1,2
0.57,0.154,0.45,0,0,1,2
0.57,0.157,0.45,0,0,1,2
0.57,0.16,0.45,0,0,1,2
0.57,0.163,0.45,0,0,1,2
0.57,0.166,0.45,0,0,1,2
0.57,0.169,0.45,0,0,1,2
0.57,0.172,0.45,0,0,1,2
0.57,0.175,0.45,0,0,1,2
0.57,0.178,0.45,0,0,1,2
0.57,0.181,0.45,0,0,1,2
0.57,0.184,0.45,0,0,1,2
0.57,0.187,0.45,0,0,1,2
0.57,0.19,0.45,0,0,1,2
0.57,0.193,0.45,0,0,1,2
0.57,0.196,0.45,0,0,1,2
0.57,0.199,0.45,0,0,1,2
0.57,0.202,0.45,0,0,1,2
0.57,0.205,0.45,0,0,1,2
0.57,0.208,0.45,0,0,1,2
0.57,0.211,0.45,0,0,1,2
0.57,0.214,0.45,0,0,1,2
0.57,0.217,0.45,0,0,1,2
0.57,0.22,0.45,0,0,1,2
0.57,0.223,0.45,0,0,1,2
0.57,0.226,0.45,0,0,1,2
0.57,0.229,0.45,0,0,1,2
0.57,0.232,0.45,0,0,1,2
0.57,0.235,0.45,0,0,1,2
0.57,0.238,0.45,0,0,1,2
0.57,0.241,0.45,0,0,1,2
0.57,0.244,0.45,0,0,1,2
0.57,0.247,0.45,0,0,1,2
0.57,0.25,0.45,0,0,1,2
0.57,0.253,0.45,0,0,1,2
0.57,0.256,0.45,0,0,1,2
0.57,0.259,0.45,0,0,1,2
