x,y,z,rho,p,is_boundary
0.0993558,0,0.0993252,18408.2,180082,0
0.0988096,0,0.0990408,18406.1,180061,0
0.0995274,0,0.0994935,18408,180080,0
0.116172,0,0.29225,25065.6,246656,0
0.115909,0,0.291573,25065.5,246655,0
0.11636,0,0.292276,25064.9,246649,0
0.116342,0,0.291745,25066,246660,0
0.100077,0,0.486629,18408.1,180081,0
0.0995316,0,0.486878,18406.8,180068,0
0.0999939,0,0.486708,18408.3,180083,0
0.0993523,0,0.0992516,18408.2,180082,0
0.0993027,0,0.0993275,18408.2,180082,0
0.0993334,0,0.0993226,18408.2,180082,0
0.116286,0,0.291984,25066.3,246663,0
0.115978,0,0.291697,25066.2,246662,0
0.11617,0,0.292163,25065.9,246659,0
0.116154,0,0.292074,25066.1,246661,0
0.100038,0,0.486806,18408.2,180082,0
0.100001,0,0.486652,18408.3,180083,0
0.100021,0,0.486684,18408.3,180083,0
0.0992761,0,0.0993266,18408.2,180082,0
0.0993386,0,0.0993366,18408.2,180082,0
0.0993098,0,0.0993012,18408.2,180082,0
0.116147,0,0.291966,25066.4,246664,0
0.116008,0,0.291856,25066.5,246665,0
0.11612,0,0.291896,25066.5,246665,0
0.116061,0,0.291855,25066.5,246665,0
0.100026,0,0.486761,18408.3,180083,0
0.100363,0,0.486554,18407.5,180075,0
0.100388,0,0.486863,18407.3,180073,0
0.0992975,0,0.0993317,18408.2,180082,0
0.099574,0,0.0997204,18406.9,180069,0
0.0993436,0,0.099316,18408.2,180082,0
0.116073,0,0.291909,25066.5,246665,0
0.115965,0,0.291818,25066.4,246664,0
0.116241,0,0.292269,25065.4,246654,0
0.116111,0,0.291971,25066.5,246665,0
0.0999747,0,0.486723,18408.3,180083,0
0.100003,0,0.486703,18408.3,180083,0
0.100079,0,0.48682,18408.2,180082,0
0.0994325,0,0.0993336,18408.1,180081,0
0.0990521,0,0.0991505,18407.7,180077,0
0.0993479,0,0.0993334,18408.2,180082,0
0.116113,0,0.292052,25066.3,246663,0
0.116031,0,0.291911,25066.5,246665,0
0.115517,0,0.29138,25062.4,246624,0
0.116227,0,0.292036,25066.4,246664,0
0.0999811,0,0.486751,18408.3,180083,0
0.100013,0,0.486703,18408.3,180083,0
0.0999497,0,0.486713,18408.3,180083,0
0.0994219,0,0.0994525,18408.1,180081,0
0.099345,0,0.0993898,18408.2,180082,0
0.0993242,0,0.0993197,18408.2,180082,0
0.116525,0,0.292341,25063.9,246639,0
0.116324,0,0.292624,25062.1,246621,0
0.116053,0,0.2919,25066.5,246665,0
0.115902,0,0.291603,25065.4,246654,0
0.100025,0,0.486734,18408.3,180083,0
0.0999755,0,0.486756,18408.3,180083,0
0.100016,0,0.486709,18408.3,180083,0
0.0991971,0,0.0992743,18408.2,180082,0
0.0994304,0,0.0996614,18407.5,180075,0
0.0990264,0,0.0990648,18407.4,180074,0
0.116087,0,0.292098,25066.3,246663,0
0.116017,0,0.291855,25066.5,246665,0
0.116037,0,0.291858,25066.5,246665,0
0.116053,0,0.291882,25066.5,246665,0
0.099887,0,0.486674,18408.2,180082,0
0.0999978,0,0.486724,18408.3,180083,0
0.100114,0,0.486668,18408.3,180083,0
0.0989106,0,0.0988373,18406.5,180065,0
0.0993586,0,0.0993493,18408.2,180082,0
0.099303,0,0.0992421,18408.2,180082,0
0.116064,0,0.291831,25066.5,246665,0
0.116022,0,0.291843,25066.5,246665,0
0.116074,0,0.291856,25066.5,246665,0
0.11606,0,0.291867,25066.5,246665,0
0.100216,0,0.486367,18407.7,180077,0
0.0998884,0,0.486726,18408.1,180081,0
0.0996477,0,0.486872,18407.5,180075,0
0.0992144,0,0.0991695,18408,180080,0
0.0993772,0,0.0993824,18408.2,180082,0
0.0991364,0,0.0990843,18408,180080,0
0.116103,0,0.291987,25066.5,246665,0
0.116089,0,0.291868,25066.5,246665,0
0.11607,0,0.292005,25066.5,246665,0
0.116098,0,0.291959,25066.5,246665,0
0.100122,0,0.486617,18408.2,180082,0
0.100169,0,0.486601,18408.2,180082,0
0.0997272,0,0.487,18407.1,180071,0
0.0994043,0,0.0993334,18408,180080,0
0.0995108,0,0.0994136,18407.8,180078,0
0.0993842,0,0.0994096,18408.2,180082,0
0.116092,0,0.292329,25065.6,246656,0
0.115972,0,0.291706,25066.3,246663,0
0.115976,0,0.291765,25066.4,246664,0
0.116137,0,0.292095,25066.3,246663,0
0.100125,0,0.486635,18408.2,180082,0
0.10011,0,0.486617,18408.2,180082,0
0.0996976,0,0.486874,18407,180070,0
0.0993183,0,0.0993298,18408.2,180082,0
0.0993426,0,0.0992484,18408.2,180082,0
0.0993602,0,0.0993185,18408.2,180082,0
0.116083,0,0.291879,25066.5,246665,0
0.11605,0,0.291804,25066.4,246664,0
0.116044,0,0.291916,25066.5,246665,0
0.11612,0,0.29195,25066.5,246665,0
0.10018,0,0.486576,18408.1,180081,0
0.0998073,0,0.486748,18408,180080,0
0.100172,0,0.486697,18408.1,180081,0
0.0995405,0,0.0996038,18407.2,180072,0
0.09933,0,0.0993283,18408.2,180082,0
0.0992957,0,0.0993321,18408.2,180082,0
0.116121,0,0.291954,25066.5,246665,0
0.116019,0,0.291817,25066.5,246665,0
0.116117,0,0.291965,25066.5,246665,0
0.115834,0,0.291618,25065.4,246654,0
0.100307,0,0.486461,18407.8,180078,0
0.0999772,0,0.486784,18408.2,180082,0
0.100007,0,0.486681,18408.3,180083,0
0.0994573,0,0.0994379,18408.1,180081,0
0.0995779,0,0.0996537,18407.1,180071,0
0.0994126,0,0.0992704,18408.2,180082,0
0.116087,0,0.291981,25066.4,246664,0
0.115974,0,0.291735,25066.3,246663,0
0.115979,0,0.291817,25066.4,246664,0
0.115999,0,0.291769,25066.3,246663,0
0.100459,0,0.486344,18406.6,180066,0
0.10001,0,0.486688,18408.3,180083,0
0.100047,0,0.486719,18408.3,180083,0
0.0992993,0,0.0992124,18408.1,180081,0
0.0993163,0,0.0993218,18408.2,180082,0
0.0993171,0,0.099297,18408.2,180082,0
0.115997,0,0.291747,25066.3,246663,0
0.115948,0,0.292374,25064.7,246647,0
0.116113,0,0.291953,25066.4,246664,0
0.116057,0,0.291802,25066.4,246664,0
0.0999744,0,0.486774,18408.2,180082,0
0.100047,0,0.486715,18408.3,180083,0
0.0999677,0,0.486677,18408.3,180083,0
0.0993907,0,0.0994294,18408.1,180081,0
0.0993087,0,0.0993471,18408.2,180082,0
0.0991002,0,0.0991517,18408,180080,0
0.115915,0,0.291701,25066,246660,0
0.116031,0,0.291795,25066.4,246664,0
0.116561,0,0.292305,25063.6,246636,0
0.116004,0,0.291619,25065.6,246656,0
0.100011,0,0.486691,18408.3,180083,0
0.0999693,0,0.486828,18408.2,180082,0
0.0999626,0,0.486734,18408.3,180083,0
0.0993021,0,0.0993018,18408.2,180082,0
0.0993105,0,0.0993152,18408.2,180082,0
0.0993501,0,0.0993147,18408.2,180082,0
0.116026,0,0.291812,25066.4,246664,0
0.116303,0,0.29191,25066.2,246662,0
0.115729,0,0.291524,25064.4,246644,0
0.116284,0,0.292242,25065.1,246651,0
0.100003,0,0.48669,18408.3,180083,0
0.100021,0,0.486702,18408.3,180083,0
0.0999376,0,0.486635,18408.2,180082,0
0.0991115,0,0.0991017,18407.8,180078,0
0.0994698,0,0.0995888,18407.7,180077,0
0.0990579,0,0.0991684,18407.8,180078,0
0.116152,0,0.292161,25066,246660,0
0.116012,0,0.291837,25066.4,246664,0
0.116319,0,0.292186,25065.3,246653,0
0.116045,0,0.291864,25066.5,246665,0
0.100006,0,0.486713,18408.3,180083,0
0.100039,0,0.486699,18408.3,180083,0
0.100033,0,0.486684,18408.3,180083,0
0.0995472,0,0.0995731,18407.6,180076,0
0.099352,0,0.0993214,18408.2,180082,0
0.0994146,0,0.0993958,18408.1,180081,0
0.116077,0,0.291874,25066.5,246665,0
0.116074,0,0.291913,25066.5,246665,0
0.116064,0,0.291884,25066.5,246665,0
0.116071,0,0.291865,25066.5,246665,0
0.100128,0,0.486574,18408.2,180082,0
0.100149,0,0.486614,18408.2,180082,0
0.100126,0,0.48661,18408.2,180082,0
0.0990816,0,0.0991927,18408,180080,0
0.0992995,0,0.0993029,18408.2,180082,0
0.0993301,0,0.09931,18408.2,180082,0
0.116053,0,0.291833,25066.5,246665,0
0.116095,0,0.291906,25066.5,246665,0
0.116095,0,0.291933,25066.5,246665,0
0.116061,0,0.291871,25066.5,246665,0
0.100147,0,0.486625,18408.2,180082,0
0.100128,0,0.486608,18408.2,180082,0
0.100163,0,0.486629,18408.2,180082,0
0.099288,0,0.0992761,18408.2,180082,0
0.0997341,0,0.09963,18406.8,180068,0
0.0993571,0,0.0993604,18408.2,180082,0
0.116087,0,0.291863,25066.5,246665,0
0.116068,0,0.291916,25066.5,246665,0
0.116113,0,0.291875,25066.5,246665,0
0.116069,0,0.291861,25066.5,246665,0
0.10013,0,0.486604,18408.2,180082,0
0.10014,0,0.486582,18408.2,180082,0
0.0998955,0,0.486836,18407.9,180079,0
0.0992711,0,0.0993622,18408.2,180082,0
0.0992653,0,0.0993119,18408.2,180082,0
0.0991903,0,0.0992068,18408.1,180081,0
0.116074,0,0.291905,25066.5,246665,0
0.11603,0,0.291998,25066.4,246664,0
0.116117,0,0.291929,25066.5,246665,0
0.11625,0,0.292052,25066,246660,0
0.0999874,0,0.486695,18408.3,180083,0
0.100062,0,0.486712,18408.3,180083,0
0.100015,0,0.486725,18408.3,180083,0
0.0993314,0,0.0993167,18408.2,180082,0
0.0993237,0,0.0993148,18408.2,180082,0
0.0992993,0,0.0992957,18408.2,180082,0
0.116123,0,0.292007,25066.4,246664,0
0.116105,0,0.291766,25066.4,246664,0
0.115896,0,0.291664,25066,246660,0
0.11608,0,0.291939,25066.5,246665,0
0.100122,0,0.486591,18408.2,180082,0
0.100013,0,0.486692,18408.3,180083,0
0.0999781,0,0.486693,18408.3,180083,0
0.0993258,0,0.0993096,18408.2,180082,0
0.0993119,0,0.0993139,18408.2,180082,0
0.0993237,0,0.0993644,18408.2,180082,0
0.116036,0,0.291883,25066.5,246665,0
0.116069,0,0.291884,25066.5,246665,0
0.11603,0,0.291814,25066.5,246665,0
0.116061,0,0.291798,25066.3,246663,0
0.100043,0,0.48671,18408.3,180083,0
0.0999776,0,0.48671,18408.3,180083,0
0.100015,0,0.486697,18408.3,180083,0
0.0991685,0,0.0993057,18408.1,180081,0
0.0993363,0,0.0993338,18408.2,180082,0
0.0993321,0,0.0993498,18408.2,180082,0
0.116123,0,0.291979,25066.5,246665,0
0.116115,0,0.291932,25066.5,246665,0
0.116017,0,0.29187,25066.4,246664,0
0.116274,0,0.292134,25065.7,246657,0
0.100022,0,0.486727,18408.3,180083,0
0.100009,0,0.486667,18408.3,180083,0
0.100053,0,0.486704,18408.3,180083,0
0.0991922,0,0.0992511,18408.1,180081,0
0.099262,0,0.0992195,18408.1,180081,0
0.0992976,0,0.0993027,18408.2,180082,0
0.116313,0,0.292127,25065.7,246657,0
0.115927,0,0.291694,25065.8,246658,0
0.115973,0,0.291719,25066,246660,0
0.116132,0,0.292081,25066.1,246661,0
0.100032,0,0.486689,18408.3,180083,0
0.100028,0,0.486676,18408.3,180083,0
0.100031,0,0.486773,18408.3,180083,0
0.0993557,0,0.0993611,18408.2,180082,0
0.09934,0,0.0993047,18408.2,180082,0
0.0992649,0,0.0992837,18408.2,180082,0
0.116291,0,0.291985,25066.2,246662,0
0.11589,0,0.291591,25065.4,246654,0
0.116115,0,0.29199,25066.4,246664,0
0.116036,0,0.291793,25066.3,246663,0
0.100047,0,0.486725,18408.3,180083,0
0.0999707,0,0.486735,18408.3,180083,0
0.100493,0,0.486534,18406.8,180068,0
0.0990927,0,0.0991628,18407.9,180079,0
0.0992671,0,0.0992511,18408.1,180081,0
0.0993282,0,0.0993145,18408.2,180082,0
0.116019,0,0.291804,25066.5,246665,0
0.116149,0,0.291994,25066.5,246665,0
0.116059,0,0.291816,25066.5,246665,0
0.116068,0,0.291865,25066.5,246665,0
0.0999593,0,0.486719,18408.3,180083,0
0.0999966,0,0.486783,18408.3,180083,0
0.100042,0,0.486675,18408.3,180083,0
0.0993531,0,0.0993149,18408.2,180082,0
0.0991849,0,0.0992365,18408.1,180081,0
0.0990041,0,0.0989662,18407.3,180073,0
0.116064,0,0.291898,25066.5,246665,0
0.116088,0,0.291873,25066.5,246665,0
0.116057,0,0.291847,25066.5,246665,0
0.115712,0,0.291132,25061.5,246615,0
0.100123,0,0.486612,18408.2,180082,0
0.100111,0,0.486587,18408.2,180082,0
0.100134,0,0.486595,18408.2,180082,0
0.0993573,0,0.0992875,18408.2,180082,0
0.0998727,0,0.0996693,18405.5,180055,0
0.0991113,0,0.0989877,18406.9,180069,0
0.116063,0,0.291929,25066.5,246665,0
0.116074,0,0.291858,25066.5,246665,0
0.116016,0,0.291811,25066.4,246664,0
0.116073,0,0.291848,25066.5,246665,0
0.100141,0,0.486667,18408.2,180082,0
0.100135,0,0.486608,18408.2,180082,0
0.100139,0,0.486615,18408.2,180082,0
0.0993783,0,0.0993603,18408.2,180082,0
0.0995284,0,0.0995962,18407.7,180077,0
0.0990898,0,0.0990464,18407.8,180078,0
0.116013,0,0.29178,25066.4,246664,0
0.116068,0,0.291864,25066.5,246665,0
0.11608,0,0.291882,25066.5,246665,0
0.116248,0,0.292108,25066.3,246663,0
0.100153,0,0.486621,18408.2,180082,0
0.0999264,0,0.486895,18408.1,180081,0
0.10041,0,0.486382,18407.2,180072,0
0.29189,0,0.115525,25064.7,246646,0
0.291782,0,0.116017,25066.5,246665,0
0.291833,0,0.116093,25066.6,246666,0
0.291374,0,0.29089,21931.6,215316,0
0.290861,0,0.291009,21933.1,215331,0
0.291037,0,0.290935,21933,215330,0
0.291298,0,0.290781,21932.1,215321,0
0.291796,0,0.470004,25066.4,246664,0
0.291831,0,0.470019,25066.4,246664,0
0.291254,0,0.469452,25062.3,246623,0
0.29188,0,0.116082,25066.6,246666,0
0.291943,0,0.116042,25066.5,246665,0
0.291971,0,0.11607,25066.5,246665,0
0.290961,0,0.290981,21933.1,215331,0
0.290752,0,0.290763,21932.6,215326,0
0.291032,0,0.290973,21933.1,215331,0
0.290978,0,0.291007,21933.1,215331,0
0.291803,0,0.470022,25066.4,246664,0
0.29181,0,0.470009,25066.4,246664,0
0.291891,0,0.470076,25066.3,246663,0
0.29191,0,0.116078,25066.6,246666,0
0.291925,0,0.116076,25066.6,246666,0
0.291809,0,0.116087,25066.5,246665,0
0.290961,0,0.290998,21933.1,215331,0
0.290751,0,0.290763,21932.6,215326,0
0.291032,0,0.290972,21933.1,215331,0
0.290977,0,0.291009,21933.1,215331,0
0.291715,0,0.469998,25066.4,246664,0
0.29186,0,0.470108,25066.3,246663,0
0.291812,0,0.47001,25066.4,246664,0
0.291621,0,0.116305,25065.5,246655,0
0.291911,0,0.11607,25066.6,246666,0
0.292024,0,0.116027,25066.4,246664,0
0.0987399,0,0.0985274,18403.4,180034,0
0.116008,0,0.291848,25066.4,246664,0
0.115954,0,0.291667,25065.8,246658,0
0.0999492,0,0.486737,18408.2,180082,0
0.291845,0,0.470026,25066.4,246664,0
0.291845,0,0.470026,25066.4,246664,0
0.291853,0,0.470104,25066.3,246663,0
0.291624,0,0.116204,25065.9,246659,0
0.292083,0,0.116147,25066.4,246664,0
0.292085,0,0.116148,25066.4,246664,0
0.0994193,0,0.0993831,18408.2,180082,0
0.116115,0,0.291781,25066.4,246664,0
0.115994,0,0.291808,25066.3,246663,0
0.0999121,0,0.486942,18407.7,180077,0
0.291839,0,0.470009,25066.4,246664,0
0.291839,0,0.470008,25066.4,246664,0
0.292167,0,0.470275,25064.7,246647,0
0.292107,0,0.115999,25066.2,246662,0
0.292258,0,0.115968,25065.2,246652,0
0.291782,0,0.116033,25066.6,246666,0
0.0993749,0,0.0993159,18408.2,180082,0
0.115987,0,0.291926,25066.4,246664,0
0.116001,0,0.291808,25066.4,246664,0
0.0995173,0,0.486932,18406.5,180065,0
0.292026,0,0.470253,25065.3,246653,0
0.292025,0,0.47026,25065.3,246653,0
0.291503,0,0.469712,25064.9,246649,0
0.292265,0,0.116303,25065.1,246651,0
0.29186,0,0.116091,25066.5,246665,0
0.291914,0,0.116059,25066.6,246666,0
0.099472,0,0.0994407,18407.5,180075,0
0.116178,0,0.291905,25066.5,246665,0
0.116131,0,0.292175,25065.5,246655,0
0.099212,0,0.486912,18404.5,180045,0
0.291775,0,0.470022,25066.4,246664,0
0.291833,0,0.470004,25066.4,246664,0
0.291763,0,0.469997,25066.4,246664,0
0.291559,0,0.115865,25065.2,246652,0
0.291898,0,0.116086,25066.6,246666,0
0.291914,0,0.116072,25066.6,246666,0
0.290437,0,0.291084,21931.4,215314,0
0.291109,0,0.290867,21932.8,215328,0
0.290926,0,0.291003,21933.1,215331,0
0.291255,0,0.290808,21932,215320,0
0.291848,0,0.470124,25066.3,246663,0
0.291714,0,0.469965,25066.3,246663,0
0.292159,0,0.470291,25064.5,246645,0
0.291969,0,0.116084,25066.5,246665,0
0.291909,0,0.116086,25066.6,246666,0
0.291964,0,0.1161,25066.6,246666,0
0.290321,0,0.291188,21930.1,215301,0
0.291128,0,0.290925,21932.7,215327,0
0.291103,0,0.290888,21932.9,215329,0
0.291167,0,0.290914,21932.7,215327,0
0.292324,0,0.470386,25063.9,246639,0
0.291933,0,0.469994,25066.4,246664,0
0.291554,0,0.469794,25065.5,246655,0
0.291929,0,0.11617,25066.5,246665,0
0.291903,0,0.116049,25066.6,246666,0
0.291783,0,0.11605,25066.5,246665,0
0.29095,0,0.291061,21933,215330,0
0.290803,0,0.290928,21932.7,215327,0
0.290746,0,0.290865,21932.7,215327,0
0.290474,0,0.291545,21929,215290,0
0.291455,0,0.469887,25065.4,246654,0
0.291419,0,0.469784,25065.3,246653,0
0.29117,0,0.470475,25061.3,246613,0
0.292018,0,0.116365,25065.8,246658,0
0.291895,0,0.11619,25066.5,246665,0
0.292015,0,0.115971,25066.4,246664,0
0.291168,0,0.291141,21932.4,215324,0
0.291014,0,0.290964,21933.1,215331,0
0.290979,0,0.290935,21933.1,215331,0
0.291081,0,0.290971,21933,215330,0
0.291915,0,0.470067,25066.3,246663,0
0.291772,0,0.46999,25066.4,246664,0
0.291855,0,0.469873,25066.3,246663,0
0.291928,0,0.116128,25066.6,246666,0
0.291874,0,0.116119,25066.6,246666,0
0.291833,0,0.116063,25066.5,246665,0
0.290995,0,0.291014,21933.1,215331,0
0.291024,0,0.29097,21933.1,215331,0
0.291089,0,0.290887,21932.9,215329,0
0.291013,0,0.290972,21933.1,215331,0
0.291855,0,0.470056,25066.4,246664,0
0.291858,0,0.469996,25066.4,246664,0
0.291849,0,0.469918,25066.3,246663,0
0.291954,0,0.116084,25066.6,246666,0
0.291761,0,0.116171,25066.3,246663,0
0.291919,0,0.116073,25066.6,246666,0
0.290995,0,0.291015,21933.1,215331,0
0.291001,0,0.290997,21933.1,215331,0
0.291059,0,0.290966,21933,215330,0
0.291012,0,0.290974,21933.1,215331,0
0.291763,0,0.470015,25066.4,246664,0
0.291803,0,0.469998,25066.4,246664,0
0.291777,0,0.469993,25066.4,246664,0
0.292096,0,0.115733,25065.3,246653,0
0.291841,0,0.116218,25066.5,246665,0
0.291798,0,0.116099,25066.5,246665,0
0.291928,0,0.11609,25066.5,246665,0
0.290796,0,0.291033,21932.8,215328,0
0.291028,0,0.29092,21933,215330,0
0.291753,0,0.46997,25066.3,246663,0
0.291846,0,0.470069,25066.4,246664,0
0.291814,0,0.470033,25066.4,246664,0
0.291888,0,0.470004,25066.4,246664,0
0.29201,0,0.116034,25066.4,246664,0
0.29204,0,0.116048,25066.3,246663,0
0.292015,0,0.116006,25066.5,246665,0
0.292014,0,0.116017,25066.5,246665,0
0.290994,0,0.290883,21933,215330,0
0.291065,0,0.290987,21933,215330,0
0.291702,0,0.469763,25066,246660,0
0.29178,0,0.469912,25066.3,246663,0
0.291794,0,0.470048,25066.4,246664,0
0.291912,0,0.470069,25066.4,246664,0
0.292087,0,0.116254,25066.1,246661,0
0.291642,0,0.11627,25065.6,246656,0
0.292171,0,0.115925,25066,246660,0
0.291692,0,0.116093,25066.1,246661,0
0.290729,0,0.290998,21932.9,215329,0
0.291024,0,0.290782,21932.8,215328,0
0.291765,0,0.470115,25066.4,246664,0
0.291784,0,0.470036,25066.4,246664,0
0.291809,0,0.470064,25066.4,246664,0
0.291273,0,0.469757,25064,246640,0
0.292047,0,0.116077,25066.5,246665,0
0.292074,0,0.116044,25066.4,246664,0
0.292034,0,0.115945,25066.4,246664,0
0.291912,0,0.116211,25066.4,246664,0
0.290781,0,0.29106,21932.9,215329,0
0.291012,0,0.290992,21933.1,215331,0
0.291721,0,0.469962,25066.4,246664,0
0.291731,0,0.469925,25066.4,246664,0
0.291822,0,0.469973,25066.4,246664,0
0.291833,0,0.469984,25066.4,246664,0
0.291998,0,0.116073,25066.5,246665,0
0.291901,0,0.116081,25066.6,246666,0
0.291916,0,0.116066,25066.5,246665,0
0.290972,0,0.290982,21933.1,215331,0
0.29105,0,0.29099,21933,215330,0
0.290975,0,0.290974,21933.1,215331,0
0.290912,0,0.290925,21933.1,215331,0
0.291671,0,0.469804,25066.1,246661,0
0.291649,0,0.469896,25066.2,246662,0
0.291907,0,0.470044,25066.4,246664,0
0.291704,0,0.116109,25066.4,246664,0
0.291399,0,0.115827,25064.4,246644,0
0.291783,0,0.116014,25066.5,246665,0
0.291004,0,0.290963,21933.1,215331,0
0.290948,0,0.291009,21933.1,215331,0
0.291044,0,0.290884,21933,215330,0
0.291048,0,0.290893,21933,215330,0
0.29177,0,0.469997,25066.4,246664,0
0.291775,0,0.469921,25066.4,246664,0
0.291706,0,0.469947,25066.4,246664,0
0.292055,0,0.116099,25066.4,246664,0
0.291815,0,0.116124,25066.5,246665,0
0.291913,0,0.116067,25066.6,246666,0
0.290381,0,0.291676,21927.7,215277,0
0.290552,0,0.291095,21931.6,215316,0
0.291047,0,0.290979,21933.1,215331,0
0.291092,0,0.290963,21933,215330,0
0.291996,0,0.470163,25065.7,246657,0
0.292391,0,0.470403,25062.5,246625,0
0.291584,0,0.469724,25065.6,246656,0
0.291641,0,0.115962,25066.1,246661,0
0.292127,0,0.116102,25066.2,246662,0
0.291891,0,0.116074,25066.6,246666,0
0.290928,0,0.291112,21932.9,215329,0
0.291025,0,0.290942,21933,215330,0
0.291024,0,0.290972,21933.1,215331,0
0.290656,0,0.290885,21932.4,215324,0
0.291859,0,0.470072,25066.4,246664,0
0.291789,0,0.46997,25066.4,246664,0
0.291843,0,0.469975,25066.4,246664,0
0.291878,0,0.116092,25066.6,246666,0
0.291911,0,0.116042,25066.6,246666,0
0.291914,0,0.116084,25066.6,246666,0
0.291041,0,0.29102,21933.1,215331,0
0.290976,0,0.290929,21933.1,215331,0
0.291044,0,0.291087,21933,215330,0
0.291035,0,0.290978,21933.1,215331,0
0.29185,0,0.469982,25066.4,246664,0
0.291831,0,0.469914,25066.4,246664,0
0.29184,0,0.469988,25066.4,246664,0
0.291939,0,0.116054,25066.6,246666,0
0.291925,0,0.116051,25066.6,246666,0
0.292,0,0.116093,25066.5,246665,0
0.291045,0,0.290933,21933,215330,0
0.291087,0,0.290959,21933,215330,0
0.29105,0,0.291044,21933,215330,0
0.291013,0,0.290949,21933.1,215331,0
0.29184,0,0.469981,25066.4,246664,0
0.291825,0,0.47,25066.4,246664,0
0.291889,0,0.470067,25066.4,246664,0
0.291593,0,0.115971,25065.5,246655,0
0.291895,0,0.115902,25066.5,246665,0
0.291789,0,0.116057,25066.5,246665,0
0.291484,0,0.115861,25065,246650,0
0.291378,0,0.29075,21931.4,215314,0
0.290554,0,0.291046,21931.7,215317,0
0.291926,0,0.47033,25065.4,246654,0
0.291863,0,0.46998,25066.4,246664,0
0.292198,0,0.470308,25064.5,246645,0
0.291787,0,0.46999,25066.4,246664,0
0.292015,0,0.116092,25066.5,246665,0
0.291824,0,0.116089,25066.5,246665,0
0.291935,0,0.116068,25066.6,246666,0
0.291644,0,0.116147,25065.8,246658,0
0.290912,0,0.291087,21933,215330,0
0.291291,0,0.290827,21932.6,215326,0
0.291828,0,0.470075,25066.4,246664,0
0.291813,0,0.469973,25066.4,246664,0
0.291804,0,0.470037,25066.4,246664,0
0.291934,0,0.470178,25066.3,246663,0
0.291846,0,0.116083,25066.6,246666,0
0.291879,0,0.11608,25066.6,246666,0
0.291987,0,0.116067,25066.5,246665,0
0.29214,0,0.116082,25066.3,246663,0
0.29081,0,0.290817,21932.8,215328,0
0.291347,0,0.290667,21931.8,215318,0
0.29183,0,0.470015,25066.4,246664,0
0.291821,0,0.469977,25066.4,246664,0
0.291817,0,0.469996,25066.4,246664,0
0.291762,0,0.469964,25066.4,246664,0
0.291783,0,0.116056,25066.5,246665,0
0.291864,0,0.116084,25066.6,246666,0
0.291924,0,0.116177,25066.5,246665,0
0.291095,0,0.116031,25061.9,246619,0
0.291632,0,0.290833,21930.5,215305,0
0.290702,0,0.291168,21932.1,215320,0
0.291434,0,0.469745,25065.1,246651,0
0.2916,0,0.469877,25066.2,246662,0
0.292107,0,0.470271,25065.5,246655,0
0.291997,0,0.470328,25065.6,246656,0
0.291885,0,0.116052,25066.6,246666,0
0.291904,0,0.116086,25066.6,246666,0
0.291903,0,0.116161,25066.5,246665,0
0.290776,0,0.290996,21932.7,215327,0
0.290967,0,0.291097,21933,215330,0
0.290897,0,0.291076,21933,215330,0
0.290451,0,0.291259,21930.9,215309,0
0.29162,0,0.469895,25065.9,246659,0
0.292096,0,0.470153,25065.5,246655,0
0.291808,0,0.470046,25066.4,246664,0
0.291894,0,0.116104,25066.6,246666,0
0.291859,0,0.116073,25066.5,246665,0
0.291903,0,0.116083,25066.6,246666,0
0.290583,0,0.291069,21932.1,215321,0
0.291108,0,0.291034,21932.9,215329,0
0.290928,0,0.291004,21933,215330,0
0.291575,0,0.290668,21930.1,215300,0
0.29178,0,0.469979,25066.4,246664,0
0.292452,0,0.47041,25062.2,246622,0
0.291624,0,0.469846,25066,246660,0
0.292048,0,0.116255,25066.2,246662,0
0.291958,0,0.116124,25066.6,246666,0
0.291904,0,0.11608,25066.6,246666,0
0.290547,0,0.29073,21931.9,215319,0
0.291006,0,0.290968,21933.1,215331,0
0.291175,0,0.290935,21932.9,215329,0
0.291079,0,0.290787,21932.9,215329,0
0.292001,0,0.470086,25066,246660,0
0.292129,0,0.470309,25064.9,246649,0
0.291732,0,0.469733,25065.9,246659,0
0.291851,0,0.116114,25066.4,246664,0
0.291976,0,0.11607,25066.6,246666,0
0.292096,0,0.116253,25066,246660,0
0.291156,0,0.291087,21932.8,215328,0
0.291093,0,0.290984,21932.9,215330,0
0.290835,0,0.290861,21933.1,215331,0
0.290543,0,0.291138,21931.7,215317,0
0.291972,0,0.470147,25066,246660,0
0.29166,0,0.469907,25066.2,246662,0
0.292264,0,0.470167,25064.5,246645,0
0.291784,0,0.116037,25066.4,246664,0
0.2919,0,0.116084,25066.6,246666,0
0.291918,0,0.116086,25066.6,246666,0
0.290777,0,0.29088,21932.9,215329,0
0.290957,0,0.290994,21933.1,215331,0
0.291051,0,0.290979,21933,215330,0
0.291219,0,0.290887,21932.7,215327,0
0.29181,0,0.46997,25066.4,246664,0
0.291859,0,0.470014,25066.4,246664,0
0.291925,0,0.470005,25066.4,246664,0
0.291901,0,0.11607,25066.6,246666,0
0.291895,0,0.11611,25066.6,246666,0
0.291847,0,0.11615,25066.5,246665,0
0.29078,0,0.290878,21932.9,215329,0
0.290947,0,0.290993,21933.1,215331,0
0.291054,0,0.290981,21933,215330,0
0.291224,0,0.290888,21932.7,215327,0
0.291814,0,0.469941,25066.3,246663,0
0.291752,0,0.469955,25066.4,246664,0
0.291765,0,0.470018,25066.4,246664,0
0.291289,0,0.116257,25063.4,246634,0
0.291884,0,0.116057,25066.6,246666,0
0.292166,0,0.115966,25065.9,246659,0
0.487044,0,0.0994975,18406.2,180062,0
0.469684,0,0.292064,25065.1,246651,0
0.470153,0,0.291773,25066.2,246662,0
0.48613,0,0.486035,18408.3,180083,0
0.291837,0,0.470009,25066.4,246664,0
0.291781,0,0.470005,25066.4,246664,0
0.291807,0,0.470043,25066.4,246664,0
0.292384,0,0.115961,25064.6,246646,0
0.292477,0,0.116016,25064.6,246646,0
0.291732,0,0.11579,25065.9,246659,0
0.486715,0,0.100198,18408.2,180082,0
0.470064,0,0.291916,25066.5,246665,0
0.470176,0,0.2919,25066.3,246663,0
0.486239,0,0.485988,18408.3,180083,0
0.291768,0,0.470114,25066.4,246664,0
0.291831,0,0.470015,25066.4,246664,0
0.291312,0,0.469732,25064.1,246641,0
0.292185,0,0.116175,25066,246660,0
0.291914,0,0.116086,25066.6,246666,0
0.291776,0,0.116105,25066.4,246664,0
0.486664,0,0.0999418,18408.2,180082,0
0.47043,0,0.291675,25065.5,246655,0
0.469912,0,0.291873,25066.5,246665,0
0.48593,0,0.486139,18408.3,180083,0
0.291756,0,0.469987,25066.4,246664,0
0.291838,0,0.470024,25066.4,246664,0
0.291813,0,0.470004,25066.4,246664,0
0.292138,0,0.116063,25066.1,246661,0
0.291737,0,0.116044,25066.4,246664,0
0.291835,0,0.116082,25066.6,246666,0
0.48674,0,0.0999547,18408.3,180083,0
0.469959,0,0.291795,25066.5,246665,0
0.469494,0,0.291871,25064.2,246642,0
0.486094,0,0.486008,18408.4,180084,0
0.291807,0,0.469989,25066.4,246664,0
0.291641,0,0.47,25066.3,246663,0
0.291824,0,0.469971,25066.4,246664,0
0.291822,0,0.116097,25066.5,246665,0
0.291913,0,0.116087,25066.6,246666,0
0.291908,0,0.116107,25066.6,246666,0
0.291026,0,0.291038,21933.1,215330,0
0.290813,0,0.290937,21933.1,215331,0
0.291005,0,0.291013,21933.1,215331,0
0.291041,0,0.29087,21933,215330,0
0.291525,0,0.469839,25065.9,246659,0
0.291639,0,0.469906,25066.2,246662,0
0.291432,0,0.469736,25064.9,246649,0
0.291927,0,0.116047,25066.6,246666,0
0.292012,0,0.116049,25066.5,246665,0
0.291902,0,0.116086,25066.6,246666,0
0.291049,0,0.290998,21933.1,215331,0
0.29087,0,0.290912,21933,215330,0
0.290995,0,0.29101,21933.1,215331,0
0.291186,0,0.290925,21932.7,215327,0
0.291828,0,0.469983,25066.4,246664,0
0.291502,0,0.469873,25065.4,246654,0
0.291846,0,0.470089,25066.3,246663,0
0.291737,0,0.116029,25066.5,246665,0
0.291897,0,0.116081,25066.6,246666,0
0.291993,0,0.116053,25066.5,246665,0
0.290744,0,0.29117,21932.2,215322,0
0.290944,0,0.291091,21933,215330,0
0.290773,0,0.291063,21932.7,215327,0
0.290707,0,0.290965,21932.7,215327,0
0.291683,0,0.469933,25066.4,246664,0
0.291819,0,0.470111,25066.3,246663,0
0.291527,0,0.469695,25064.7,246647,0
0.486666,0,0.0999368,18408.2,180082,0
0.48665,0,0.100343,18407.7,180077,0
0.486695,0,0.100009,18408.3,180083,0
0.469899,0,0.291821,25066.4,246664,0
0.469934,0,0.29182,25066.5,246665,0
0.46999,0,0.291831,25066.5,246665,0
0.470528,0,0.291694,25065,246650,0
0.485695,0,0.486135,18407.5,180075,0
0.486071,0,0.486033,18408.4,180084,0
0.486104,0,0.486084,18408.4,180084,0
0.48657,0,0.0998133,18408,180080,0
0.486672,0,0.100067,18408.3,180083,0
0.486685,0,0.100106,18408.3,180083,0
0.469994,0,0.29178,25066.5,246665,0
0.469931,0,0.291809,25066.5,246665,0
0.47006,0,0.291761,25066.5,246665,0
0.469997,0,0.291826,25066.5,246665,0
0.486067,0,0.486048,18408.4,180084,0
0.486061,0,0.486052,18408.4,180084,0
0.486086,0,0.486063,18408.4,180084,0
0.486773,0,0.100115,18408.3,180083,0
0.486588,0,0.100047,18408.3,180083,0
0.486702,0,0.10002,18408.3,180083,0
0.470004,0,0.291809,25066.5,246665,0
0.46995,0,0.291882,25066.4,246664,0
0.470007,0,0.291794,25066.5,246665,0
0.469953,0,0.291834,25066.5,246665,0
0.485987,0,0.486065,18408.4,180084,0
0.486055,0,0.486098,18408.4,180084,0
0.486145,0,0.486114,18408.4,180084,0
0.486691,0,0.100118,18408.3,180083,0
0.48671,0,0.100046,18408.3,180083,0
0.486697,0,0.100054,18408.3,180083,0
0.469656,0,0.2917,25065.9,246659,0
0.469978,0,0.291796,25066.5,246665,0
0.470069,0,0.291783,25066.4,246664,0
0.470202,0,0.291794,25066.2,246662,0
0.485974,0,0.48604,18408.4,180084,0
0.485976,0,0.486054,18408.4,180084,0
0.486197,0,0.486122,18408.4,180084,0
0.486658,0,0.100088,18408.3,180083,0
0.486721,0,0.100048,18408.3,180083,0
0.486697,0,0.100068,18408.3,180083,0
0.470561,0,0.291906,25064.5,246645,0
0.469892,0,0.2918,25066.4,246664,0
0.47004,0,0.291756,25066.5,246665,0
0.469993,0,0.291779,25066.5,246665,0
0.486128,0,0.486008,18408.4,180084,0
0.486037,0,0.486068,18408.4,180084,0
0.486118,0,0.486062,18408.4,180084,0
0.486698,0,0.100086,18408.3,180083,0
0.48666,0,0.100092,18408.3,180083,0
0.486695,0,0.100094,18408.3,180083,0
0.469952,0,0.291749,25066.5,246665,0
0.470041,0,0.291818,25066.5,246665,0
0.470101,0,0.291777,25066.5,246665,0
0.470138,0,0.291644,25066.4,246664,0
0.486061,0,0.486035,18408.4,180084,0
0.485961,0,0.486143,18408.3,180083,0
0.485971,0,0.48595,18408.3,180083,0
0.48675,0,0.100159,18408.2,180082,0
0.486663,0,0.100101,18408.3,180083,0
0.486687,0,0.100023,18408.3,180083,0
0.469618,0,0.292031,25064.9,246649,0
0.469954,0,0.291783,25066.5,246665,0
0.469983,0,0.29181,25066.5,246665,0
0.469717,0,0.291898,25065.5,246655,0
0.4861,0,0.486109,18408.4,180084,0
0.486061,0,0.486116,18408.4,180084,0
0.486057,0,0.486032,18408.4,180084,0
0.486606,0,0.0996785,18407.7,180077,0
0.48669,0,0.0999113,18408.3,180083,0
0.486688,0,0.0998995,18408.3,180083,0
0.469909,0,0.291809,25066.5,246665,0
0.469409,0,0.291872,25063.8,246638,0
0.470346,0,0.291764,25065.7,246657,0
0.470516,0,0.29173,25064.8,246648,0
0.486058,0,0.486052,18408.4,180084,0
0.486043,0,0.486057,18408.4,180084,0
0.486067,0,0.486075,18408.4,180084,0
0.486677,0,0.0998956,18408.2,180082,0
0.486689,0,0.0998935,18408.2,180082,0
0.486627,0,0.0998552,18408.2,180082,0
0.470101,0,0.291725,25066.5,246665,0
0.469961,0,0.29183,25066.4,246664,0
0.470047,0,0.291796,25066.5,246665,0
0.470003,0,0.291786,25066.5,246665,0
0.486023,0,0.48606,18408.4,180084,0
0.486008,0,0.486053,18408.4,180084,0
0.48603,0,0.486113,18408.4,180084,0
0.486551,0,0.0997615,18407.7,180077,0
0.486701,0,0.0999024,18408.2,180082,0
0.486682,0,0.0998938,18408.2,180082,0
0.470148,0,0.29166,25066.2,246662,0
0.47019,0,0.291728,25066.3,246663,0
0.470211,0,0.291809,25066.4,246664,0
0.470047,0,0.291779,25066.5,246665,0
0.485993,0,0.486071,18408.4,180084,0
0.48606,0,0.48606,18408.4,180084,0
0.486056,0,0.486061,18408.4,180084,0
0.486711,0,0.100098,18408.3,180083,0
0.486712,0,0.100069,18408.3,180083,0
0.486729,0,0.100095,18408.3,180083,0
0.469957,0,0.291794,25066.5,246665,0
0.470004,0,0.291785,25066.5,246665,0
0.469851,0,0.291893,25066.3,246663,0
0.470025,0,0.291786,25066.5,246665,0
0.486076,0,0.486103,18408.4,180084,0
0.486055,0,0.486043,18408.4,180084,0
0.486054,0,0.48606,18408.4,180084,0
0.486752,0,0.100037,18408.3,180083,0
0.486678,0,0.100028,18408.3,180083,0
0.486675,0,0.10007,18408.3,180083,0
0.469988,0,0.29179,25066.5,246665,0
0.469995,0,0.2918,25066.5,246665,0
0.470013,0,0.291782,25066.5,246665,0
0.470006,0,0.291824,25066.5,246665,0
0.486076,0,0.486097,18408.4,180084,0
0.485977,0,0.486028,18408.4,180084,0
0.486051,0,0.486054,18408.4,180084,0
0.486817,0,0.100272,18407.7,180077,0
0.486713,0,0.100025,18408.3,180083,0
0.486694,0,0.100141,18408.3,180083,0
0.469992,0,0.291785,25066.5,246665,0
0.470103,0,0.291777,25066.5,246665,0
0.470054,0,0.291776,25066.5,246665,0
0.470022,0,0.291799,25066.5,246665,0
0.486097,0,0.486082,18408.4,180084,0
0.485974,0,0.486085,18408.4,180084,0
0.486365,0,0.486257,18407.8,180078,0
0.486689,0,0.100075,18408.3,180083,0
0.486717,0,0.100115,18408.3,180083,0
0.486681,0,0.100087,18408.3,180083,0
0.469601,0,0.292097,25064.8,246648,0
0.470077,0,0.291782,25066.5,246665,0
0.470027,0,0.291781,25066.5,246665,0
0.470029,0,0.291727,25066.5,246665,0
0.486081,0,0.486412,18407.7,180077,0
0.486069,0,0.486083,18408.4,180084,0
0.4862,0,0.486082,18408.3,180083,0
0.486724,0,0.100083,18408.3,180083,0
0.486711,0,0.100075,18408.3,180083,0
0.486709,0,0.100098,18408.3,180083,0
0.47018,0,0.291781,25066.4,246664,0
0.470111,0,0.29185,25066.4,246664,0
0.4699,0,0.291798,25066.4,246664,0
0.470321,0,0.291782,25065.7,246657,0
0.486084,0,0.486084,18408.4,180084,0
0.486141,0,0.48615,18408.4,180084,0
0.486117,0,0.48606,18408.4,180084,0
0.486658,0,0.100075,18408.3,180083,0
0.486699,0,0.100065,18408.3,180083,0
0.486647,0,0.100218,18407.9,180079,0
0.469983,0,0.291797,25066.5,246665,0
0.469969,0,0.291806,25066.5,246665,0
0.469912,0,0.291863,25066.4,246664,0
0.470053,0,0.2918,25066.5,246665,0
0.486303,0,0.486118,18408.2,180082,0
0.48601,0,0.486091,18408.4,180084,0
0.485931,0,0.486048,18408.3,180083,0
0.486726,0,0.0998966,18408.3,180083,0
0.486666,0,0.100084,18408.3,180083,0
0.486723,0,0.100044,18408.3,180083,0
0.470087,0,0.2917,25066.4,246664,0
0.469982,0,0.29181,25066.5,246665,0
0.469965,0,0.291818,25066.5,246665,0
0.469722,0,0.291899,25065.6,246656,0
0.486198,0,0.486149,18408.3,180083,0
0.486135,0,0.486105,18408.4,180084,0
0.486026,0,0.486088,18408.4,180084,0
0.486604,0,0.100114,18408.3,180083,0
0.486621,0,0.100263,18408.1,180081,0
0.4866,0,0.0999199,18408.3,180083,0
0.469865,0,0.29185,25066.2,246662,0
0.469893,0,0.29182,25066.4,246664,0
0.470048,0,0.291828,25066.5,246665,0
0.470193,0,0.291919,25066.2,246662,0
0.486053,0,0.486062,18408.4,180084,0
0.486057,0,0.486065,18408.4,180084,0
0.486054,0,0.486066,18408.4,180084,0
0.486691,0,0.0999402,18408.3,180083,0
0.486748,0,0.100135,18408.3,180083,0
0.487032,0,0.0997849,18407.3,180073,0
0.470142,0,0.291798,25066.4,246664,0
0.469984,0,0.291882,25066.4,246664,0
0.469638,0,0.291865,25065.5,246655,0
0.47003,0,0.291802,25066.5,246665,0
0.48609,0,0.486132,18408.4,180084,0
0.486063,0,0.486052,18408.4,180084,0
0.48606,0,0.48607,18408.4,180084,0
0.486677,0,0.0998592,18408.2,180082,0
0.486663,0,0.0998624,18408.2,180082,0
0.486669,0,0.100454,18407.3,180073,0
0.469818,0,0.291878,25066.4,246664,0
0.469604,0,0.291796,25065.5,246655,0
0.469891,0,0.291767,25066.5,246665,0
0.470163,0,0.29167,25066.2,246662,0
0.486058,0,0.48605,18408.4,180084,0
0.486065,0,0.486044,18408.4,180084,0
0.486135,0,0.486054,18408.4,180084,0
0.486592,0,0.0997801,18408,180080,0
0.486848,0,0.100039,18408.2,180082,0
0.486676,0,0.0998057,18408.2,180082,0
0.470065,0,0.291885,25066.4,246664,0
0.470004,0,0.291797,25066.5,246665,0
0.47029,0,0.291849,25065.8,246658,0
0.469751,0,0.291988,25065.3,246653,0
0.486258,0,0.486202,18408,180080,0
0.486024,0,0.486054,18408.4,180084,0
0.486122,0,0.486112,18408.4,180084,0
0.486705,0,0.100036,18408.3,180083,0
0.486846,0,0.100521,18407.1,180070,0
0.486661,0,0.100076,18408.3,180083,0
0.470116,0,0.29176,25066.5,246665,0
0.470031,0,0.291798,25066.5,246665,0
0.470064,0,0.291859,25066.5,246665,0
0.469753,0,0.291647,25065.9,246659,0
0.486076,0,0.486045,18408.4,180084,0
0.486116,0,0.48601,18408.4,180084,0
0.486263,0,0.4862,18408.2,180082,0
0.486708,0,0.100294,18407.9,180079,0
0.486696,0,0.100095,18408.3,180083,0
0.486716,0,0.100109,18408.3,180083,0
0.470022,0,0.29177,25066.5,246665,0
0.469996,0,0.291798,25066.5,246665,0
0.469975,0,0.291794,25066.5,246665,0
0.469963,0,0.291757,25066.5,246665,0
0.486147,0,0.486104,18408.4,180084,0
0.486281,0,0.485993,18408.1,180081,0
0.48616,0,0.486041,18408.4,180084,0
0.486716,0,0.100081,18408.3,180083,0
0.486696,0,0.10009,18408.3,180083,0
0.486693,0,0.100038,18408.3,180083,0
0.469925,0,0.292116,25065.8,246658,0
0.47,0,0.291871,25066.4,246664,0
0.470228,0,0.291436,25065.5,246655,0
0.469983,0,0.291827,25066.5,246665,0
0.486202,0,0.486138,18408.4,180084,0
0.485973,0,0.485984,18408.4,180084,0
0.486144,0,0.486084,18408.4,180084,0
0.486308,0,0.0999897,18407.5,180075,0
0.486662,0,0.100092,18408.3,180083,0
0.486721,0,0.100048,18408.3,180083,0
0.470206,0,0.291667,25065.8,246658,0
0.469903,0,0.29188,25066.5,246665,0
0.470798,0,0.291833,25062.3,246623,0
0.469841,0,0.292165,25065.5,246655,0
0.486074,0,0.486054,18408.4,180084,0
0.485975,0,0.486117,18408.3,180083,0
0.48606,0,0.486093,18408.4,180084,0
0.48667,0,0.100098,18408.3,180083,0
0.486687,0,0.100104,18408.3,180083,0
0.486723,0,0.10013,18408.3,180083,0
0.470183,0,0.291837,25066.4,246664,0
0.470078,0,0.291611,25065.9,246659,0
0.469952,0,0.29185,25066.5,246665,0
0.46997,0,0.291796,25066.5,246665,0
0.486036,0,0.486237,18408.2,180082,0
0.48612,0,0.486175,18408.4,180084,0
0.486002,0,0.485786,18408,180080,0
0.486589,0,0.0997715,18407.9,180079,0
0.486668,0,0.100023,18408.3,180083,0
0.4867,0,0.100123,18408.3,180083,0
0.469958,0,0.291802,25066.5,246665,0
0.470318,0,0.291546,25065.4,246654,0
0.470025,0,0.291851,25066.5,246665,0
0.469969,0,0.29179,25066.5,246665,0
0.486027,0,0.486036,18408.4,180084,0
0.486105,0,0.486095,18408.4,180084,0
0.486127,0,0.486109,18408.4,180084,0
0.4867,0,0.10003,18408.3,180083,0
0.486685,0,0.0998998,18408.2,180082,0
0.486708,0,0.0998959,18408.2,180082,0
0.469982,0,0.291766,25066.5,246665,0
0.470079,0,0.291793,25066.5,246665,0
0.470328,0,0.29156,25065.5,246655,0
0.469717,0,0.291875,25065.7,246657,0
0.486066,0,0.486058,18408.4,180084,0
0.48605,0,0.486062,18408.4,180084,0
0.486058,0,0.486048,18408.4,180084,0
0.48669,0,0.0998932,18408.2,180082,0
0.486675,0,0.099886,18408.2,180082,0
0.48668,0,0.0998992,18408.2,180082,0
0.470097,0,0.291745,25066.5,246665,0
0.470466,0,0.291609,25064.9,246649,0
0.469996,0,0.291804,25066.5,246665,0
0.470435,0,0.291714,25065.1,246651,0
0.486058,0,0.486019,18408.4,180084,0
0.486051,0,0.486053,18408.4,180084,0
0.486055,0,0.486059,18408.4,180084,0
0.486717,0,0.100108,18408.3,180083,0
0.486686,0,0.0998827,18408.2,180082,0
0.486684,0,0.0999003,18408.2,180082,0
0.470025,0,0.291998,25066.4,246664,0
0.470173,0,0.291784,25066.1,246661,0
0.469931,0,0.291766,25066.4,246664,0
0.469475,0,0.2917,25064.1,246641,0
0.486004,0,0.486091,18408.4,180084,0
0.486054,0,0.486054,18408.4,180084,0
0.486086,0,0.486088,18408.4,180084,0
